Price,Adj Close,Close,High,Low,Open,Volume,Ticker,Time Frame
Ticker,D,D,D,D,D,D,,
Date,,,,,,,,
2006-04-03 00:00:00+00:00,16.52431869506836,35.20000076293945,35.29999923706055,34.36000061035156,34.404998779296875,3759000,DF,2006-04-03 to 2013-05-24
2006-04-04 00:00:00+00:00,16.83180809020996,35.85499954223633,35.904998779296875,35.0,35.150001525878906,4041200,DF,2006-04-03 to 2013-05-24
2006-04-05 00:00:00+00:00,16.883440017700195,35.96500015258789,36.02000045776367,35.65999984741211,35.775001525878906,2804600,DF,2006-04-03 to 2013-05-24
2006-04-06 00:00:00+00:00,16.768428802490234,35.720001220703125,35.974998474121094,35.32500076293945,35.96500015258789,2699600,DF,2006-04-03 to 2013-05-24
2006-04-07 00:00:00+00:00,16.655765533447266,35.47999954223633,35.72999954223633,35.310001373291016,35.66999816894531,3094800,DF,2006-04-03 to 2013-05-24
2006-04-10 00:00:00+00:00,16.899871826171875,36.0,36.375,35.45000076293945,35.505001068115234,3676600,DF,2006-04-03 to 2013-05-24
2006-04-11 00:00:00+00:00,16.817726135253906,35.82500076293945,36.209999084472656,35.76499938964844,36.04499816894531,2721200,DF,2006-04-03 to 2013-05-24
2006-04-12 00:00:00+00:00,16.782516479492188,35.75,36.064998626708984,35.54499816894531,35.83000183105469,2690800,DF,2006-04-03 to 2013-05-24
2006-04-13 00:00:00+00:00,16.61116600036621,35.3849983215332,35.814998626708984,35.255001068115234,35.75,2133600,DF,2006-04-03 to 2013-05-24
2006-04-17 00:00:00+00:00,16.700366973876953,35.57500076293945,35.599998474121094,35.220001220703125,35.220001220703125,2644200,DF,2006-04-03 to 2013-05-24
2006-04-18 00:00:00+00:00,17.23552131652832,36.71500015258789,36.77000045776367,35.59000015258789,35.60499954223633,3984000,DF,2006-04-03 to 2013-05-24
2006-04-19 00:00:00+00:00,17.244915008544922,36.73500061035156,36.84000015258789,36.5,36.665000915527344,2492000,DF,2006-04-03 to 2013-05-24
2006-04-20 00:00:00+00:00,17.22614860534668,36.69499969482422,37.310001373291016,36.619998931884766,36.67499923706055,4032400,DF,2006-04-03 to 2013-05-24
2006-04-21 00:00:00+00:00,17.437379837036133,37.14500045776367,37.275001525878906,36.625,36.92499923706055,6572400,DF,2006-04-03 to 2013-05-24
2006-04-24 00:00:00+00:00,17.381044387817383,37.025001525878906,37.125,36.845001220703125,37.02000045776367,3506000,DF,2006-04-03 to 2013-05-24
2006-04-25 00:00:00+00:00,17.411561965942383,37.09000015258789,37.20500183105469,36.814998626708984,36.92499923706055,3755600,DF,2006-04-03 to 2013-05-24
2006-04-26 00:00:00+00:00,17.46320343017578,37.20000076293945,37.375,37.095001220703125,37.349998474121094,4325800,DF,2006-04-03 to 2013-05-24
2006-04-27 00:00:00+00:00,17.643936157226562,37.584999084472656,37.875,36.880001068115234,37.20000076293945,4521800,DF,2006-04-03 to 2013-05-24
2006-04-28 00:00:00+00:00,17.57352638244629,37.435001373291016,37.54999923706055,37.25,37.459999084472656,4119800,DF,2006-04-03 to 2013-05-24
2006-05-01 00:00:00+00:00,17.446779251098633,37.165000915527344,37.59000015258789,37.07500076293945,37.44499969482422,3399200,DF,2006-04-03 to 2013-05-24
2006-05-02 00:00:00+00:00,17.54066276550293,37.3650016784668,37.474998474121094,36.96500015258789,37.25,3727400,DF,2006-04-03 to 2013-05-24
2006-05-03 00:00:00+00:00,17.47728157043457,37.22999954223633,37.474998474121094,36.79999923706055,37.3650016784668,3086200,DF,2006-04-03 to 2013-05-24
2006-05-04 00:00:00+00:00,17.45381736755371,37.18000030517578,37.64500045776367,37.130001068115234,37.314998626708984,2477400,DF,2006-04-03 to 2013-05-24
2006-05-05 00:00:00+00:00,17.815288543701172,37.95000076293945,38.0099983215332,37.334999084472656,37.375,2550800,DF,2006-04-03 to 2013-05-24
2006-05-08 00:00:00+00:00,17.57117462158203,37.43000030517578,37.80500030517578,37.28499984741211,37.70000076293945,2232800,DF,2006-04-03 to 2013-05-24
2006-05-09 00:00:00+00:00,17.430341720581055,37.130001068115234,37.369998931884766,37.119998931884766,37.30500030517578,2796400,DF,2006-04-03 to 2013-05-24
2006-05-10 00:00:00+00:00,17.728439331054688,37.76499938964844,37.845001220703125,37.0,37.1349983215332,3279000,DF,2006-04-03 to 2013-05-24
2006-05-11 00:00:00+00:00,17.634550094604492,37.564998626708984,37.82500076293945,37.2400016784668,37.79999923706055,2002400,DF,2006-04-03 to 2013-05-24
2006-05-12 00:00:00+00:00,17.268381118774414,36.78499984741211,37.505001068115234,36.71500015258789,37.5,2548200,DF,2006-04-03 to 2013-05-24
2006-05-15 00:00:00+00:00,17.214405059814453,36.66999816894531,36.94499969482422,36.380001068115234,36.78499984741211,2706800,DF,2006-04-03 to 2013-05-24
2006-05-16 00:00:00+00:00,17.038360595703125,36.29499816894531,36.720001220703125,36.279998779296875,36.68000030517578,2531600,DF,2006-04-03 to 2013-05-24
2006-05-17 00:00:00+00:00,16.85997772216797,35.915000915527344,36.369998931884766,35.78499984741211,36.02000045776367,3914400,DF,2006-04-03 to 2013-05-24
2006-05-18 00:00:00+00:00,16.845884323120117,35.8849983215332,36.27000045776367,35.51499938964844,35.51499938964844,1907000,DF,2006-04-03 to 2013-05-24
2006-05-19 00:00:00+00:00,17.289512634277344,36.83000183105469,36.9900016784668,36.060001373291016,36.18000030517578,4461400,DF,2006-04-03 to 2013-05-24
2006-05-22 00:00:00+00:00,17.237869262695312,36.720001220703125,37.0,36.255001068115234,36.915000915527344,4848600,DF,2006-04-03 to 2013-05-24
2006-05-23 00:00:00+00:00,16.993764877319336,36.20000076293945,36.834999084472656,36.130001068115234,36.720001220703125,4465800,DF,2006-04-03 to 2013-05-24
2006-05-24 00:00:00+00:00,16.836498260498047,35.8650016784668,36.29999923706055,35.36000061035156,36.244998931884766,4674400,DF,2006-04-03 to 2013-05-24
2006-05-25 00:00:00+00:00,16.930387496948242,36.064998626708984,36.1150016784668,35.59000015258789,36.025001525878906,3124200,DF,2006-04-03 to 2013-05-24
2006-05-26 00:00:00+00:00,17.10173797607422,36.43000030517578,36.53499984741211,35.93000030517578,36.279998779296875,1574200,DF,2006-04-03 to 2013-05-24
2006-05-30 00:00:00+00:00,16.95855712890625,36.125,36.599998474121094,36.11000061035156,36.40999984741211,2268400,DF,2006-04-03 to 2013-05-24
2006-05-31 00:00:00+00:00,17.200284957885742,36.290000915527344,36.32500076293945,35.875,35.88999938964844,2766000,DF,2006-04-03 to 2013-05-24
2006-06-01 00:00:00+00:00,17.363792419433594,36.6349983215332,36.810001373291016,36.165000915527344,36.290000915527344,3266800,DF,2006-04-03 to 2013-05-24
2006-06-02 00:00:00+00:00,17.58419418334961,37.099998474121094,37.10499954223633,36.44499969482422,36.75,2829800,DF,2006-04-03 to 2013-05-24
2006-06-05 00:00:00+00:00,17.489404678344727,36.900001525878906,37.380001068115234,36.85499954223633,37.099998474121094,3022600,DF,2006-04-03 to 2013-05-24
2006-06-06 00:00:00+00:00,17.51309585571289,36.95000076293945,37.125,36.5099983215332,36.900001525878906,3211000,DF,2006-04-03 to 2013-05-24
2006-06-07 00:00:00+00:00,17.26426124572754,36.42499923706055,37.040000915527344,36.41999816894531,36.95000076293945,2813000,DF,2006-04-03 to 2013-05-24
2006-06-08 00:00:00+00:00,17.21686553955078,36.32500076293945,36.41999816894531,36.064998626708984,36.224998474121094,4303400,DF,2006-04-03 to 2013-05-24
2006-06-09 00:00:00+00:00,17.252410888671875,36.400001525878906,36.56999969482422,36.154998779296875,36.20000076293945,3597600,DF,2006-04-03 to 2013-05-24
2006-06-12 00:00:00+00:00,17.2998104095459,36.5,36.76499938964844,36.33000183105469,36.415000915527344,1983000,DF,2006-04-03 to 2013-05-24
2006-06-13 00:00:00+00:00,17.24294090270996,36.380001068115234,36.72999954223633,36.150001525878906,36.5,3629800,DF,2006-04-03 to 2013-05-24
2006-06-14 00:00:00+00:00,17.01780128479004,35.904998779296875,36.41999816894531,35.72999954223633,36.20500183105469,3224400,DF,2006-04-03 to 2013-05-24
2006-06-15 00:00:00+00:00,17.39460563659668,36.70000076293945,36.875,36.0,36.150001525878906,3226000,DF,2006-04-03 to 2013-05-24
2006-06-16 00:00:00+00:00,17.54153823852539,37.0099983215332,37.119998931884766,36.70500183105469,36.724998474121094,2649400,DF,2006-04-03 to 2013-05-24
2006-06-19 00:00:00+00:00,17.28322410583496,36.46500015258789,37.20000076293945,36.27000045776367,37.20000076293945,2187400,DF,2006-04-03 to 2013-05-24
2006-06-20 00:00:00+00:00,17.20501136779785,36.29999923706055,36.78499984741211,36.189998626708984,36.599998474121094,2492000,DF,2006-04-03 to 2013-05-24
2006-06-21 00:00:00+00:00,17.214500427246094,36.31999969482422,36.65999984741211,36.154998779296875,36.400001525878906,2152600,DF,2006-04-03 to 2013-05-24
2006-06-22 00:00:00+00:00,17.048601150512695,35.970001220703125,36.22999954223633,35.82500076293945,36.19499969482422,3193200,DF,2006-04-03 to 2013-05-24
2006-06-23 00:00:00+00:00,17.223976135253906,36.34000015258789,36.849998474121094,35.880001068115234,35.88999938964844,2597800,DF,2006-04-03 to 2013-05-24
2006-06-26 00:00:00+00:00,17.453847885131836,36.82500076293945,36.83000183105469,36.439998626708984,36.439998626708984,1964600,DF,2006-04-03 to 2013-05-24
2006-06-27 00:00:00+00:00,17.332992553710938,36.56999969482422,37.150001525878906,36.525001525878906,36.79999923706055,2526000,DF,2006-04-03 to 2013-05-24
2006-06-28 00:00:00+00:00,17.404081344604492,36.720001220703125,36.849998474121094,36.59000015258789,36.59000015258789,1934800,DF,2006-04-03 to 2013-05-24
2006-06-29 00:00:00+00:00,17.83539390563965,37.630001068115234,37.654998779296875,36.849998474121094,36.974998474121094,3435200,DF,2006-04-03 to 2013-05-24
2006-06-30 00:00:00+00:00,17.724014282226562,37.39500045776367,37.775001525878906,37.314998626708984,37.625,2930000,DF,2006-04-03 to 2013-05-24
2006-07-03 00:00:00+00:00,17.923076629638672,37.814998626708984,37.814998626708984,37.220001220703125,37.39500045776367,954000,DF,2006-04-03 to 2013-05-24
2006-07-05 00:00:00+00:00,17.785625457763672,37.525001525878906,37.720001220703125,37.310001373291016,37.474998474121094,2905600,DF,2006-04-03 to 2013-05-24
2006-07-06 00:00:00+00:00,17.8662052154541,37.69499969482422,37.70000076293945,37.29999923706055,37.525001525878906,3282200,DF,2006-04-03 to 2013-05-24
2006-07-07 00:00:00+00:00,17.861465454101562,37.685001373291016,37.94499969482422,37.5099983215332,37.599998474121094,3285000,DF,2006-04-03 to 2013-05-24
2006-07-10 00:00:00+00:00,17.892269134521484,37.75,37.81999969482422,37.56999969482422,37.775001525878906,2920800,DF,2006-04-03 to 2013-05-24
2006-07-11 00:00:00+00:00,17.906482696533203,37.779998779296875,37.849998474121094,37.47999954223633,37.70000076293945,2928800,DF,2006-04-03 to 2013-05-24
2006-07-12 00:00:00+00:00,17.806955337524414,37.56999969482422,37.84000015258789,37.474998474121094,37.834999084472656,2510400,DF,2006-04-03 to 2013-05-24
2006-07-13 00:00:00+00:00,17.773775100708008,37.5,37.849998474121094,37.43000030517578,37.57500076293945,2990600,DF,2006-04-03 to 2013-05-24
2006-07-14 00:00:00+00:00,17.918336868286133,37.80500030517578,37.88999938964844,37.34000015258789,37.5,2937000,DF,2006-04-03 to 2013-05-24
2006-07-17 00:00:00+00:00,17.958621978759766,37.88999938964844,38.1349983215332,37.744998931884766,37.810001373291016,3435400,DF,2006-04-03 to 2013-05-24
2006-07-18 00:00:00+00:00,17.77851676940918,37.5099983215332,37.89500045776367,37.290000915527344,37.89500045776367,3106600,DF,2006-04-03 to 2013-05-24
2006-07-19 00:00:00+00:00,18.12925148010254,38.25,38.349998474121094,37.505001068115234,37.61000061035156,3143000,DF,2006-04-03 to 2013-05-24
2006-07-20 00:00:00+00:00,18.30225372314453,38.6150016784668,38.709999084472656,38.244998931884766,38.25,2554000,DF,2006-04-03 to 2013-05-24
2006-07-21 00:00:00+00:00,18.418371200561523,38.86000061035156,38.95000076293945,38.630001068115234,38.95000076293945,3191800,DF,2006-04-03 to 2013-05-24
2006-07-24 00:00:00+00:00,18.3591251373291,38.73500061035156,38.939998626708984,38.650001525878906,38.82500076293945,2827400,DF,2006-04-03 to 2013-05-24
2006-07-25 00:00:00+00:00,18.4965763092041,39.025001525878906,39.13999938964844,38.47999954223633,38.53499984741211,2858800,DF,2006-04-03 to 2013-05-24
2006-07-26 00:00:00+00:00,18.64113998413086,39.33000183105469,39.375,38.92499923706055,39.005001068115234,3452000,DF,2006-04-03 to 2013-05-24
2006-07-27 00:00:00+00:00,18.539236068725586,39.1150016784668,39.82500076293945,39.064998626708984,39.36000061035156,3030000,DF,2006-04-03 to 2013-05-24
2006-07-28 00:00:00+00:00,18.62691879272461,39.29999923706055,39.525001525878906,39.16999816894531,39.32500076293945,2904200,DF,2006-04-03 to 2013-05-24
2006-07-31 00:00:00+00:00,18.598478317260742,39.2400016784668,39.404998779296875,39.05500030517578,39.150001525878906,1917400,DF,2006-04-03 to 2013-05-24
2006-08-01 00:00:00+00:00,18.63166618347168,39.310001373291016,39.4900016784668,39.07500076293945,39.2400016784668,2563800,DF,2006-04-03 to 2013-05-24
2006-08-02 00:00:00+00:00,18.520273208618164,39.07500076293945,39.400001525878906,39.064998626708984,39.224998474121094,2938400,DF,2006-04-03 to 2013-05-24
2006-08-03 00:00:00+00:00,18.570043563842773,39.18000030517578,39.224998474121094,38.779998779296875,38.974998474121094,3202800,DF,2006-04-03 to 2013-05-24
2006-08-04 00:00:00+00:00,18.688539505004883,39.43000030517578,39.474998474121094,39.150001525878906,39.30500030517578,2170600,DF,2006-04-03 to 2013-05-24
2006-08-07 00:00:00+00:00,18.3994197845459,38.81999969482422,39.5,38.77000045776367,39.275001525878906,2258800,DF,2006-04-03 to 2013-05-24
2006-08-08 00:00:00+00:00,18.489465713500977,39.0099983215332,39.244998931884766,38.79999923706055,38.875,1961800,DF,2006-04-03 to 2013-05-24
2006-08-09 00:00:00+00:00,18.698020935058594,39.45000076293945,39.70500183105469,39.18000030517578,39.375,2289000,DF,2006-04-03 to 2013-05-24
2006-08-10 00:00:00+00:00,18.750154495239258,39.560001373291016,39.59000015258789,39.150001525878906,39.45500183105469,2607800,DF,2006-04-03 to 2013-05-24
2006-08-11 00:00:00+00:00,18.78569984436035,39.6349983215332,39.68000030517578,39.345001220703125,39.349998474121094,1427800,DF,2006-04-03 to 2013-05-24
2006-08-14 00:00:00+00:00,18.733556747436523,39.525001525878906,39.70000076293945,38.685001373291016,38.685001373291016,1970400,DF,2006-04-03 to 2013-05-24
2006-08-15 00:00:00+00:00,18.882875442504883,39.84000015258789,39.970001220703125,39.435001373291016,39.775001525878906,1928600,DF,2006-04-03 to 2013-05-24
2006-08-16 00:00:00+00:00,18.664827346801758,39.380001068115234,40.0,39.380001068115234,39.974998474121094,2058200,DF,2006-04-03 to 2013-05-24
2006-08-17 00:00:00+00:00,18.539236068725586,39.1150016784668,39.34000015258789,38.98500061035156,39.275001525878906,2276400,DF,2006-04-03 to 2013-05-24
2006-08-18 00:00:00+00:00,18.78569984436035,39.6349983215332,39.75,39.09000015258789,39.150001525878906,2010200,DF,2006-04-03 to 2013-05-24
2006-08-21 00:00:00+00:00,18.84494400024414,39.7599983215332,39.959999084472656,39.5099983215332,39.75,1180800,DF,2006-04-03 to 2013-05-24
2006-08-22 00:00:00+00:00,18.934999465942383,39.95000076293945,40.0,39.6150016784668,39.79999923706055,1820000,DF,2006-04-03 to 2013-05-24
2006-08-23 00:00:00+00:00,18.752519607543945,39.564998626708984,40.029998779296875,39.560001373291016,39.994998931884766,2222000,DF,2006-04-03 to 2013-05-24
2006-08-24 00:00:00+00:00,19.03215789794922,40.154998779296875,40.16999816894531,39.45500183105469,39.56999969482422,3543800,DF,2006-04-03 to 2013-05-24
2006-08-25 00:00:00+00:00,19.16724395751953,40.439998626708984,40.595001220703125,40.04999923706055,40.04999923706055,3424600,DF,2006-04-03 to 2013-05-24
2006-08-28 00:00:00+00:00,19.219385147094727,40.54999923706055,40.619998931884766,40.07500076293945,40.349998474121094,3992000,DF,2006-04-03 to 2013-05-24
2006-08-29 00:00:00+00:00,19.271516799926758,40.65999984741211,40.709999084472656,40.19499969482422,40.45000076293945,4324000,DF,2006-04-03 to 2013-05-24
2006-08-30 00:00:00+00:00,18.953630447387695,39.650001525878906,40.3849983215332,39.650001525878906,40.25,2464400,DF,2006-04-03 to 2013-05-24
2006-08-31 00:00:00+00:00,19.094648361206055,39.94499969482422,39.98500061035156,39.67499923706055,39.67499923706055,2398200,DF,2006-04-03 to 2013-05-24
2006-09-01 00:00:00+00:00,19.020545959472656,39.790000915527344,39.974998474121094,39.685001373291016,39.94499969482422,1574000,DF,2006-04-03 to 2013-05-24
2006-09-05 00:00:00+00:00,19.001434326171875,39.75,39.790000915527344,39.439998626708984,39.790000915527344,2593200,DF,2006-04-03 to 2013-05-24
2006-09-06 00:00:00+00:00,18.750465393066406,39.224998474121094,39.68000030517578,39.224998474121094,39.67499923706055,2705800,DF,2006-04-03 to 2013-05-24
2006-09-07 00:00:00+00:00,18.683544158935547,39.084999084472656,39.369998931884766,39.0099983215332,39.125,3264600,DF,2006-04-03 to 2013-05-24
2006-09-08 00:00:00+00:00,18.5736026763916,38.85499954223633,39.310001373291016,38.81999969482422,39.209999084472656,2478200,DF,2006-04-03 to 2013-05-24
2006-09-11 00:00:00+00:00,18.36566734313965,38.41999816894531,39.244998931884766,38.3849983215332,39.244998931884766,3179000,DF,2006-04-03 to 2013-05-24
2006-09-12 00:00:00+00:00,18.315475463867188,38.314998626708984,38.564998626708984,38.04999923706055,38.54499816894531,3807200,DF,2006-04-03 to 2013-05-24
2006-09-13 00:00:00+00:00,18.3967342376709,38.48500061035156,38.630001068115234,38.0,38.474998474121094,3313000,DF,2006-04-03 to 2013-05-24
2006-09-14 00:00:00+00:00,18.29396629333496,38.27000045776367,38.689998626708984,38.150001525878906,38.525001525878906,3230400,DF,2006-04-03 to 2013-05-24
2006-09-15 00:00:00+00:00,18.44214630126953,38.58000183105469,38.619998931884766,38.03499984741211,38.415000915527344,5092600,DF,2006-04-03 to 2013-05-24
2006-09-18 00:00:00+00:00,18.372831344604492,38.435001373291016,38.71500015258789,38.19499969482422,38.58000183105469,2324800,DF,2006-04-03 to 2013-05-24
2006-09-19 00:00:00+00:00,18.434974670410156,38.564998626708984,38.66999816894531,38.38999938964844,38.54999923706055,1886400,DF,2006-04-03 to 2013-05-24
2006-09-20 00:00:00+00:00,18.31307601928711,38.310001373291016,38.904998779296875,38.30500030517578,38.900001525878906,2299400,DF,2006-04-03 to 2013-05-24
2006-09-21 00:00:00+00:00,18.418235778808594,38.529998779296875,38.665000915527344,38.244998931884766,38.5099983215332,2001000,DF,2006-04-03 to 2013-05-24
2006-09-22 00:00:00+00:00,18.236595153808594,38.150001525878906,38.53499984741211,38.10499954223633,38.53499984741211,2156600,DF,2006-04-03 to 2013-05-24
2006-09-25 00:00:00+00:00,18.45648765563965,38.61000061035156,38.709999084472656,38.060001373291016,38.3650016784668,2755600,DF,2006-04-03 to 2013-05-24
2006-09-26 00:00:00+00:00,18.511465072631836,38.724998474121094,39.005001068115234,38.540000915527344,38.78499984741211,1479000,DF,2006-04-03 to 2013-05-24
2006-09-27 00:00:00+00:00,18.726573944091797,39.17499923706055,39.18000030517578,38.595001220703125,38.665000915527344,2029400,DF,2006-04-03 to 2013-05-24
2006-09-28 00:00:00+00:00,18.446922302246094,38.59000015258789,39.244998931884766,38.53499984741211,39.17499923706055,2619400,DF,2006-04-03 to 2013-05-24
2006-09-29 00:00:00+00:00,18.28200912475586,38.244998931884766,38.81999969482422,38.2400016784668,38.595001220703125,3055000,DF,2006-04-03 to 2013-05-24
2006-10-02 00:00:00+00:00,18.329805374145508,38.345001220703125,38.595001220703125,38.25,38.25,3643000,DF,2006-04-03 to 2013-05-24
2006-10-03 00:00:00+00:00,18.34415054321289,38.375,38.470001220703125,38.1150016784668,38.45000076293945,2845400,DF,2006-04-03 to 2013-05-24
2006-10-04 00:00:00+00:00,18.35132598876953,38.38999938964844,38.435001373291016,38.02000045776367,38.375,2791200,DF,2006-04-03 to 2013-05-24
2006-10-05 00:00:00+00:00,18.32264518737793,38.33000183105469,38.525001525878906,38.10499954223633,38.38999938964844,1801800,DF,2006-04-03 to 2013-05-24
2006-10-06 00:00:00+00:00,18.215084075927734,38.10499954223633,38.32500076293945,38.05500030517578,38.32500076293945,2224200,DF,2006-04-03 to 2013-05-24
2006-10-09 00:00:00+00:00,18.250934600830078,38.18000030517578,38.435001373291016,38.03499984741211,38.20000076293945,1659400,DF,2006-04-03 to 2013-05-24
2006-10-10 00:00:00+00:00,18.487548828125,38.67499923706055,38.72999954223633,38.064998626708984,38.150001525878906,3458400,DF,2006-04-03 to 2013-05-24
2006-10-11 00:00:00+00:00,18.542522430419922,38.790000915527344,38.95000076293945,38.52000045776367,38.650001525878906,2729800,DF,2006-04-03 to 2013-05-24
2006-10-12 00:00:00+00:00,18.585548400878906,38.880001068115234,38.92499923706055,38.60499954223633,38.84000015258789,2802600,DF,2006-04-03 to 2013-05-24
2006-10-13 00:00:00+00:00,18.607065200805664,38.92499923706055,38.97999954223633,38.75,38.880001068115234,1814600,DF,2006-04-03 to 2013-05-24
2006-10-16 00:00:00+00:00,18.709836959838867,39.13999938964844,39.21500015258789,38.790000915527344,38.875,2255000,DF,2006-04-03 to 2013-05-24
2006-10-17 00:00:00+00:00,18.719398498535156,39.15999984741211,39.42499923706055,39.03499984741211,39.04999923706055,2154800,DF,2006-04-03 to 2013-05-24
2006-10-18 00:00:00+00:00,18.745695114135742,39.21500015258789,39.3650016784668,39.099998474121094,39.17499923706055,3016400,DF,2006-04-03 to 2013-05-24
2006-10-19 00:00:00+00:00,19.02533531188965,39.79999923706055,39.92499923706055,39.11000061035156,39.21500015258789,2175200,DF,2006-04-03 to 2013-05-24
2006-10-20 00:00:00+00:00,19.1591854095459,40.08000183105469,40.154998779296875,39.75,39.915000915527344,2339000,DF,2006-04-03 to 2013-05-24
2006-10-23 00:00:00+00:00,19.333654403686523,40.44499969482422,40.47999954223633,39.744998931884766,39.95000076293945,2398000,DF,2006-04-03 to 2013-05-24
2006-10-24 00:00:00+00:00,19.312150955200195,40.400001525878906,40.404998779296875,40.119998931884766,40.400001525878906,2049800,DF,2006-04-03 to 2013-05-24
2006-10-25 00:00:00+00:00,19.477062225341797,40.744998931884766,40.91999816894531,40.334999084472656,40.5,2284400,DF,2006-04-03 to 2013-05-24
2006-10-26 00:00:00+00:00,19.45077133178711,40.689998626708984,40.95500183105469,40.5099983215332,40.744998931884766,2041000,DF,2006-04-03 to 2013-05-24
2006-10-27 00:00:00+00:00,19.27389907836914,40.31999969482422,40.779998779296875,40.30500030517578,40.54999923706055,1994800,DF,2006-04-03 to 2013-05-24
2006-10-30 00:00:00+00:00,19.259567260742188,40.290000915527344,40.59000015258789,40.20000076293945,40.42499923706055,1805600,DF,2006-04-03 to 2013-05-24
2006-10-31 00:00:00+00:00,19.357566833496094,40.494998931884766,40.56999969482422,40.26499938964844,40.415000915527344,2132600,DF,2006-04-03 to 2013-05-24
2006-11-01 00:00:00+00:00,19.9837703704834,41.80500030517578,42.220001220703125,40.5,40.5,10204200,DF,2006-04-03 to 2013-05-24
2006-11-02 00:00:00+00:00,19.357566833496094,40.494998931884766,41.404998779296875,40.275001525878906,41.400001525878906,10282200,DF,2006-04-03 to 2013-05-24
2006-11-03 00:00:00+00:00,19.281078338623047,40.334999084472656,40.70000076293945,40.27000045776367,40.494998931884766,4012600,DF,2006-04-03 to 2013-05-24
2006-11-06 00:00:00+00:00,19.063581466674805,39.880001068115234,40.3650016784668,39.810001373291016,40.2599983215332,4807200,DF,2006-04-03 to 2013-05-24
2006-11-07 00:00:00+00:00,19.149620056152344,40.060001373291016,40.060001373291016,39.81999969482422,39.880001068115234,2845200,DF,2006-04-03 to 2013-05-24
2006-11-08 00:00:00+00:00,19.297813415527344,40.369998931884766,40.64500045776367,39.98500061035156,40.060001373291016,2617600,DF,2006-04-03 to 2013-05-24
2006-11-09 00:00:00+00:00,19.371902465820312,40.525001525878906,40.619998931884766,40.290000915527344,40.369998931884766,3998800,DF,2006-04-03 to 2013-05-24
2006-11-10 00:00:00+00:00,19.412538528442383,40.61000061035156,40.6349983215332,40.459999084472656,40.5,3575600,DF,2006-04-03 to 2013-05-24
2006-11-13 00:00:00+00:00,19.407756805419922,40.599998474121094,40.69499969482422,40.525001525878906,40.525001525878906,1591400,DF,2006-04-03 to 2013-05-24
2006-11-14 00:00:00+00:00,19.235666275024414,40.2400016784668,40.6150016784668,40.14500045776367,40.5,3111400,DF,2006-04-03 to 2013-05-24
2006-11-15 00:00:00+00:00,19.20458984375,40.17499923706055,40.290000915527344,39.84000015258789,40.0,4117600,DF,2006-04-03 to 2013-05-24
2006-11-16 00:00:00+00:00,19.216543197631836,40.20000076293945,40.619998931884766,40.16999816894531,40.42499923706055,3171800,DF,2006-04-03 to 2013-05-24
2006-11-17 00:00:00+00:00,19.331270217895508,40.439998626708984,40.6150016784668,40.07500076293945,40.07500076293945,1999600,DF,2006-04-03 to 2013-05-24
2006-11-20 00:00:00+00:00,19.336055755615234,40.45000076293945,40.599998474121094,39.96500015258789,40.25,1854800,DF,2006-04-03 to 2013-05-24
2006-11-21 00:00:00+00:00,19.331270217895508,40.439998626708984,40.52000045776367,40.310001373291016,40.400001525878906,2360600,DF,2006-04-03 to 2013-05-24
2006-11-22 00:00:00+00:00,19.371902465820312,40.525001525878906,40.595001220703125,40.375,40.3849983215332,3006000,DF,2006-04-03 to 2013-05-24
2006-11-24 00:00:00+00:00,19.359954833984375,40.5,40.63999938964844,40.380001068115234,40.380001068115234,805800,DF,2006-04-03 to 2013-05-24
2006-11-27 00:00:00+00:00,19.293027877807617,40.36000061035156,40.55500030517578,40.16999816894531,40.474998474121094,2812400,DF,2006-04-03 to 2013-05-24
2006-11-28 00:00:00+00:00,19.333654403686523,40.44499969482422,40.65999984741211,40.19499969482422,40.32500076293945,3309600,DF,2006-04-03 to 2013-05-24
2006-11-29 00:00:00+00:00,19.46623992919922,40.375,40.45500183105469,40.095001220703125,40.25,3597000,DF,2006-04-03 to 2013-05-24
2006-11-30 00:00:00+00:00,19.463838577270508,40.369998931884766,40.415000915527344,40.29999923706055,40.40999984741211,3429200,DF,2006-04-03 to 2013-05-24
2006-12-01 00:00:00+00:00,19.49759292602539,40.439998626708984,40.439998626708984,40.19499969482422,40.32500076293945,3234400,DF,2006-04-03 to 2013-05-24
2006-12-04 00:00:00+00:00,19.533748626708984,40.51499938964844,40.529998779296875,40.404998779296875,40.439998626708984,3432600,DF,2006-04-03 to 2013-05-24
2006-12-05 00:00:00+00:00,19.57232093811035,40.595001220703125,40.67499923706055,40.470001220703125,40.54999923706055,4754400,DF,2006-04-03 to 2013-05-24
2006-12-06 00:00:00+00:00,19.56267547607422,40.57500076293945,40.66999816894531,40.505001068115234,40.595001220703125,3427600,DF,2006-04-03 to 2013-05-24
2006-12-07 00:00:00+00:00,19.55784797668457,40.564998626708984,40.724998474121094,40.505001068115234,40.625,2845200,DF,2006-04-03 to 2013-05-24
2006-12-08 00:00:00+00:00,19.55784797668457,40.564998626708984,40.70500183105469,40.400001525878906,40.564998626708984,2712000,DF,2006-04-03 to 2013-05-24
2006-12-11 00:00:00+00:00,19.569904327392578,40.59000015258789,40.685001373291016,40.45000076293945,40.595001220703125,2172800,DF,2006-04-03 to 2013-05-24
2006-12-12 00:00:00+00:00,19.67115592956543,40.79999923706055,40.869998931884766,40.56999969482422,40.59000015258789,2653600,DF,2006-04-03 to 2013-05-24
2006-12-13 00:00:00+00:00,19.92186164855957,41.31999969482422,41.3650016784668,40.83000183105469,40.83000183105469,2955400,DF,2006-04-03 to 2013-05-24
2006-12-14 00:00:00+00:00,19.95561408996582,41.38999938964844,41.494998931884766,41.165000915527344,41.25,2006400,DF,2006-04-03 to 2013-05-24
2006-12-15 00:00:00+00:00,19.98454475402832,41.45000076293945,41.4900016784668,41.27000045776367,41.38999938964844,3119000,DF,2006-04-03 to 2013-05-24
2006-12-18 00:00:00+00:00,19.866418838500977,41.20500183105469,41.5,41.130001068115234,41.45000076293945,3039400,DF,2006-04-03 to 2013-05-24
2006-12-19 00:00:00+00:00,20.08578872680664,41.65999984741211,41.66999816894531,40.97999954223633,41.14500045776367,2520400,DF,2006-04-03 to 2013-05-24
2006-12-20 00:00:00+00:00,19.871244430541992,41.21500015258789,41.77000045776367,41.209999084472656,41.75,3161000,DF,2006-04-03 to 2013-05-24
2006-12-21 00:00:00+00:00,19.82061767578125,41.11000061035156,41.5099983215332,40.8849983215332,41.375,2685400,DF,2006-04-03 to 2013-05-24
2006-12-22 00:00:00+00:00,19.854368209838867,41.18000030517578,41.23500061035156,40.75,41.150001525878906,2214800,DF,2006-04-03 to 2013-05-24
2006-12-26 00:00:00+00:00,20.00623321533203,41.494998931884766,41.529998779296875,40.875,41.11000061035156,1959800,DF,2006-04-03 to 2013-05-24
2006-12-27 00:00:00+00:00,20.240079879760742,41.97999954223633,42.0,41.5099983215332,41.5099983215332,2691800,DF,2006-04-03 to 2013-05-24
2006-12-28 00:00:00+00:00,20.25454330444336,42.0099983215332,42.150001525878906,41.900001525878906,41.904998779296875,3569800,DF,2006-04-03 to 2013-05-24
2006-12-29 00:00:00+00:00,20.211145401000977,41.91999816894531,42.0,41.6150016784668,41.970001220703125,2298800,DF,2006-04-03 to 2013-05-24
2007-01-03 00:00:00+00:00,20.165342330932617,41.82500076293945,42.0,41.45500183105469,41.849998474121094,4715800,DF,2006-04-03 to 2013-05-24
2007-01-04 00:00:00+00:00,20.114717483520508,41.720001220703125,41.935001373291016,41.474998474121094,41.73500061035156,3465400,DF,2006-04-03 to 2013-05-24
2007-01-05 00:00:00+00:00,19.8254337310791,41.119998931884766,41.720001220703125,40.96500015258789,41.720001220703125,5550400,DF,2006-04-03 to 2013-05-24
2007-01-08 00:00:00+00:00,19.73624610900879,40.935001373291016,41.29999923706055,40.89500045776367,41.099998474121094,3898200,DF,2006-04-03 to 2013-05-24
2007-01-09 00:00:00+00:00,19.702497482299805,40.8650016784668,40.95000076293945,40.529998779296875,40.935001373291016,4338400,DF,2006-04-03 to 2013-05-24
2007-01-10 00:00:00+00:00,19.647048950195312,40.75,40.849998474121094,40.595001220703125,40.79999923706055,3687200,DF,2006-04-03 to 2013-05-24
2007-01-11 00:00:00+00:00,19.495182037353516,40.435001373291016,40.79499816894531,40.279998779296875,40.75,5489800,DF,2006-04-03 to 2013-05-24
2007-01-12 00:00:00+00:00,19.285444259643555,40.0,40.47999954223633,39.834999084472656,40.375,6217600,DF,2006-04-03 to 2013-05-24
2007-01-16 00:00:00+00:00,19.2974910736084,40.025001525878906,40.26499938964844,40.0,40.04999923706055,3196400,DF,2006-04-03 to 2013-05-24
2007-01-17 00:00:00+00:00,19.309558868408203,40.04999923706055,40.154998779296875,39.880001068115234,40.025001525878906,2753600,DF,2006-04-03 to 2013-05-24
2007-01-18 00:00:00+00:00,19.365001678466797,40.165000915527344,40.23500061035156,40.0,40.099998474121094,3436000,DF,2006-04-03 to 2013-05-24
2007-01-19 00:00:00+00:00,19.468650817871094,40.380001068115234,40.415000915527344,40.1150016784668,40.255001068115234,2151400,DF,2006-04-03 to 2013-05-24
2007-01-22 00:00:00+00:00,19.410797119140625,40.2599983215332,40.5,40.04999923706055,40.33000183105469,2823000,DF,2006-04-03 to 2013-05-24
2007-01-23 00:00:00+00:00,19.490354537963867,40.42499923706055,40.45500183105469,40.150001525878906,40.2599983215332,3921800,DF,2006-04-03 to 2013-05-24
2007-01-24 00:00:00+00:00,19.77722930908203,41.02000045776367,41.435001373291016,40.91999816894531,41.314998626708984,8005600,DF,2006-04-03 to 2013-05-24
2007-01-25 00:00:00+00:00,19.738645553588867,40.939998626708984,41.34000015258789,40.849998474121094,40.92499923706055,2904400,DF,2006-04-03 to 2013-05-24
2007-01-26 00:00:00+00:00,19.784460067749023,41.03499984741211,41.130001068115234,40.54999923706055,40.54999923706055,2156000,DF,2006-04-03 to 2013-05-24
2007-01-29 00:00:00+00:00,19.748292922973633,40.959999084472656,41.13999938964844,40.86000061035156,41.13999938964844,2854000,DF,2006-04-03 to 2013-05-24
2007-01-30 00:00:00+00:00,19.86400604248047,41.20000076293945,41.209999084472656,40.904998779296875,41.005001068115234,2190600,DF,2006-04-03 to 2013-05-24
2007-01-31 00:00:00+00:00,19.999008178710938,41.47999954223633,41.63999938964844,40.90999984741211,41.005001068115234,4313400,DF,2006-04-03 to 2013-05-24
2007-02-01 00:00:00+00:00,20.295515060424805,42.095001220703125,42.29999923706055,41.48500061035156,41.75,4451200,DF,2006-04-03 to 2013-05-24
2007-02-02 00:00:00+00:00,20.862030029296875,43.27000045776367,43.54499816894531,42.459999084472656,42.89500045776367,10591800,DF,2006-04-03 to 2013-05-24
2007-02-05 00:00:00+00:00,20.857208251953125,43.2599983215332,43.67499923706055,43.095001220703125,43.21500015258789,4763400,DF,2006-04-03 to 2013-05-24
2007-02-06 00:00:00+00:00,21.00666618347168,43.56999969482422,43.66999816894531,43.21500015258789,43.40999984741211,4545200,DF,2006-04-03 to 2013-05-24
2007-02-07 00:00:00+00:00,20.970502853393555,43.494998931884766,43.650001525878906,43.38999938964844,43.57500076293945,2950600,DF,2006-04-03 to 2013-05-24
2007-02-08 00:00:00+00:00,21.088638305664062,43.7400016784668,43.82500076293945,43.52000045776367,43.564998626708984,3167600,DF,2006-04-03 to 2013-05-24
2007-02-09 00:00:00+00:00,21.083816528320312,43.72999954223633,43.94499969482422,43.61000061035156,43.744998931884766,3955800,DF,2006-04-03 to 2013-05-24
2007-02-12 00:00:00+00:00,21.10550880432129,43.775001525878906,43.994998931884766,43.66999816894531,43.7400016784668,2140400,DF,2006-04-03 to 2013-05-24
2007-02-13 00:00:00+00:00,20.92953109741211,43.40999984741211,44.0,42.349998474121094,43.94499969482422,14863400,DF,2006-04-03 to 2013-05-24
2007-02-14 00:00:00+00:00,20.927122116088867,43.404998779296875,43.779998779296875,43.349998474121094,43.5,4267200,DF,2006-04-03 to 2013-05-24
2007-02-15 00:00:00+00:00,20.924707412719727,43.400001525878906,43.525001525878906,43.209999084472656,43.45000076293945,2154000,DF,2006-04-03 to 2013-05-24
2007-02-16 00:00:00+00:00,20.866857528686523,43.279998779296875,43.404998779296875,43.18000030517578,43.279998779296875,3020000,DF,2006-04-03 to 2013-05-24
2007-02-20 00:00:00+00:00,20.804174423217773,43.150001525878906,43.185001373291016,42.900001525878906,43.18000030517578,4359800,DF,2006-04-03 to 2013-05-24
2007-02-21 00:00:00+00:00,20.755558013916016,42.69499969482422,42.8849983215332,42.5,42.61000061035156,4193000,DF,2006-04-03 to 2013-05-24
2007-02-22 00:00:00+00:00,20.74583625793457,42.67499923706055,42.79999923706055,42.400001525878906,42.57500076293945,2478400,DF,2006-04-03 to 2013-05-24
2007-02-23 00:00:00+00:00,20.826053619384766,42.84000015258789,42.96500015258789,42.584999084472656,42.650001525878906,2359400,DF,2006-04-03 to 2013-05-24
2007-02-26 00:00:00+00:00,21.241695404052734,43.69499969482422,44.150001525878906,43.209999084472656,43.4900016784668,7160800,DF,2006-04-03 to 2013-05-24
2007-02-27 00:00:00+00:00,20.702089309692383,42.584999084472656,43.650001525878906,42.290000915527344,43.5,5644200,DF,2006-04-03 to 2013-05-24
2007-02-28 00:00:00+00:00,20.789596557617188,42.76499938964844,43.04499816894531,42.369998931884766,42.584999084472656,5921600,DF,2006-04-03 to 2013-05-24
2007-03-01 00:00:00+00:00,20.804176330566406,42.79499816894531,43.01499938964844,42.369998931884766,42.7599983215332,3770800,DF,2006-04-03 to 2013-05-24
2007-03-02 00:00:00+00:00,20.660768508911133,42.5,42.84000015258789,42.5,42.724998474121094,3302400,DF,2006-04-03 to 2013-05-24
2007-03-05 00:00:00+00:00,20.373945236206055,41.90999984741211,42.5,41.85499954223633,42.3650016784668,6127400,DF,2006-04-03 to 2013-05-24
2007-03-06 00:00:00+00:00,20.582977294921875,42.34000015258789,42.375,41.994998931884766,42.060001373291016,3985200,DF,2006-04-03 to 2013-05-24
2007-03-07 00:00:00+00:00,20.624298095703125,42.42499923706055,42.654998779296875,42.04499816894531,42.099998474121094,3382600,DF,2006-04-03 to 2013-05-24
2007-03-08 00:00:00+00:00,20.53679084777832,42.244998931884766,42.599998474121094,42.18000030517578,42.560001373291016,3799600,DF,2006-04-03 to 2013-05-24
2007-03-09 00:00:00+00:00,20.56110191345215,42.29499816894531,42.494998931884766,42.04499816894531,42.40999984741211,3048800,DF,2006-04-03 to 2013-05-24
2007-03-12 00:00:00+00:00,20.838205337524414,42.8650016784668,42.8849983215332,42.08000183105469,42.25,2529400,DF,2006-04-03 to 2013-05-24
2007-03-13 00:00:00+00:00,20.59756851196289,42.369998931884766,43.08000183105469,42.2400016784668,42.76499938964844,4003600,DF,2006-04-03 to 2013-05-24
2007-03-14 00:00:00+00:00,20.587841033935547,42.349998474121094,42.540000915527344,41.82500076293945,42.3849983215332,4418600,DF,2006-04-03 to 2013-05-24
2007-03-15 00:00:00+00:00,20.762845993041992,42.709999084472656,42.775001525878906,42.150001525878906,42.349998474121094,3841200,DF,2006-04-03 to 2013-05-24
2007-03-16 00:00:00+00:00,20.65346908569336,42.48500061035156,43.060001373291016,42.45000076293945,42.83000183105469,4449200,DF,2006-04-03 to 2013-05-24
2007-03-19 00:00:00+00:00,20.95487403869629,43.10499954223633,43.23500061035156,42.650001525878906,42.70000076293945,3756800,DF,2006-04-03 to 2013-05-24
2007-03-20 00:00:00+00:00,21.304899215698242,43.82500076293945,43.82500076293945,42.875,43.150001525878906,4108800,DF,2006-04-03 to 2013-05-24
2007-03-21 00:00:00+00:00,21.550390243530273,44.33000183105469,44.48500061035156,43.61000061035156,43.845001220703125,4442600,DF,2006-04-03 to 2013-05-24
2007-03-22 00:00:00+00:00,21.535804748535156,44.29999923706055,44.3849983215332,44.0099983215332,44.33000183105469,2649600,DF,2006-04-03 to 2013-05-24
2007-03-23 00:00:00+00:00,21.61115837097168,44.45500183105469,44.5,44.064998626708984,44.310001373291016,2664800,DF,2006-04-03 to 2013-05-24
2007-03-26 00:00:00+00:00,21.713241577148438,44.665000915527344,44.709999084472656,43.970001220703125,44.42499923706055,2999800,DF,2006-04-03 to 2013-05-24
2007-03-27 00:00:00+00:00,21.662202835083008,44.560001373291016,44.625,44.33000183105469,44.525001525878906,2667400,DF,2006-04-03 to 2013-05-24
2007-03-28 00:00:00+00:00,21.528518676757812,44.28499984741211,44.56999969482422,44.20000076293945,44.435001373291016,3834000,DF,2006-04-03 to 2013-05-24
2007-03-29 00:00:00+00:00,21.664627075195312,44.564998626708984,44.58000183105469,44.220001220703125,44.48500061035156,3020600,DF,2006-04-03 to 2013-05-24
2007-03-30 00:00:00+00:00,21.577133178710938,44.3849983215332,44.59000015258789,43.775001525878906,44.564998626708984,3850600,DF,2006-04-03 to 2013-05-24
2007-04-02 00:00:00+00:00,21.8761043548584,45.0,45.125,44.3650016784668,44.3849983215332,3552200,DF,2006-04-03 to 2013-05-24
2007-04-03 00:00:00+00:00,21.87124252319336,44.9900016784668,45.099998474121094,44.71500015258789,45.0099983215332,2481000,DF,2006-04-03 to 2013-05-24
2007-04-04 00:00:00+00:00,21.771583557128906,44.78499984741211,45.32500076293945,44.75,45.029998779296875,2149600,DF,2006-04-03 to 2013-05-24
2007-04-05 00:00:00+00:00,21.910127639770508,45.06999969482422,45.125,44.71500015258789,44.790000915527344,2398200,DF,2006-04-03 to 2013-05-24
2007-04-09 00:00:00+00:00,21.924720764160156,45.099998474121094,45.415000915527344,45.029998779296875,45.029998779296875,1916800,DF,2006-04-03 to 2013-05-24
2007-04-10 00:00:00+00:00,21.978185653686523,45.209999084472656,45.23500061035156,44.779998779296875,45.0,2143000,DF,2006-04-03 to 2013-05-24
2007-04-11 00:00:00+00:00,21.844499588012695,44.935001373291016,45.29499816894531,44.904998779296875,44.9900016784668,3143200,DF,2006-04-03 to 2013-05-24
2007-04-12 00:00:00+00:00,21.764284133911133,44.77000045776367,45.040000915527344,44.404998779296875,44.95000076293945,2093400,DF,2006-04-03 to 2013-05-24
2007-04-13 00:00:00+00:00,21.667064666748047,44.56999969482422,45.19499969482422,44.40999984741211,45.19499969482422,1872600,DF,2006-04-03 to 2013-05-24
2007-04-16 00:00:00+00:00,21.754566192626953,44.75,44.77000045776367,44.32500076293945,44.56999969482422,3807800,DF,2006-04-03 to 2013-05-24
2007-04-17 00:00:00+00:00,21.693798065185547,44.625,44.67499923706055,44.39500045776367,44.57500076293945,2910400,DF,2006-04-03 to 2013-05-24
2007-04-18 00:00:00+00:00,21.56983757019043,44.369998931884766,44.57500076293945,44.119998931884766,44.57500076293945,4250000,DF,2006-04-03 to 2013-05-24
2007-04-19 00:00:00+00:00,21.652475357055664,44.540000915527344,44.790000915527344,44.099998474121094,44.790000915527344,4099000,DF,2006-04-03 to 2013-05-24
2007-04-20 00:00:00+00:00,22.085142135620117,45.43000030517578,45.540000915527344,44.85499954223633,44.96500015258789,7391400,DF,2006-04-03 to 2013-05-24
2007-04-23 00:00:00+00:00,22.272310256958008,45.814998626708984,45.96500015258789,45.41999816894531,45.435001373291016,4347000,DF,2006-04-03 to 2013-05-24
2007-04-24 00:00:00+00:00,22.24799346923828,45.76499938964844,45.91999816894531,45.60499954223633,45.814998626708984,2201200,DF,2006-04-03 to 2013-05-24
2007-04-25 00:00:00+00:00,22.464330673217773,46.209999084472656,46.2599983215332,45.810001373291016,45.94499969482422,4061200,DF,2006-04-03 to 2013-05-24
2007-04-26 00:00:00+00:00,22.442455291748047,46.165000915527344,46.334999084472656,46.04999923706055,46.209999084472656,2887600,DF,2006-04-03 to 2013-05-24
2007-04-27 00:00:00+00:00,22.25286293029785,45.775001525878906,46.1349983215332,45.70500183105469,45.78499984741211,2848400,DF,2006-04-03 to 2013-05-24
2007-04-30 00:00:00+00:00,22.167781829833984,45.599998474121094,46.814998626708984,45.584999084472656,46.814998626708984,4831200,DF,2006-04-03 to 2013-05-24
2007-05-01 00:00:00+00:00,22.420574188232422,46.119998931884766,46.22999954223633,45.529998779296875,45.994998931884766,4865000,DF,2006-04-03 to 2013-05-24
2007-05-02 00:00:00+00:00,22.369531631469727,46.01499938964844,46.2599983215332,45.625,46.2599983215332,6039800,DF,2006-04-03 to 2013-05-24
2007-05-03 00:00:00+00:00,22.153202056884766,45.56999969482422,45.8650016784668,45.36000061035156,45.57500076293945,3630200,DF,2006-04-03 to 2013-05-24
2007-05-04 00:00:00+00:00,22.075416564941406,45.40999984741211,45.69499969482422,45.2400016784668,45.56999969482422,2314600,DF,2006-04-03 to 2013-05-24
2007-05-07 00:00:00+00:00,21.983055114746094,45.220001220703125,45.494998931884766,45.099998474121094,45.40999984741211,3574000,DF,2006-04-03 to 2013-05-24
2007-05-08 00:00:00+00:00,21.80317497253418,44.849998474121094,45.209999084472656,44.71500015258789,45.125,4275200,DF,2006-04-03 to 2013-05-24
2007-05-09 00:00:00+00:00,21.922283172607422,45.095001220703125,45.185001373291016,44.834999084472656,44.85499954223633,3108800,DF,2006-04-03 to 2013-05-24
2007-05-10 00:00:00+00:00,21.669504165649414,44.57500076293945,45.17499923706055,44.56999969482422,44.96500015258789,2554200,DF,2006-04-03 to 2013-05-24
2007-05-11 00:00:00+00:00,22.004932403564453,45.26499938964844,45.26499938964844,44.7599983215332,44.79999923706055,2773800,DF,2006-04-03 to 2013-05-24
2007-05-14 00:00:00+00:00,21.990345001220703,45.23500061035156,45.57500076293945,45.1349983215332,45.45000076293945,2512600,DF,2006-04-03 to 2013-05-24
2007-05-15 00:00:00+00:00,21.9052734375,45.060001373291016,45.82500076293945,45.04999923706055,45.650001525878906,3802000,DF,2006-04-03 to 2013-05-24
2007-05-16 00:00:00+00:00,22.053543090820312,45.3650016784668,45.44499969482422,45.029998779296875,45.064998626708984,2314200,DF,2006-04-03 to 2013-05-24
2007-05-17 00:00:00+00:00,21.953887939453125,45.15999984741211,45.32500076293945,44.974998474121094,45.32500076293945,1758200,DF,2006-04-03 to 2013-05-24
2007-05-18 00:00:00+00:00,22.133752822875977,45.529998779296875,45.57500076293945,45.244998931884766,45.57500076293945,3228000,DF,2006-04-03 to 2013-05-24
2007-05-21 00:00:00+00:00,22.1264591217041,45.51499938964844,46.459999084472656,45.29999923706055,46.459999084472656,2061400,DF,2006-04-03 to 2013-05-24
2007-05-22 00:00:00+00:00,21.941728591918945,45.1349983215332,45.68000030517578,45.084999084472656,45.63999938964844,2350000,DF,2006-04-03 to 2013-05-24
2007-05-23 00:00:00+00:00,21.679214477539062,44.595001220703125,45.290000915527344,44.5099983215332,45.11000061035156,2579600,DF,2006-04-03 to 2013-05-24
2007-05-24 00:00:00+00:00,21.115304946899414,43.435001373291016,44.650001525878906,43.290000915527344,44.5,4154600,DF,2006-04-03 to 2013-05-24
2007-05-25 00:00:00+00:00,21.04238510131836,43.28499984741211,43.79999923706055,42.79999923706055,43.525001525878906,4539400,DF,2006-04-03 to 2013-05-24
2007-05-29 00:00:00+00:00,21.3243465423584,43.8650016784668,43.970001220703125,43.5,43.529998779296875,3337800,DF,2006-04-03 to 2013-05-24
2007-05-30 00:00:00+00:00,21.47381591796875,43.814998626708984,43.845001220703125,43.119998931884766,43.75,3483000,DF,2006-04-03 to 2013-05-24
2007-05-31 00:00:00+00:00,21.709060668945312,44.29499816894531,44.345001220703125,43.775001525878906,44.0,4285000,DF,2006-04-03 to 2013-05-24
2007-06-01 00:00:00+00:00,21.47627830505371,43.81999969482422,44.63999938964844,43.70500183105469,44.29499816894531,5548200,DF,2006-04-03 to 2013-05-24
2007-06-04 00:00:00+00:00,21.53263282775879,43.935001373291016,44.43000030517578,43.529998779296875,43.900001525878906,6576000,DF,2006-04-03 to 2013-05-24
2007-06-05 00:00:00+00:00,21.16015625,43.17499923706055,43.814998626708984,43.02000045776367,43.779998779296875,5078800,DF,2006-04-03 to 2013-05-24
2007-06-06 00:00:00+00:00,20.672508239746094,42.18000030517578,43.21500015258789,41.845001220703125,43.21500015258789,9061600,DF,2006-04-03 to 2013-05-24
2007-06-07 00:00:00+00:00,20.025569915771484,40.86000061035156,43.17499923706055,40.779998779296875,42.040000915527344,7833000,DF,2006-04-03 to 2013-05-24
2007-06-08 00:00:00+00:00,20.20935821533203,41.23500061035156,41.54999923706055,40.685001373291016,40.8650016784668,5792600,DF,2006-04-03 to 2013-05-24
2007-06-11 00:00:00+00:00,20.46421241760254,41.755001068115234,42.13999938964844,41.25,41.25,4686400,DF,2006-04-03 to 2013-05-24
2007-06-12 00:00:00+00:00,20.096628189086914,41.005001068115234,41.6349983215332,40.97999954223633,41.369998931884766,4612000,DF,2006-04-03 to 2013-05-24
2007-06-13 00:00:00+00:00,20.75091552734375,42.34000015258789,42.369998931884766,41.20000076293945,41.20000076293945,5774400,DF,2006-04-03 to 2013-05-24
2007-06-14 00:00:00+00:00,20.780324935913086,42.400001525878906,42.73500061035156,42.22999954223633,42.275001525878906,5533200,DF,2006-04-03 to 2013-05-24
2007-06-15 00:00:00+00:00,20.983715057373047,42.814998626708984,43.17499923706055,42.685001373291016,42.75,5855800,DF,2006-04-03 to 2013-05-24
2007-06-18 00:00:00+00:00,20.728864669799805,42.29499816894531,42.91999816894531,42.150001525878906,42.81999969482422,3742400,DF,2006-04-03 to 2013-05-24
2007-06-19 00:00:00+00:00,20.584280014038086,42.0,42.29499816894531,41.7599983215332,42.25,4216600,DF,2006-04-03 to 2013-05-24
2007-06-20 00:00:00+00:00,20.116233825683594,41.04499816894531,42.244998931884766,40.959999084472656,42.244998931884766,5019200,DF,2006-04-03 to 2013-05-24
2007-06-21 00:00:00+00:00,20.10887908935547,41.029998779296875,41.32500076293945,40.7599983215332,41.09000015258789,4781800,DF,2006-04-03 to 2013-05-24
2007-06-22 00:00:00+00:00,19.738861083984375,40.275001525878906,40.959999084472656,40.025001525878906,40.95500183105469,4874200,DF,2006-04-03 to 2013-05-24
2007-06-25 00:00:00+00:00,19.9471492767334,40.70000076293945,41.23500061035156,40.32500076293945,40.42499923706055,5023200,DF,2006-04-03 to 2013-05-24
2007-06-26 00:00:00+00:00,19.88833999633789,40.58000183105469,41.220001220703125,40.58000183105469,40.79999923706055,4743400,DF,2006-04-03 to 2013-05-24
2007-06-27 00:00:00+00:00,20.474014282226562,41.775001525878906,41.779998779296875,40.43000030517578,40.58000183105469,4795200,DF,2006-04-03 to 2013-05-24
2007-06-28 00:00:00+00:00,21.081741333007812,43.01499938964844,44.244998931884766,43.01499938964844,43.86000061035156,10199000,DF,2006-04-03 to 2013-05-24
2007-06-29 00:00:00+00:00,21.150352478027344,43.154998779296875,43.51499938964844,42.78499984741211,43.255001068115234,7223600,DF,2006-04-03 to 2013-05-24
2007-07-02 00:00:00+00:00,21.280231475830078,43.41999816894531,43.880001068115234,43.150001525878906,43.150001525878906,5823400,DF,2006-04-03 to 2013-05-24
2007-07-03 00:00:00+00:00,21.243467330932617,43.345001220703125,43.53499984741211,43.05500030517578,43.41999816894531,2440200,DF,2006-04-03 to 2013-05-24
2007-07-05 00:00:00+00:00,21.22876739501953,43.314998626708984,43.39500045776367,42.95000076293945,43.28499984741211,5655600,DF,2006-04-03 to 2013-05-24
2007-07-06 00:00:00+00:00,21.120943069458008,43.095001220703125,43.26499938964844,42.974998474121094,43.23500061035156,4048800,DF,2006-04-03 to 2013-05-24
2007-07-09 00:00:00+00:00,21.214073181152344,43.28499984741211,43.45000076293945,43.04999923706055,43.125,2883200,DF,2006-04-03 to 2013-05-24
2007-07-10 00:00:00+00:00,21.187110900878906,43.22999954223633,43.790000915527344,43.150001525878906,43.25,6046800,DF,2006-04-03 to 2013-05-24
2007-07-11 00:00:00+00:00,21.39785385131836,43.65999984741211,43.72999954223633,43.07500076293945,43.084999084472656,3614600,DF,2006-04-03 to 2013-05-24
2007-07-12 00:00:00+00:00,21.68455696105957,44.244998931884766,44.2599983215332,43.53499984741211,43.75,3957200,DF,2006-04-03 to 2013-05-24
2007-07-13 00:00:00+00:00,21.71151351928711,44.29999923706055,44.5099983215332,43.939998626708984,43.939998626708984,4606000,DF,2006-04-03 to 2013-05-24
2007-07-16 00:00:00+00:00,21.6551570892334,44.185001373291016,44.505001068115234,44.0099983215332,44.060001373291016,7956600,DF,2006-04-03 to 2013-05-24
2007-07-17 00:00:00+00:00,21.5889949798584,44.04999923706055,44.34000015258789,43.88999938964844,44.19499969482422,5067600,DF,2006-04-03 to 2013-05-24
2007-07-18 00:00:00+00:00,21.498329162597656,43.8650016784668,44.084999084472656,43.64500045776367,43.98500061035156,8439800,DF,2006-04-03 to 2013-05-24
2007-07-19 00:00:00+00:00,21.623300552368164,44.119998931884766,44.28499984741211,43.81999969482422,43.8849983215332,5471600,DF,2006-04-03 to 2013-05-24
2007-07-20 00:00:00+00:00,21.366004943847656,43.595001220703125,44.21500015258789,43.55500030517578,44.08000183105469,5611000,DF,2006-04-03 to 2013-05-24
2007-07-23 00:00:00+00:00,21.33903694152832,43.540000915527344,44.005001068115234,43.41999816894531,43.9900016784668,3446400,DF,2006-04-03 to 2013-05-24
2007-07-24 00:00:00+00:00,20.824434280395508,42.4900016784668,43.599998474121094,42.45500183105469,43.27000045776367,4978200,DF,2006-04-03 to 2013-05-24
2007-07-25 00:00:00+00:00,21.005773544311523,42.86000061035156,42.935001373291016,42.15999984741211,42.70000076293945,5766800,DF,2006-04-03 to 2013-05-24
2007-07-26 00:00:00+00:00,20.503419876098633,41.834999084472656,42.79999923706055,41.26499938964844,42.599998474121094,7878000,DF,2006-04-03 to 2013-05-24
2007-07-27 00:00:00+00:00,20.14073944091797,41.095001220703125,42.20000076293945,41.095001220703125,41.834999084472656,6640000,DF,2006-04-03 to 2013-05-24
2007-07-30 00:00:00+00:00,20.559783935546875,41.95000076293945,42.09000015258789,40.755001068115234,41.029998779296875,6577200,DF,2006-04-03 to 2013-05-24
2007-07-31 00:00:00+00:00,20.638195037841797,42.11000061035156,43.5,41.82500076293945,42.3849983215332,6968400,DF,2006-04-03 to 2013-05-24
2007-08-01 00:00:00+00:00,20.844036102294922,42.529998779296875,42.970001220703125,41.630001068115234,42.01499938964844,6640800,DF,2006-04-03 to 2013-05-24
2007-08-02 00:00:00+00:00,20.731313705444336,42.29999923706055,42.724998474121094,41.94499969482422,42.39500045776367,13514200,DF,2006-04-03 to 2013-05-24
2007-08-03 00:00:00+00:00,20.584280014038086,42.0,42.73500061035156,41.65999984741211,42.25,11563600,DF,2006-04-03 to 2013-05-24
2007-08-06 00:00:00+00:00,21.30963134765625,43.47999954223633,43.54999923706055,41.375,42.17499923706055,12922800,DF,2006-04-03 to 2013-05-24
2007-08-07 00:00:00+00:00,21.870805740356445,44.625,45.0,43.209999084472656,43.459999084472656,29121000,DF,2006-04-03 to 2013-05-24
2007-08-08 00:00:00+00:00,22.324142456054688,45.54999923706055,46.0,45.11000061035156,45.224998474121094,26402400,DF,2006-04-03 to 2013-05-24
2007-08-09 00:00:00+00:00,22.26288604736328,45.42499923706055,45.744998931884766,44.060001373291016,45.04999923706055,12059000,DF,2006-04-03 to 2013-05-24
2007-08-10 00:00:00+00:00,22.115848541259766,45.125,45.7400016784668,44.81999969482422,45.1150016784668,9164000,DF,2006-04-03 to 2013-05-24
2007-08-13 00:00:00+00:00,21.887956619262695,44.65999984741211,45.54499816894531,44.279998779296875,45.25,7756600,DF,2006-04-03 to 2013-05-24
2007-08-14 00:00:00+00:00,21.535083770751953,43.939998626708984,44.904998779296875,43.939998626708984,44.625,4834800,DF,2006-04-03 to 2013-05-24
2007-08-15 00:00:00+00:00,21.152793884277344,43.15999984741211,44.45500183105469,42.994998931884766,43.79999923706055,5191400,DF,2006-04-03 to 2013-05-24
2007-08-16 00:00:00+00:00,20.973918914794922,42.79499816894531,43.20000076293945,41.779998779296875,42.83000183105469,8630200,DF,2006-04-03 to 2013-05-24
2007-08-17 00:00:00+00:00,21.41010856628418,43.685001373291016,43.845001220703125,41.779998779296875,42.40999984741211,12234400,DF,2006-04-03 to 2013-05-24
2007-08-20 00:00:00+00:00,21.346385955810547,43.55500030517578,43.970001220703125,43.27000045776367,43.459999084472656,5005000,DF,2006-04-03 to 2013-05-24
2007-08-21 00:00:00+00:00,21.329240798950195,43.52000045776367,44.08000183105469,43.15999984741211,43.165000915527344,4121600,DF,2006-04-03 to 2013-05-24
2007-08-22 00:00:00+00:00,21.709060668945312,44.29499816894531,44.369998931884766,43.61000061035156,43.755001068115234,2813200,DF,2006-04-03 to 2013-05-24
2007-08-23 00:00:00+00:00,21.67966079711914,44.23500061035156,44.67499923706055,44.060001373291016,44.439998626708984,2574800,DF,2006-04-03 to 2013-05-24
2007-08-24 00:00:00+00:00,21.7850399017334,44.45000076293945,44.560001373291016,43.93000030517578,44.32500076293945,2823600,DF,2006-04-03 to 2013-05-24
2007-08-27 00:00:00+00:00,21.250816345214844,43.36000061035156,44.30500030517578,43.06999969482422,44.30500030517578,4600600,DF,2006-04-03 to 2013-05-24
2007-08-28 00:00:00+00:00,21.194459915161133,43.244998931884766,43.849998474121094,43.165000915527344,43.345001220703125,5869600,DF,2006-04-03 to 2013-05-24
2007-08-29 00:00:00+00:00,21.377296447753906,43.2599983215332,43.31999969482422,42.654998779296875,43.185001373291016,5360400,DF,2006-04-03 to 2013-05-24
2007-08-30 00:00:00+00:00,21.051151275634766,42.599998474121094,43.11000061035156,42.41999816894531,42.880001068115234,5455200,DF,2006-04-03 to 2013-05-24
2007-08-31 00:00:00+00:00,21.046213150024414,42.59000015258789,43.04999923706055,42.400001525878906,42.76499938964844,8176400,DF,2006-04-03 to 2013-05-24
2007-09-04 00:00:00+00:00,21.26117515563965,43.025001525878906,43.20000076293945,41.880001068115234,42.0,5442600,DF,2006-04-03 to 2013-05-24
2007-09-05 00:00:00+00:00,20.9893856048584,42.474998474121094,42.75,42.040000915527344,42.720001220703125,5439000,DF,2006-04-03 to 2013-05-24
2007-09-06 00:00:00+00:00,21.179637908935547,42.86000061035156,43.095001220703125,42.31999969482422,42.5099983215332,4829800,DF,2006-04-03 to 2013-05-24
2007-09-07 00:00:00+00:00,20.873258590698242,42.2400016784668,42.75,41.95500183105469,42.43000030517578,4401200,DF,2006-04-03 to 2013-05-24
2007-09-10 00:00:00+00:00,21.056093215942383,42.61000061035156,42.900001525878906,42.35499954223633,42.625,4355000,DF,2006-04-03 to 2013-05-24
2007-09-11 00:00:00+00:00,21.149982452392578,42.79999923706055,42.89500045776367,42.35499954223633,42.54499816894531,7452400,DF,2006-04-03 to 2013-05-24
2007-09-12 00:00:00+00:00,21.233993530273438,42.970001220703125,43.1349983215332,42.70000076293945,42.7599983215332,4108400,DF,2006-04-03 to 2013-05-24
2007-09-13 00:00:00+00:00,21.130224227905273,42.7599983215332,43.26499938964844,42.60499954223633,43.189998626708984,3111800,DF,2006-04-03 to 2013-05-24
2007-09-14 00:00:00+00:00,21.179637908935547,42.86000061035156,43.06999969482422,42.334999084472656,42.560001373291016,3236800,DF,2006-04-03 to 2013-05-24
2007-09-17 00:00:00+00:00,21.023969650268555,42.54499816894531,42.724998474121094,42.29499816894531,42.47999954223633,2481400,DF,2006-04-03 to 2013-05-24
2007-09-18 00:00:00+00:00,21.174692153930664,42.849998474121094,43.0,42.42499923706055,42.51499938964844,3840200,DF,2006-04-03 to 2013-05-24
2007-09-19 00:00:00+00:00,21.426725387573242,43.36000061035156,43.4900016784668,42.904998779296875,43.125,4016200,DF,2006-04-03 to 2013-05-24
2007-09-20 00:00:00+00:00,21.23151206970215,42.96500015258789,43.45500183105469,42.939998626708984,43.40999984741211,2651200,DF,2006-04-03 to 2013-05-24
2007-09-21 00:00:00+00:00,21.288352966308594,43.08000183105469,43.415000915527344,42.96500015258789,43.17499923706055,3558200,DF,2006-04-03 to 2013-05-24
2007-09-24 00:00:00+00:00,21.332826614379883,43.16999816894531,43.654998779296875,42.970001220703125,43.05500030517578,2816400,DF,2006-04-03 to 2013-05-24
2007-09-25 00:00:00+00:00,21.44894790649414,43.404998779296875,43.77000045776367,43.18000030517578,43.21500015258789,2340600,DF,2006-04-03 to 2013-05-24
2007-09-26 00:00:00+00:00,21.458833694458008,43.42499923706055,44.0099983215332,43.30500030517578,43.52000045776367,3793600,DF,2006-04-03 to 2013-05-24
2007-09-27 00:00:00+00:00,21.18705177307129,42.875,43.5099983215332,42.84000015258789,43.5099983215332,3698000,DF,2006-04-03 to 2013-05-24
2007-09-28 00:00:00+00:00,20.82878303527832,42.150001525878906,42.98500061035156,42.150001525878906,42.75,4095400,DF,2006-04-03 to 2013-05-24
2007-10-01 00:00:00+00:00,21.056093215942383,42.61000061035156,42.75,42.22999954223633,42.32500076293945,4160000,DF,2006-04-03 to 2013-05-24
2007-10-02 00:00:00+00:00,21.090686798095703,42.68000030517578,42.68000030517578,42.30500030517578,42.64500045776367,2321600,DF,2006-04-03 to 2013-05-24
2007-10-03 00:00:00+00:00,21.130224227905273,42.7599983215332,42.8650016784668,42.375,42.5,1913000,DF,2006-04-03 to 2013-05-24
2007-10-04 00:00:00+00:00,21.3377685546875,43.18000030517578,43.29999923706055,42.744998931884766,42.91999816894531,1535400,DF,2006-04-03 to 2013-05-24
2007-10-05 00:00:00+00:00,21.513198852539062,43.53499984741211,43.7400016784668,43.25,43.334999084472656,2017200,DF,2006-04-03 to 2013-05-24
2007-10-08 00:00:00+00:00,21.503311157226562,43.51499938964844,43.73500061035156,43.38999938964844,43.54499816894531,1562600,DF,2006-04-03 to 2013-05-24
2007-10-09 00:00:00+00:00,21.878870010375977,44.275001525878906,44.310001373291016,43.584999084472656,43.650001525878906,2867200,DF,2006-04-03 to 2013-05-24
2007-10-10 00:00:00+00:00,21.594728469848633,43.70000076293945,44.21500015258789,43.6150016784668,44.18000030517578,2521200,DF,2006-04-03 to 2013-05-24
2007-10-11 00:00:00+00:00,21.604604721069336,43.720001220703125,44.04499816894531,43.5,43.93000030517578,3112800,DF,2006-04-03 to 2013-05-24
2007-10-12 00:00:00+00:00,21.63178825378418,43.775001525878906,44.18000030517578,43.6349983215332,43.81999969482422,1326400,DF,2006-04-03 to 2013-05-24
2007-10-15 00:00:00+00:00,21.5428466796875,43.595001220703125,44.10499954223633,43.31999969482422,43.8849983215332,2030200,DF,2006-04-03 to 2013-05-24
2007-10-16 00:00:00+00:00,21.540367126464844,43.59000015258789,43.755001068115234,43.220001220703125,43.400001525878906,3536400,DF,2006-04-03 to 2013-05-24
2007-10-17 00:00:00+00:00,21.503311157226562,43.51499938964844,44.0,43.20000076293945,43.95000076293945,2328800,DF,2006-04-03 to 2013-05-24
2007-10-18 00:00:00+00:00,21.498371124267578,43.505001068115234,43.66999816894531,43.19499969482422,43.40999984741211,1549600,DF,2006-04-03 to 2013-05-24
2007-10-19 00:00:00+00:00,21.246347427368164,42.994998931884766,43.58000183105469,42.90999984741211,43.224998474121094,4348400,DF,2006-04-03 to 2013-05-24
2007-10-22 00:00:00+00:00,21.30317497253418,43.11000061035156,43.220001220703125,42.48500061035156,42.70000076293945,2129600,DF,2006-04-03 to 2013-05-24
2007-10-23 00:00:00+00:00,21.216707229614258,42.935001373291016,43.310001373291016,42.63999938964844,43.25,2241600,DF,2006-04-03 to 2013-05-24
2007-10-24 00:00:00+00:00,21.374834060668945,43.255001068115234,43.314998626708984,42.65999984741211,43.125,3690000,DF,2006-04-03 to 2013-05-24
2007-10-25 00:00:00+00:00,21.671321868896484,43.85499954223633,43.90999984741211,43.20000076293945,43.42499923706055,2563400,DF,2006-04-03 to 2013-05-24
2007-10-26 00:00:00+00:00,21.901103973388672,44.31999969482422,44.31999969482422,43.78499984741211,44.165000915527344,1925200,DF,2006-04-03 to 2013-05-24
2007-10-29 00:00:00+00:00,22.269258499145508,45.064998626708984,45.2400016784668,44.5099983215332,44.57500076293945,3352200,DF,2006-04-03 to 2013-05-24
2007-10-30 00:00:00+00:00,22.27666664123535,45.08000183105469,45.439998626708984,44.89500045776367,44.98500061035156,3446200,DF,2006-04-03 to 2013-05-24
2007-10-31 00:00:00+00:00,22.639869689941406,45.814998626708984,45.915000915527344,45.15999984741211,45.345001220703125,2965000,DF,2006-04-03 to 2013-05-24
2007-11-01 00:00:00+00:00,22.25937843322754,45.04499816894531,46.025001525878906,45.005001068115234,45.97999954223633,2594000,DF,2006-04-03 to 2013-05-24
2007-11-02 00:00:00+00:00,22.407617568969727,45.345001220703125,45.45500183105469,44.76499938964844,45.064998626708984,2189000,DF,2006-04-03 to 2013-05-24
2007-11-05 00:00:00+00:00,22.68187713623047,45.900001525878906,46.125,45.005001068115234,45.26499938964844,3021600,DF,2006-04-03 to 2013-05-24
2007-11-06 00:00:00+00:00,22.689287185668945,45.915000915527344,46.275001525878906,45.42499923706055,46.275001525878906,2650800,DF,2006-04-03 to 2013-05-24
2007-11-07 00:00:00+00:00,22.261842727661133,45.04999923706055,45.904998779296875,45.04999923706055,45.904998779296875,2770000,DF,2006-04-03 to 2013-05-24
2007-11-08 00:00:00+00:00,22.74612045288086,46.029998779296875,46.14500045776367,45.04499816894531,45.099998474121094,4185800,DF,2006-04-03 to 2013-05-24
2007-11-09 00:00:00+00:00,22.76589012145996,46.06999969482422,46.775001525878906,45.54999923706055,45.60499954223633,4830600,DF,2006-04-03 to 2013-05-24
2007-11-12 00:00:00+00:00,22.348329544067383,45.224998474121094,46.17499923706055,45.125,45.89500045776367,4146800,DF,2006-04-03 to 2013-05-24
2007-11-13 00:00:00+00:00,22.476810455322266,45.48500061035156,45.685001373291016,44.7400016784668,45.51499938964844,3083400,DF,2006-04-03 to 2013-05-24
2007-11-14 00:00:00+00:00,22.37303352355957,45.275001525878906,45.84000015258789,45.209999084472656,45.84000015258789,2307400,DF,2006-04-03 to 2013-05-24
2007-11-15 00:00:00+00:00,22.4051456451416,45.34000015258789,45.630001068115234,45.029998779296875,45.03499984741211,3177800,DF,2006-04-03 to 2013-05-24
2007-11-16 00:00:00+00:00,22.55833625793457,45.650001525878906,45.7400016784668,45.029998779296875,45.584999084472656,2955600,DF,2006-04-03 to 2013-05-24
2007-11-19 00:00:00+00:00,22.491628646850586,45.51499938964844,46.0,45.28499984741211,45.45500183105469,6485000,DF,2006-04-03 to 2013-05-24
2007-11-20 00:00:00+00:00,22.914133071899414,46.369998931884766,46.9900016784668,45.560001373291016,46.15999984741211,4618800,DF,2006-04-03 to 2013-05-24
2007-11-21 00:00:00+00:00,22.840017318725586,46.220001220703125,46.88999938964844,45.81999969482422,46.7400016784668,3084600,DF,2006-04-03 to 2013-05-24
2007-11-23 00:00:00+00:00,22.587989807128906,45.709999084472656,46.619998931884766,45.560001373291016,46.619998931884766,899800,DF,2006-04-03 to 2013-05-24
2007-11-26 00:00:00+00:00,22.67693519592285,45.88999938964844,46.75,45.61000061035156,45.79999923706055,3246500,DF,2006-04-03 to 2013-05-24
2007-11-27 00:00:00+00:00,22.998136520385742,46.540000915527344,46.709999084472656,45.86000061035156,46.189998626708984,3225200,DF,2006-04-03 to 2013-05-24
2007-11-28 00:00:00+00:00,23.319725036621094,46.9900016784668,47.060001373291016,45.95000076293945,46.70000076293945,3498000,DF,2006-04-03 to 2013-05-24
2007-11-29 00:00:00+00:00,23.284990310668945,46.91999816894531,47.36000061035156,46.599998474121094,46.75,2581800,DF,2006-04-03 to 2013-05-24
2007-11-30 00:00:00+00:00,23.438831329345703,47.22999954223633,47.5,46.560001373291016,47.38999938964844,2906800,DF,2006-04-03 to 2013-05-24
2007-12-03 00:00:00+00:00,23.518234252929688,47.38999938964844,47.5,46.900001525878906,46.900001525878906,2010900,DF,2006-04-03 to 2013-05-24
2007-12-04 00:00:00+00:00,23.820955276489258,48.0,48.18000030517578,47.13999938964844,47.20000076293945,3019700,DF,2006-04-03 to 2013-05-24
2007-12-05 00:00:00+00:00,24.312265396118164,48.9900016784668,49.20000076293945,48.029998779296875,48.439998626708984,3942800,DF,2006-04-03 to 2013-05-24
2007-12-06 00:00:00+00:00,24.28744888305664,48.939998626708984,49.349998474121094,48.5099983215332,49.20000076293945,2951000,DF,2006-04-03 to 2013-05-24
2007-12-07 00:00:00+00:00,24.203086853027344,48.77000045776367,49.220001220703125,48.59000015258789,48.93000030517578,1943300,DF,2006-04-03 to 2013-05-24
2007-12-10 00:00:00+00:00,24.118715286254883,48.599998474121094,48.900001525878906,48.16999816894531,48.279998779296875,3203100,DF,2006-04-03 to 2013-05-24
2007-12-11 00:00:00+00:00,23.686962127685547,47.72999954223633,48.9900016784668,47.63999938964844,48.77000045776367,3672000,DF,2006-04-03 to 2013-05-24
2007-12-12 00:00:00+00:00,23.731630325317383,47.81999969482422,48.869998931884766,47.290000915527344,48.70000076293945,2617200,DF,2006-04-03 to 2013-05-24
2007-12-13 00:00:00+00:00,24.08893394470215,48.540000915527344,48.63999938964844,47.56999969482422,47.56999969482422,3020100,DF,2006-04-03 to 2013-05-24
2007-12-14 00:00:00+00:00,23.731630325317383,47.81999969482422,48.7400016784668,47.75,48.18000030517578,2988600,DF,2006-04-03 to 2013-05-24
2007-12-17 00:00:00+00:00,23.4239444732666,47.20000076293945,47.810001373291016,46.93000030517578,47.709999084472656,2254100,DF,2006-04-03 to 2013-05-24
2007-12-18 00:00:00+00:00,23.58771514892578,47.529998779296875,47.84000015258789,47.290000915527344,47.630001068115234,2404200,DF,2006-04-03 to 2013-05-24
2007-12-19 00:00:00+00:00,23.493410110473633,47.34000015258789,48.0099983215332,47.310001373291016,47.630001068115234,2151600,DF,2006-04-03 to 2013-05-24
2007-12-20 00:00:00+00:00,23.62244415283203,47.599998474121094,48.0,47.349998474121094,47.59000015258789,2233000,DF,2006-04-03 to 2013-05-24
2007-12-21 00:00:00+00:00,24.16835594177246,48.70000076293945,48.810001373291016,48.02000045776367,48.06999969482422,3907400,DF,2006-04-03 to 2013-05-24
2007-12-24 00:00:00+00:00,24.01946449279785,48.400001525878906,49.380001068115234,48.02000045776367,49.380001068115234,639600,DF,2006-04-03 to 2013-05-24
2007-12-26 00:00:00+00:00,23.94998550415039,48.2599983215332,48.4900016784668,48.130001068115234,48.29999923706055,777200,DF,2006-04-03 to 2013-05-24
2007-12-27 00:00:00+00:00,23.518234252929688,47.38999938964844,48.2599983215332,47.279998779296875,48.09000015258789,1624300,DF,2006-04-03 to 2013-05-24
2007-12-28 00:00:00+00:00,23.62244415283203,47.599998474121094,48.08000183105469,47.27000045776367,48.08000183105469,1753400,DF,2006-04-03 to 2013-05-24
2007-12-31 00:00:00+00:00,23.548009872436523,47.45000076293945,48.0,47.29999923706055,47.29999923706055,1321400,DF,2006-04-03 to 2013-05-24
2008-01-02 00:00:00+00:00,23.08647346496582,46.52000045776367,47.5,46.400001525878906,47.29999923706055,2275300,DF,2006-04-03 to 2013-05-24
2008-01-03 00:00:00+00:00,23.041812896728516,46.43000030517578,46.91999816894531,46.34000015258789,46.58000183105469,2204100,DF,2006-04-03 to 2013-05-24
2008-01-04 00:00:00+00:00,23.046783447265625,46.439998626708984,46.939998626708984,46.08000183105469,46.130001068115234,2729500,DF,2006-04-03 to 2013-05-24
2008-01-07 00:00:00+00:00,23.677038192749023,47.709999084472656,47.709999084472656,46.4900016784668,46.630001068115234,3237000,DF,2006-04-03 to 2013-05-24
2008-01-08 00:00:00+00:00,23.508312225341797,47.369998931884766,48.22999954223633,47.2599983215332,47.849998474121094,2639600,DF,2006-04-03 to 2013-05-24
2008-01-09 00:00:00+00:00,23.875547409057617,48.11000061035156,48.11000061035156,47.31999969482422,47.31999969482422,2492600,DF,2006-04-03 to 2013-05-24
2008-01-10 00:00:00+00:00,23.691926956176758,47.7400016784668,48.5,47.43000030517578,47.84000015258789,2683800,DF,2006-04-03 to 2013-05-24
2008-01-11 00:00:00+00:00,23.46860694885254,47.290000915527344,48.08000183105469,46.7400016784668,47.400001525878906,2624700,DF,2006-04-03 to 2013-05-24
2008-01-14 00:00:00+00:00,23.60260581970215,47.560001373291016,47.83000183105469,47.189998626708984,47.4900016784668,1606300,DF,2006-04-03 to 2013-05-24
2008-01-15 00:00:00+00:00,23.319725036621094,46.9900016784668,47.75,46.939998626708984,47.08000183105469,2615700,DF,2006-04-03 to 2013-05-24
2008-01-16 00:00:00+00:00,23.18572235107422,46.720001220703125,47.52000045776367,46.59000015258789,46.68000030517578,3987800,DF,2006-04-03 to 2013-05-24
2008-01-17 00:00:00+00:00,22.322219848632812,44.97999954223633,46.97999954223633,44.66999816894531,46.7400016784668,5968600,DF,2006-04-03 to 2013-05-24
2008-01-18 00:00:00+00:00,21.954984664916992,44.2400016784668,45.5,43.9900016784668,45.20000076293945,5664700,DF,2006-04-03 to 2013-05-24
2008-01-22 00:00:00+00:00,21.01703453063965,42.349998474121094,43.33000183105469,41.36000061035156,42.02000045776367,5467500,DF,2006-04-03 to 2013-05-24
2008-01-23 00:00:00+00:00,21.557960510253906,43.439998626708984,43.52000045776367,40.650001525878906,41.189998626708984,4595300,DF,2006-04-03 to 2013-05-24
2008-01-24 00:00:00+00:00,20.927703857421875,42.16999816894531,43.97999954223633,41.900001525878906,43.65999984741211,3787700,DF,2006-04-03 to 2013-05-24
2008-01-25 00:00:00+00:00,20.361957550048828,41.029998779296875,42.65999984741211,40.88999938964844,42.65999984741211,4520100,DF,2006-04-03 to 2013-05-24
2008-01-28 00:00:00+00:00,20.892963409423828,42.099998474121094,42.209999084472656,41.0,41.0099983215332,3515500,DF,2006-04-03 to 2013-05-24
2008-01-29 00:00:00+00:00,21.01703453063965,42.349998474121094,42.83000183105469,41.84000015258789,42.5099983215332,2558800,DF,2006-04-03 to 2013-05-24
2008-01-30 00:00:00+00:00,21.225460052490234,42.77000045776367,43.7599983215332,41.65999984741211,42.2599983215332,4381000,DF,2006-04-03 to 2013-05-24
2008-01-31 00:00:00+00:00,21.339601516723633,43.0,43.4900016784668,40.54999923706055,43.4900016784668,4521200,DF,2006-04-03 to 2013-05-24
2008-02-01 00:00:00+00:00,21.622474670410156,43.56999969482422,43.619998931884766,42.52000045776367,42.52000045776367,2781200,DF,2006-04-03 to 2013-05-24
2008-02-04 00:00:00+00:00,21.935131072998047,44.20000076293945,44.59000015258789,43.58000183105469,43.58000183105469,2056100,DF,2006-04-03 to 2013-05-24
2008-02-05 00:00:00+00:00,21.200658798217773,42.720001220703125,44.58000183105469,42.630001068115234,44.349998474121094,3018100,DF,2006-04-03 to 2013-05-24
2008-02-06 00:00:00+00:00,21.08155059814453,42.47999954223633,43.41999816894531,42.349998474121094,43.09000015258789,2752800,DF,2006-04-03 to 2013-05-24
2008-02-07 00:00:00+00:00,21.04680824279785,42.40999984741211,42.720001220703125,41.65999984741211,42.65999984741211,3224000,DF,2006-04-03 to 2013-05-24
2008-02-08 00:00:00+00:00,20.897926330566406,42.11000061035156,42.470001220703125,41.880001068115234,42.11000061035156,1838900,DF,2006-04-03 to 2013-05-24
2008-02-11 00:00:00+00:00,20.81852912902832,41.95000076293945,42.27000045776367,41.75,42.0099983215332,2054000,DF,2006-04-03 to 2013-05-24
2008-02-12 00:00:00+00:00,21.08651351928711,42.4900016784668,42.630001068115234,41.900001525878906,42.13999938964844,3411400,DF,2006-04-03 to 2013-05-24
2008-02-13 00:00:00+00:00,21.349529266357422,43.02000045776367,43.119998931884766,42.59000015258789,42.900001525878906,3403100,DF,2006-04-03 to 2013-05-24
2008-02-14 00:00:00+00:00,21.14109230041504,42.599998474121094,43.47999954223633,42.380001068115234,43.119998931884766,2183100,DF,2006-04-03 to 2013-05-24
2008-02-15 00:00:00+00:00,21.175830841064453,42.66999816894531,42.75,42.060001373291016,42.09000015258789,2744100,DF,2006-04-03 to 2013-05-24
2008-02-19 00:00:00+00:00,21.14109230041504,42.599998474121094,43.290000915527344,42.38999938964844,43.06999969482422,1801300,DF,2006-04-03 to 2013-05-24
2008-02-20 00:00:00+00:00,20.98724937438965,42.290000915527344,42.47999954223633,41.75,42.22999954223633,2309800,DF,2006-04-03 to 2013-05-24
2008-02-21 00:00:00+00:00,20.699417114257812,41.709999084472656,42.900001525878906,41.599998474121094,42.349998474121094,2085700,DF,2006-04-03 to 2013-05-24
2008-02-22 00:00:00+00:00,20.977336883544922,42.27000045776367,42.33000183105469,41.65999984741211,41.95000076293945,1718500,DF,2006-04-03 to 2013-05-24
2008-02-25 00:00:00+00:00,21.146060943603516,42.61000061035156,43.099998474121094,42.040000915527344,42.209999084472656,1942200,DF,2006-04-03 to 2013-05-24
2008-02-26 00:00:00+00:00,21.215538024902344,42.75,42.75,42.209999084472656,42.4900016784668,2904800,DF,2006-04-03 to 2013-05-24
2008-02-27 00:00:00+00:00,20.997650146484375,41.91999816894531,42.5099983215332,41.88999938964844,42.40999984741211,3385400,DF,2006-04-03 to 2013-05-24
2008-02-28 00:00:00+00:00,20.782268524169922,41.4900016784668,41.9900016784668,41.29999923706055,41.61000061035156,2154200,DF,2006-04-03 to 2013-05-24
2008-02-29 00:00:00+00:00,20.005870819091797,39.939998626708984,41.2599983215332,39.779998779296875,41.11000061035156,3954300,DF,2006-04-03 to 2013-05-24
2008-03-03 00:00:00+00:00,20.146120071411133,40.220001220703125,40.33000183105469,39.619998931884766,39.970001220703125,3047700,DF,2006-04-03 to 2013-05-24
2008-03-04 00:00:00+00:00,20.166149139404297,40.2599983215332,40.61000061035156,39.7400016784668,39.93000030517578,4652800,DF,2006-04-03 to 2013-05-24
2008-03-05 00:00:00+00:00,20.331457138061523,40.59000015258789,40.61000061035156,39.7400016784668,40.150001525878906,3633000,DF,2006-04-03 to 2013-05-24
2008-03-06 00:00:00+00:00,19.730375289916992,39.38999938964844,40.7400016784668,39.38999938964844,40.470001220703125,3540000,DF,2006-04-03 to 2013-05-24
2008-03-07 00:00:00+00:00,19.585105895996094,39.099998474121094,39.369998931884766,38.81999969482422,39.15999984741211,3117300,DF,2006-04-03 to 2013-05-24
2008-03-10 00:00:00+00:00,19.560070037841797,39.04999923706055,39.439998626708984,38.630001068115234,39.209999084472656,3040600,DF,2006-04-03 to 2013-05-24
2008-03-11 00:00:00+00:00,20.161149978637695,40.25,40.290000915527344,39.29999923706055,40.0,3486700,DF,2006-04-03 to 2013-05-24
2008-03-12 00:00:00+00:00,20.08601188659668,40.099998474121094,40.900001525878906,40.04999923706055,40.2599983215332,3435800,DF,2006-04-03 to 2013-05-24
2008-03-13 00:00:00+00:00,19.870628356933594,39.66999816894531,40.040000915527344,39.310001373291016,40.029998779296875,3980500,DF,2006-04-03 to 2013-05-24
2008-03-14 00:00:00+00:00,19.820533752441406,39.56999969482422,40.08000183105469,38.84000015258789,39.880001068115234,4273400,DF,2006-04-03 to 2013-05-24
2008-03-17 00:00:00+00:00,20.14111328125,40.209999084472656,40.439998626708984,38.709999084472656,38.709999084472656,4896700,DF,2006-04-03 to 2013-05-24
2008-03-18 00:00:00+00:00,20.652034759521484,41.22999954223633,41.22999954223633,40.209999084472656,40.88999938964844,3889000,DF,2006-04-03 to 2013-05-24
2008-03-19 00:00:00+00:00,20.101049423217773,40.130001068115234,41.869998931884766,40.130001068115234,41.349998474121094,4550200,DF,2006-04-03 to 2013-05-24
2008-03-20 00:00:00+00:00,20.41159439086914,40.75,40.849998474121094,39.810001373291016,40.33000183105469,4515400,DF,2006-04-03 to 2013-05-24
2008-03-24 00:00:00+00:00,20.38155174255371,40.689998626708984,41.20000076293945,40.31999969482422,40.83000183105469,1958800,DF,2006-04-03 to 2013-05-24
2008-03-25 00:00:00+00:00,20.286376953125,40.5,41.0,40.439998626708984,40.619998931884766,2846200,DF,2006-04-03 to 2013-05-24
2008-03-26 00:00:00+00:00,20.361507415771484,40.650001525878906,41.02000045776367,40.2400016784668,40.2400016784668,2663500,DF,2006-04-03 to 2013-05-24
2008-03-27 00:00:00+00:00,20.4316349029541,40.790000915527344,41.34000015258789,40.709999084472656,40.84000015258789,3094000,DF,2006-04-03 to 2013-05-24
2008-03-28 00:00:00+00:00,20.286376953125,40.5,41.380001068115234,40.38999938964844,40.90999984741211,1740200,DF,2006-04-03 to 2013-05-24
2008-03-31 00:00:00+00:00,20.45667839050293,40.84000015258789,41.02000045776367,40.27000045776367,40.560001373291016,2523300,DF,2006-04-03 to 2013-05-24
2008-04-01 00:00:00+00:00,21.28316307067871,42.4900016784668,42.54999923706055,41.119998931884766,41.119998931884766,4397900,DF,2006-04-03 to 2013-05-24
2008-04-02 00:00:00+00:00,21.41339111328125,42.75,43.119998931884766,42.400001525878906,42.45000076293945,2657500,DF,2006-04-03 to 2013-05-24
2008-04-03 00:00:00+00:00,21.198009490966797,42.31999969482422,42.84000015258789,42.2599983215332,42.58000183105469,1799100,DF,2006-04-03 to 2013-05-24
2008-04-04 00:00:00+00:00,21.643802642822266,43.209999084472656,44.209999084472656,42.34000015258789,42.45000076293945,3397600,DF,2006-04-03 to 2013-05-24
2008-04-07 00:00:00+00:00,21.738977432250977,43.400001525878906,43.599998474121094,43.04999923706055,43.599998474121094,2874200,DF,2006-04-03 to 2013-05-24
2008-04-08 00:00:00+00:00,21.7890682220459,43.5,43.599998474121094,43.130001068115234,43.18000030517578,2024900,DF,2006-04-03 to 2013-05-24
2008-04-09 00:00:00+00:00,21.7890682220459,43.5,43.90999984741211,43.20000076293945,43.68000030517578,2504600,DF,2006-04-03 to 2013-05-24
2008-04-10 00:00:00+00:00,21.723953247070312,43.369998931884766,43.63999938964844,42.939998626708984,43.58000183105469,3307900,DF,2006-04-03 to 2013-05-24
2008-04-11 00:00:00+00:00,21.513572692871094,42.95000076293945,43.54999923706055,42.79999923706055,42.939998626708984,3728500,DF,2006-04-03 to 2013-05-24
2008-04-14 00:00:00+00:00,21.55364990234375,43.029998779296875,43.16999816894531,42.7400016784668,43.02000045776367,1395400,DF,2006-04-03 to 2013-05-24
2008-04-15 00:00:00+00:00,21.754011154174805,43.43000030517578,43.619998931884766,42.939998626708984,43.220001220703125,1767900,DF,2006-04-03 to 2013-05-24
2008-04-16 00:00:00+00:00,22.149715423583984,44.220001220703125,44.290000915527344,43.33000183105469,43.86000061035156,1737300,DF,2006-04-03 to 2013-05-24
2008-04-17 00:00:00+00:00,21.959375381469727,43.84000015258789,44.540000915527344,43.720001220703125,44.02000045776367,1624600,DF,2006-04-03 to 2013-05-24
2008-04-18 00:00:00+00:00,22.134681701660156,44.189998626708984,44.59000015258789,43.91999816894531,44.47999954223633,2159200,DF,2006-04-03 to 2013-05-24
2008-04-21 00:00:00+00:00,21.9393367767334,43.79999923706055,44.11000061035156,43.34000015258789,43.939998626708984,2028400,DF,2006-04-03 to 2013-05-24
2008-04-22 00:00:00+00:00,21.74899673461914,43.41999816894531,43.709999084472656,43.15999984741211,43.529998779296875,1418600,DF,2006-04-03 to 2013-05-24
2008-04-23 00:00:00+00:00,21.834150314331055,43.59000015258789,43.7400016784668,43.150001525878906,43.41999816894531,3408600,DF,2006-04-03 to 2013-05-24
2008-04-24 00:00:00+00:00,21.733970642089844,43.38999938964844,43.91999816894531,43.279998779296875,43.720001220703125,1836800,DF,2006-04-03 to 2013-05-24
2008-04-25 00:00:00+00:00,21.809101104736328,43.540000915527344,43.7400016784668,43.27000045776367,43.5099983215332,1145200,DF,2006-04-03 to 2013-05-24
2008-04-28 00:00:00+00:00,21.74899673461914,43.41999816894531,44.06999969482422,43.31999969482422,43.70000076293945,1960000,DF,2006-04-03 to 2013-05-24
2008-04-29 00:00:00+00:00,21.75901222229004,43.439998626708984,43.63999938964844,43.040000915527344,43.279998779296875,1961000,DF,2006-04-03 to 2013-05-24
2008-04-30 00:00:00+00:00,21.733970642089844,43.38999938964844,44.029998779296875,43.15999984741211,43.22999954223633,1936200,DF,2006-04-03 to 2013-05-24
2008-05-01 00:00:00+00:00,22.15973663330078,44.2400016784668,44.279998779296875,43.2599983215332,43.439998626708984,1779300,DF,2006-04-03 to 2013-05-24
2008-05-02 00:00:00+00:00,22.8359432220459,45.59000015258789,45.93000030517578,44.02000045776367,44.45000076293945,2991100,DF,2006-04-03 to 2013-05-24
2008-05-05 00:00:00+00:00,22.445253372192383,44.810001373291016,45.5099983215332,44.7400016784668,45.5099983215332,2442600,DF,2006-04-03 to 2013-05-24
2008-05-06 00:00:00+00:00,22.44023895263672,44.79999923706055,45.02000045776367,43.88999938964844,44.7599983215332,2321800,DF,2006-04-03 to 2013-05-24
2008-05-07 00:00:00+00:00,22.299989700317383,44.52000045776367,44.97999954223633,44.45000076293945,44.90999984741211,2142500,DF,2006-04-03 to 2013-05-24
2008-05-08 00:00:00+00:00,22.54542350769043,45.0099983215332,45.65999984741211,44.41999816894531,45.5099983215332,2577200,DF,2006-04-03 to 2013-05-24
2008-05-09 00:00:00+00:00,22.535404205322266,44.9900016784668,45.189998626708984,44.209999084472656,45.0099983215332,2243200,DF,2006-04-03 to 2013-05-24
2008-05-12 00:00:00+00:00,22.690683364868164,45.29999923706055,45.310001373291016,44.79999923706055,45.18000030517578,1119700,DF,2006-04-03 to 2013-05-24
2008-05-13 00:00:00+00:00,22.505361557006836,44.93000030517578,45.65999984741211,44.880001068115234,45.54999923706055,1428000,DF,2006-04-03 to 2013-05-24
2008-05-14 00:00:00+00:00,22.88602638244629,45.689998626708984,45.81999969482422,44.93000030517578,45.040000915527344,2360000,DF,2006-04-03 to 2013-05-24
2008-05-15 00:00:00+00:00,22.87100601196289,45.65999984741211,45.689998626708984,45.27000045776367,45.52000045776367,1689600,DF,2006-04-03 to 2013-05-24
2008-05-16 00:00:00+00:00,23.02628517150879,45.970001220703125,46.02000045776367,45.52000045776367,45.70000076293945,1899100,DF,2006-04-03 to 2013-05-24
2008-05-19 00:00:00+00:00,23.101421356201172,46.119998931884766,46.459999084472656,45.86000061035156,45.900001525878906,1702600,DF,2006-04-03 to 2013-05-24
2008-05-20 00:00:00+00:00,23.226638793945312,46.369998931884766,46.58000183105469,45.709999084472656,45.9900016784668,2313300,DF,2006-04-03 to 2013-05-24
2008-05-21 00:00:00+00:00,23.28675079345703,46.4900016784668,46.9900016784668,46.400001525878906,46.54999923706055,2468300,DF,2006-04-03 to 2013-05-24
2008-05-22 00:00:00+00:00,23.406970977783203,46.72999954223633,46.9900016784668,46.099998474121094,46.63999938964844,1741700,DF,2006-04-03 to 2013-05-24
2008-05-23 00:00:00+00:00,22.76080894470215,45.439998626708984,46.81999969482422,45.439998626708984,46.599998474121094,2044900,DF,2006-04-03 to 2013-05-24
2008-05-27 00:00:00+00:00,22.790861129760742,45.5,45.65999984741211,45.02000045776367,45.29999923706055,2076000,DF,2006-04-03 to 2013-05-24
2008-05-28 00:00:00+00:00,23.051088333129883,45.619998931884766,45.779998779296875,45.130001068115234,45.45000076293945,1379300,DF,2006-04-03 to 2013-05-24
2008-05-29 00:00:00+00:00,23.182462692260742,45.880001068115234,46.060001373291016,45.310001373291016,45.630001068115234,1255500,DF,2006-04-03 to 2013-05-24
2008-05-30 00:00:00+00:00,23.394672393798828,46.29999923706055,46.56999969482422,45.79999923706055,46.08000183105469,2386800,DF,2006-04-03 to 2013-05-24
2008-06-02 00:00:00+00:00,23.177412033081055,45.869998931884766,46.2599983215332,45.66999816894531,46.20000076293945,2326600,DF,2006-04-03 to 2013-05-24
2008-06-03 00:00:00+00:00,23.49068260192871,46.4900016784668,46.75,46.04999923706055,46.15999984741211,3336600,DF,2006-04-03 to 2013-05-24
2008-06-04 00:00:00+00:00,23.72816276550293,46.959999084472656,47.130001068115234,46.34000015258789,46.349998474121094,2212900,DF,2006-04-03 to 2013-05-24
2008-06-05 00:00:00+00:00,23.94038200378418,47.380001068115234,47.41999816894531,46.5,47.119998931884766,3482300,DF,2006-04-03 to 2013-05-24
2008-06-06 00:00:00+00:00,23.202669143676758,45.91999816894531,47.290000915527344,45.83000183105469,47.099998474121094,2451700,DF,2006-04-03 to 2013-05-24
2008-06-09 00:00:00+00:00,23.647314071655273,46.79999923706055,46.88999938964844,45.970001220703125,45.970001220703125,1706900,DF,2006-04-03 to 2013-05-24
2008-06-10 00:00:00+00:00,23.773639678955078,47.04999923706055,47.220001220703125,46.130001068115234,46.61000061035156,2195800,DF,2006-04-03 to 2013-05-24
2008-06-11 00:00:00+00:00,23.374465942382812,46.2599983215332,47.20000076293945,46.20000076293945,46.869998931884766,3249800,DF,2006-04-03 to 2013-05-24
2008-06-12 00:00:00+00:00,23.14708709716797,45.810001373291016,46.630001068115234,45.560001373291016,46.40999984741211,2290500,DF,2006-04-03 to 2013-05-24
2008-06-13 00:00:00+00:00,23.30878448486328,46.130001068115234,46.400001525878906,45.75,45.88999938964844,2790800,DF,2006-04-03 to 2013-05-24
2008-06-16 00:00:00+00:00,23.49068260192871,46.4900016784668,46.54999923706055,45.560001373291016,45.90999984741211,1896900,DF,2006-04-03 to 2013-05-24
2008-06-17 00:00:00+00:00,23.515939712524414,46.540000915527344,46.849998474121094,46.459999084472656,46.650001525878906,1371500,DF,2006-04-03 to 2013-05-24
2008-06-18 00:00:00+00:00,23.551313400268555,46.61000061035156,46.9900016784668,46.150001525878906,46.34000015258789,2454600,DF,2006-04-03 to 2013-05-24
2008-06-19 00:00:00+00:00,24.011131286621094,47.52000045776367,47.75,46.849998474121094,46.88999938964844,2767100,DF,2006-04-03 to 2013-05-24
2008-06-20 00:00:00+00:00,23.78879737854004,47.08000183105469,48.279998779296875,47.06999969482422,47.2599983215332,3586700,DF,2006-04-03 to 2013-05-24
2008-06-23 00:00:00+00:00,24.006067276000977,47.5099983215332,47.880001068115234,47.31999969482422,47.31999969482422,1695500,DF,2006-04-03 to 2013-05-24
2008-06-24 00:00:00+00:00,24.04143524169922,47.58000183105469,47.93000030517578,47.060001373291016,47.459999084472656,2828200,DF,2006-04-03 to 2013-05-24
2008-06-25 00:00:00+00:00,24.17281150817871,47.84000015258789,48.220001220703125,47.38999938964844,47.869998931884766,2679100,DF,2006-04-03 to 2013-05-24
2008-06-26 00:00:00+00:00,23.723115921020508,46.95000076293945,47.7400016784668,46.900001525878906,47.220001220703125,3209300,DF,2006-04-03 to 2013-05-24
2008-06-27 00:00:00+00:00,23.344148635864258,46.20000076293945,47.43000030517578,46.040000915527344,47.11000061035156,3138000,DF,2006-04-03 to 2013-05-24
2008-06-30 00:00:00+00:00,23.995969772338867,47.4900016784668,47.66999816894531,46.20000076293945,46.959999084472656,4015800,DF,2006-04-03 to 2013-05-24
2008-07-01 00:00:00+00:00,24.09197425842285,47.68000030517578,47.869998931884766,46.40999984741211,46.9900016784668,2972400,DF,2006-04-03 to 2013-05-24
2008-07-02 00:00:00+00:00,23.995969772338867,47.4900016784668,48.5,47.459999084472656,47.86000061035156,3744900,DF,2006-04-03 to 2013-05-24
2008-07-03 00:00:00+00:00,23.738269805908203,46.97999954223633,48.040000915527344,46.81999969482422,47.790000915527344,1768800,DF,2006-04-03 to 2013-05-24
2008-07-07 00:00:00+00:00,23.67258644104004,46.849998474121094,47.77000045776367,46.380001068115234,46.970001220703125,2272500,DF,2006-04-03 to 2013-05-24
2008-07-08 00:00:00+00:00,23.54120635986328,46.59000015258789,47.2599983215332,46.22999954223633,46.709999084472656,3130300,DF,2006-04-03 to 2013-05-24
2008-07-09 00:00:00+00:00,23.718059539794922,46.939998626708984,47.22999954223633,46.459999084472656,46.459999084472656,2045800,DF,2006-04-03 to 2013-05-24
2008-07-10 00:00:00+00:00,23.81406021118164,47.130001068115234,47.36000061035156,46.63999938964844,47.040000915527344,2151600,DF,2006-04-03 to 2013-05-24
2008-07-11 00:00:00+00:00,23.682687759399414,46.869998931884766,47.58000183105469,46.43000030517578,46.689998626708984,2372900,DF,2006-04-03 to 2013-05-24
2008-07-14 00:00:00+00:00,23.238040924072266,45.9900016784668,47.33000183105469,45.84000015258789,47.33000183105469,2686600,DF,2006-04-03 to 2013-05-24
2008-07-15 00:00:00+00:00,23.101606369018555,45.720001220703125,46.08000183105469,45.310001373291016,46.0,2376300,DF,2006-04-03 to 2013-05-24
2008-07-16 00:00:00+00:00,22.505382537841797,44.540000915527344,45.7400016784668,44.27000045776367,45.439998626708984,3156500,DF,2006-04-03 to 2013-05-24
2008-07-17 00:00:00+00:00,22.338634490966797,44.209999084472656,44.5099983215332,43.540000915527344,44.349998474121094,3114100,DF,2006-04-03 to 2013-05-24
2008-07-18 00:00:00+00:00,22.470006942749023,44.470001220703125,45.06999969482422,43.75,44.16999816894531,2785800,DF,2006-04-03 to 2013-05-24
2008-07-21 00:00:00+00:00,22.631696701049805,44.790000915527344,44.970001220703125,43.70000076293945,44.5,1769900,DF,2006-04-03 to 2013-05-24
2008-07-22 00:00:00+00:00,22.525585174560547,44.58000183105469,45.54999923706055,44.54999923706055,44.61000061035156,2450400,DF,2006-04-03 to 2013-05-24
2008-07-23 00:00:00+00:00,22.065784454345703,43.66999816894531,44.720001220703125,43.5,44.54999923706055,2915500,DF,2006-04-03 to 2013-05-24
2008-07-24 00:00:00+00:00,22.121360778808594,43.779998779296875,44.040000915527344,42.72999954223633,43.77000045776367,3129600,DF,2006-04-03 to 2013-05-24
2008-07-25 00:00:00+00:00,21.883869171142578,43.310001373291016,44.11000061035156,43.22999954223633,44.040000915527344,2009000,DF,2006-04-03 to 2013-05-24
2008-07-28 00:00:00+00:00,22.09609603881836,43.72999954223633,44.060001373291016,43.130001068115234,43.130001068115234,2548600,DF,2006-04-03 to 2013-05-24
2008-07-29 00:00:00+00:00,21.939462661743164,43.41999816894531,43.939998626708984,43.060001373291016,43.65999984741211,3744500,DF,2006-04-03 to 2013-05-24
2008-07-30 00:00:00+00:00,22.454851150512695,44.439998626708984,44.529998779296875,43.25,43.40999984741211,3406300,DF,2006-04-03 to 2013-05-24
2008-07-31 00:00:00+00:00,22.323474884033203,44.18000030517578,44.75,44.130001068115234,44.349998474121094,2330100,DF,2006-04-03 to 2013-05-24
2008-08-01 00:00:00+00:00,21.520069122314453,42.59000015258789,44.630001068115234,42.59000015258789,44.439998626708984,2619700,DF,2006-04-03 to 2013-05-24
2008-08-04 00:00:00+00:00,21.388700485229492,42.33000183105469,42.95000076293945,42.29999923706055,42.630001068115234,2825700,DF,2006-04-03 to 2013-05-24
2008-08-05 00:00:00+00:00,21.46449089050293,42.47999954223633,43.0,42.09000015258789,42.70000076293945,3497200,DF,2006-04-03 to 2013-05-24
2008-08-06 00:00:00+00:00,21.307857513427734,42.16999816894531,42.849998474121094,41.81999969482422,42.63999938964844,3218600,DF,2006-04-03 to 2013-05-24
2008-08-07 00:00:00+00:00,21.19163703918457,41.939998626708984,42.59000015258789,41.619998931884766,42.119998931884766,2408500,DF,2006-04-03 to 2013-05-24
2008-08-08 00:00:00+00:00,21.611019134521484,42.77000045776367,42.81999969482422,41.86000061035156,42.150001525878906,1614500,DF,2006-04-03 to 2013-05-24
2008-08-11 00:00:00+00:00,21.86872673034668,43.279998779296875,43.54999923706055,42.36000061035156,42.619998931884766,1980400,DF,2006-04-03 to 2013-05-24
2008-08-12 00:00:00+00:00,21.570598602294922,42.689998626708984,43.2599983215332,42.47999954223633,43.22999954223633,1886500,DF,2006-04-03 to 2013-05-24
2008-08-13 00:00:00+00:00,21.722187042236328,42.9900016784668,43.189998626708984,42.0099983215332,42.65999984741211,1410900,DF,2006-04-03 to 2013-05-24
2008-08-14 00:00:00+00:00,21.373531341552734,42.29999923706055,42.900001525878906,42.15999984741211,42.75,1427800,DF,2006-04-03 to 2013-05-24
2008-08-15 00:00:00+00:00,21.499858856201172,42.54999923706055,43.02000045776367,42.189998626708984,42.29999923706055,1861400,DF,2006-04-03 to 2013-05-24
2008-08-18 00:00:00+00:00,21.469547271728516,42.4900016784668,42.959999084472656,42.310001373291016,42.58000183105469,1095500,DF,2006-04-03 to 2013-05-24
2008-08-19 00:00:00+00:00,21.60597038269043,42.7599983215332,42.880001068115234,42.380001068115234,42.380001068115234,1349100,DF,2006-04-03 to 2013-05-24
2008-08-20 00:00:00+00:00,21.782821655273438,43.11000061035156,43.16999816894531,42.56999969482422,42.790000915527344,1415400,DF,2006-04-03 to 2013-05-24
2008-08-21 00:00:00+00:00,22.030412673950195,43.599998474121094,43.72999954223633,42.7400016784668,42.7400016784668,1346100,DF,2006-04-03 to 2013-05-24
2008-08-22 00:00:00+00:00,22.020301818847656,43.58000183105469,44.0,43.38999938964844,43.619998931884766,1550100,DF,2006-04-03 to 2013-05-24
2008-08-25 00:00:00+00:00,21.86872673034668,43.279998779296875,43.650001525878906,42.91999816894531,43.220001220703125,1685000,DF,2006-04-03 to 2013-05-24
2008-08-26 00:00:00+00:00,22.26789665222168,44.06999969482422,44.290000915527344,43.11000061035156,43.13999938964844,1882500,DF,2006-04-03 to 2013-05-24
2008-08-27 00:00:00+00:00,22.346921920776367,43.83000183105469,44.060001373291016,43.61000061035156,43.849998474121094,1594400,DF,2006-04-03 to 2013-05-24
2008-08-28 00:00:00+00:00,22.62224578857422,44.369998931884766,44.380001068115234,43.91999816894531,44.0,1362500,DF,2006-04-03 to 2013-05-24
2008-08-29 00:00:00+00:00,22.193967819213867,43.529998779296875,44.630001068115234,43.4900016784668,44.310001373291016,1568400,DF,2006-04-03 to 2013-05-24
2008-09-02 00:00:00+00:00,21.974727630615234,43.099998474121094,44.33000183105469,43.02000045776367,43.93000030517578,2822100,DF,2006-04-03 to 2013-05-24
2008-09-03 00:00:00+00:00,21.643327713012695,42.45000076293945,43.25,42.279998779296875,43.130001068115234,2125500,DF,2006-04-03 to 2013-05-24
2008-09-04 00:00:00+00:00,21.209945678710938,41.599998474121094,42.380001068115234,41.27000045776367,42.11000061035156,2876600,DF,2006-04-03 to 2013-05-24
2008-09-05 00:00:00+00:00,20.87343978881836,40.939998626708984,41.560001373291016,40.7400016784668,41.40999984741211,3140200,DF,2006-04-03 to 2013-05-24
2008-09-08 00:00:00+00:00,21.70960807800293,42.58000183105469,42.58000183105469,41.22999954223633,41.27000045776367,4275400,DF,2006-04-03 to 2013-05-24
2008-09-09 00:00:00+00:00,21.102867126464844,41.38999938964844,43.040000915527344,41.36000061035156,42.849998474121094,4503700,DF,2006-04-03 to 2013-05-24
2008-09-10 00:00:00+00:00,21.56684112548828,42.29999923706055,42.54999923706055,41.45000076293945,41.45000076293945,3129700,DF,2006-04-03 to 2013-05-24
2008-09-11 00:00:00+00:00,21.480173110961914,42.130001068115234,42.220001220703125,41.5099983215332,42.15999984741211,3566400,DF,2006-04-03 to 2013-05-24
2008-09-12 00:00:00+00:00,21.97981834411621,43.11000061035156,43.33000183105469,42.0099983215332,42.130001068115234,2650400,DF,2006-04-03 to 2013-05-24
2008-09-15 00:00:00+00:00,21.271133422851562,41.720001220703125,43.02000045776367,41.33000183105469,42.290000915527344,2694700,DF,2006-04-03 to 2013-05-24
2008-09-16 00:00:00+00:00,21.80137825012207,42.7599983215332,43.380001068115234,41.0099983215332,41.41999816894531,5619100,DF,2006-04-03 to 2013-05-24
2008-09-17 00:00:00+00:00,20.898944854736328,40.9900016784668,42.63999938964844,40.91999816894531,42.18000030517578,4613200,DF,2006-04-03 to 2013-05-24
2008-09-18 00:00:00+00:00,21.276226043701172,41.72999954223633,42.61000061035156,40.5099983215332,41.209999084472656,3989200,DF,2006-04-03 to 2013-05-24
2008-09-19 00:00:00+00:00,22.5202693939209,44.16999816894531,44.599998474121094,41.939998626708984,42.599998474121094,5239500,DF,2006-04-03 to 2013-05-24
2008-09-22 00:00:00+00:00,22.178668975830078,43.5,44.650001525878906,43.31999969482422,43.84000015258789,3737000,DF,2006-04-03 to 2013-05-24
2008-09-23 00:00:00+00:00,21.780990600585938,42.720001220703125,44.54999923706055,42.61000061035156,43.52000045776367,2585600,DF,2006-04-03 to 2013-05-24
2008-09-24 00:00:00+00:00,21.58213996887207,42.33000183105469,43.189998626708984,41.70000076293945,42.77000045776367,3022500,DF,2006-04-03 to 2013-05-24
2008-09-25 00:00:00+00:00,22.306135177612305,43.75,44.0,42.68000030517578,42.880001068115234,2683600,DF,2006-04-03 to 2013-05-24
2008-09-26 00:00:00+00:00,22.127681732177734,43.400001525878906,43.5,42.7400016784668,43.29999923706055,1837500,DF,2006-04-03 to 2013-05-24
2008-09-29 00:00:00+00:00,21.40879249572754,41.9900016784668,43.380001068115234,41.4900016784668,42.90999984741211,3786000,DF,2006-04-03 to 2013-05-24
2008-09-30 00:00:00+00:00,21.811574935913086,42.779998779296875,43.630001068115234,41.65999984741211,42.56999969482422,3568800,DF,2006-04-03 to 2013-05-24
2008-10-01 00:00:00+00:00,22.250045776367188,43.63999938964844,44.099998474121094,41.959999084472656,42.5099983215332,2785200,DF,2006-04-03 to 2013-05-24
2008-10-02 00:00:00+00:00,21.459781646728516,42.09000015258789,44.459999084472656,41.849998474121094,43.40999984741211,4032000,DF,2006-04-03 to 2013-05-24
2008-10-03 00:00:00+00:00,21.352706909179688,41.880001068115234,43.099998474121094,41.630001068115234,42.43000030517578,4521300,DF,2006-04-03 to 2013-05-24
2008-10-06 00:00:00+00:00,20.434968948364258,40.08000183105469,42.380001068115234,38.65999984741211,40.88999938964844,5283900,DF,2006-04-03 to 2013-05-24
2008-10-07 00:00:00+00:00,19.537628173828125,38.31999969482422,41.9900016784668,38.029998779296875,40.439998626708984,4792900,DF,2006-04-03 to 2013-05-24
2008-10-08 00:00:00+00:00,19.145036697387695,37.54999923706055,38.9900016784668,36.15999984741211,37.43000030517578,6006300,DF,2006-04-03 to 2013-05-24
2008-10-09 00:00:00+00:00,17.870399475097656,35.04999923706055,37.939998626708984,34.79999923706055,37.33000183105469,5065500,DF,2006-04-03 to 2013-05-24
2008-10-10 00:00:00+00:00,17.166791915893555,33.66999816894531,35.81999969482422,31.260000228881836,33.4900016784668,8806900,DF,2006-04-03 to 2013-05-24
2008-10-13 00:00:00+00:00,18.9716854095459,37.209999084472656,37.619998931884766,31.989999771118164,34.75,4742000,DF,2006-04-03 to 2013-05-24
2008-10-14 00:00:00+00:00,18.920690536499023,37.11000061035156,39.939998626708984,35.33000183105469,38.41999816894531,5033800,DF,2006-04-03 to 2013-05-24
2008-10-15 00:00:00+00:00,17.493104934692383,34.310001373291016,36.54999923706055,34.209999084472656,36.54999923706055,4853100,DF,2006-04-03 to 2013-05-24
2008-10-16 00:00:00+00:00,18.39045524597168,36.06999969482422,36.27000045776367,33.06999969482422,34.2400016784668,5683300,DF,2006-04-03 to 2013-05-24
2008-10-17 00:00:00+00:00,18.32926368713379,35.95000076293945,37.41999816894531,34.72999954223633,35.970001220703125,5966600,DF,2006-04-03 to 2013-05-24
2008-10-20 00:00:00+00:00,19.35407829284668,37.959999084472656,38.0,35.4900016784668,36.75,3594700,DF,2006-04-03 to 2013-05-24
2008-10-21 00:00:00+00:00,18.370059967041016,36.029998779296875,37.529998779296875,35.56999969482422,36.810001373291016,3448000,DF,2006-04-03 to 2013-05-24
2008-10-22 00:00:00+00:00,17.263675689697266,33.86000061035156,35.4900016784668,32.810001373291016,35.34000015258789,4652100,DF,2006-04-03 to 2013-05-24
2008-10-23 00:00:00+00:00,18.201799392700195,35.70000076293945,36.380001068115234,33.560001373291016,34.5099983215332,5995900,DF,2006-04-03 to 2013-05-24
2008-10-24 00:00:00+00:00,17.916282653808594,35.13999938964844,35.90999984741211,33.0099983215332,33.4900016784668,4482900,DF,2006-04-03 to 2013-05-24
2008-10-27 00:00:00+00:00,17.32485580444336,33.97999954223633,35.31999969482422,33.97999954223633,35.220001220703125,3508400,DF,2006-04-03 to 2013-05-24
2008-10-28 00:00:00+00:00,18.925800323486328,37.119998931884766,37.349998474121094,33.619998931884766,34.72999954223633,5045700,DF,2006-04-03 to 2013-05-24
2008-10-29 00:00:00+00:00,17.951976776123047,35.209999084472656,36.5,35.13999938964844,35.959999084472656,4800100,DF,2006-04-03 to 2013-05-24
2008-10-30 00:00:00+00:00,18.492420196533203,36.27000045776367,37.75,34.849998474121094,37.27000045776367,4435400,DF,2006-04-03 to 2013-05-24
2008-10-31 00:00:00+00:00,18.497526168823242,36.279998779296875,37.189998626708984,35.63999938964844,36.5099983215332,5487200,DF,2006-04-03 to 2013-05-24
2008-11-03 00:00:00+00:00,18.589290618896484,36.459999084472656,36.7599983215332,35.75,36.25,2376200,DF,2006-04-03 to 2013-05-24
2008-11-04 00:00:00+00:00,18.696361541748047,36.66999816894531,37.18000030517578,36.0099983215332,36.70000076293945,3185300,DF,2006-04-03 to 2013-05-24
2008-11-05 00:00:00+00:00,17.962167739868164,35.22999954223633,36.849998474121094,35.099998474121094,36.22999954223633,3228100,DF,2006-04-03 to 2013-05-24
2008-11-06 00:00:00+00:00,17.488004684448242,34.29999923706055,35.439998626708984,33.81999969482422,35.22999954223633,3739800,DF,2006-04-03 to 2013-05-24
2008-11-07 00:00:00+00:00,18.268089294433594,35.83000183105469,35.95000076293945,34.47999954223633,34.47999954223633,3285400,DF,2006-04-03 to 2013-05-24
2008-11-10 00:00:00+00:00,17.941776275634766,35.189998626708984,36.689998626708984,34.720001220703125,36.20000076293945,2620100,DF,2006-04-03 to 2013-05-24
2008-11-11 00:00:00+00:00,17.855106353759766,35.02000045776367,35.7400016784668,34.189998626708984,34.790000915527344,2671400,DF,2006-04-03 to 2013-05-24
2008-11-12 00:00:00+00:00,17.498201370239258,34.31999969482422,34.90999984741211,34.0,34.36000061035156,2555100,DF,2006-04-03 to 2013-05-24
2008-11-13 00:00:00+00:00,18.50261878967285,36.290000915527344,36.47999954223633,34.18000030517578,34.59000015258789,4749900,DF,2006-04-03 to 2013-05-24
2008-11-14 00:00:00+00:00,18.553607940673828,36.38999938964844,37.900001525878906,35.5099983215332,35.56999969482422,4193800,DF,2006-04-03 to 2013-05-24
2008-11-17 00:00:00+00:00,18.344562530517578,35.97999954223633,37.06999969482422,35.25,35.75,2625200,DF,2006-04-03 to 2013-05-24
2008-11-18 00:00:00+00:00,18.395549774169922,36.08000183105469,36.65999984741211,34.90999984741211,35.709999084472656,3435500,DF,2006-04-03 to 2013-05-24
2008-11-19 00:00:00+00:00,17.819416046142578,34.95000076293945,36.90999984741211,34.91999816894531,36.029998779296875,3101200,DF,2006-04-03 to 2013-05-24
2008-11-20 00:00:00+00:00,17.120914459228516,33.58000183105469,36.290000915527344,33.189998626708984,34.70000076293945,7552600,DF,2006-04-03 to 2013-05-24
2008-11-21 00:00:00+00:00,18.828920364379883,36.93000030517578,36.9900016784668,33.810001373291016,34.25,7099000,DF,2006-04-03 to 2013-05-24
2008-11-24 00:00:00+00:00,18.992080688476562,37.25,38.060001373291016,36.15999984741211,37.5,4962300,DF,2006-04-03 to 2013-05-24
2008-11-25 00:00:00+00:00,18.91559410095215,37.099998474121094,38.2400016784668,36.68000030517578,37.40999984741211,4432600,DF,2006-04-03 to 2013-05-24
2008-11-26 00:00:00+00:00,18.732656478881836,36.349998474121094,36.70000076293945,35.470001220703125,36.0,4146600,DF,2006-04-03 to 2013-05-24
2008-11-28 00:00:00+00:00,18.974863052368164,36.81999969482422,36.939998626708984,36.16999816894531,36.2400016784668,1340600,DF,2006-04-03 to 2013-05-24
2008-12-01 00:00:00+00:00,17.95448875427246,34.84000015258789,36.59000015258789,34.84000015258789,35.900001525878906,3992300,DF,2006-04-03 to 2013-05-24
2008-12-02 00:00:00+00:00,18.340991973876953,35.59000015258789,35.79999923706055,34.54999923706055,35.45000076293945,4937400,DF,2006-04-03 to 2013-05-24
2008-12-03 00:00:00+00:00,18.562589645385742,36.02000045776367,36.189998626708984,34.790000915527344,34.790000915527344,3915000,DF,2006-04-03 to 2013-05-24
2008-12-04 00:00:00+00:00,17.866880416870117,34.66999816894531,36.220001220703125,34.119998931884766,35.380001068115234,5384200,DF,2006-04-03 to 2013-05-24
2008-12-05 00:00:00+00:00,18.155466079711914,35.22999954223633,35.400001525878906,33.34000015258789,34.68000030517578,3442600,DF,2006-04-03 to 2013-05-24
2008-12-08 00:00:00+00:00,18.310070037841797,35.529998779296875,36.15999984741211,34.7400016784668,35.869998931884766,4009700,DF,2006-04-03 to 2013-05-24
2008-12-09 00:00:00+00:00,18.031787872314453,34.9900016784668,35.650001525878906,34.790000915527344,35.349998474121094,2818700,DF,2006-04-03 to 2013-05-24
2008-12-10 00:00:00+00:00,17.861717224121094,34.65999984741211,35.40999984741211,34.310001373291016,35.20000076293945,3178600,DF,2006-04-03 to 2013-05-24
2008-12-11 00:00:00+00:00,17.81534767150879,34.56999969482422,35.369998931884766,34.20000076293945,34.439998626708984,3433700,DF,2006-04-03 to 2013-05-24
2008-12-12 00:00:00+00:00,17.83080291748047,34.599998474121094,34.7400016784668,33.7400016784668,33.939998626708984,2877900,DF,2006-04-03 to 2013-05-24
2008-12-15 00:00:00+00:00,17.717435836791992,34.380001068115234,34.869998931884766,34.0,34.59000015258789,2463700,DF,2006-04-03 to 2013-05-24
2008-12-16 00:00:00+00:00,17.861717224121094,34.65999984741211,34.79999923706055,34.130001068115234,34.70000076293945,4660800,DF,2006-04-03 to 2013-05-24
2008-12-17 00:00:00+00:00,17.69682502746582,34.34000015258789,34.869998931884766,34.130001068115234,34.41999816894531,3003300,DF,2006-04-03 to 2013-05-24
2008-12-18 00:00:00+00:00,17.923566818237305,34.779998779296875,35.08000183105469,34.43000030517578,34.45000076293945,3721000,DF,2006-04-03 to 2013-05-24
2008-12-19 00:00:00+00:00,18.026639938354492,34.97999954223633,36.58000183105469,34.95000076293945,35.25,5493100,DF,2006-04-03 to 2013-05-24
2008-12-22 00:00:00+00:00,17.877187728881836,34.689998626708984,35.40999984741211,34.220001220703125,35.060001373291016,2550300,DF,2006-04-03 to 2013-05-24
2008-12-23 00:00:00+00:00,17.73288917541504,34.40999984741211,35.16999816894531,34.2400016784668,34.88999938964844,2259000,DF,2006-04-03 to 2013-05-24
2008-12-24 00:00:00+00:00,17.872037887573242,34.68000030517578,34.779998779296875,34.40999984741211,34.560001373291016,715500,DF,2006-04-03 to 2013-05-24
2008-12-26 00:00:00+00:00,17.985414505004883,34.900001525878906,35.08000183105469,34.720001220703125,34.790000915527344,1034100,DF,2006-04-03 to 2013-05-24
2008-12-29 00:00:00+00:00,17.9493408203125,34.83000183105469,35.2400016784668,34.38999938964844,34.9900016784668,2227000,DF,2006-04-03 to 2013-05-24
2008-12-30 00:00:00+00:00,18.155466079711914,35.22999954223633,35.27000045776367,34.65999984741211,34.97999954223633,2676900,DF,2006-04-03 to 2013-05-24
2008-12-31 00:00:00+00:00,18.469831466674805,35.84000015258789,35.970001220703125,35.29999923706055,35.31999969482422,2466800,DF,2006-04-03 to 2013-05-24
2009-01-02 00:00:00+00:00,18.830570220947266,36.540000915527344,36.709999084472656,35.61000061035156,35.93000030517578,1961500,DF,2006-04-03 to 2013-05-24
2009-01-05 00:00:00+00:00,18.758420944213867,36.400001525878906,36.77000045776367,35.959999084472656,36.349998474121094,2664600,DF,2006-04-03 to 2013-05-24
2009-01-06 00:00:00+00:00,18.66566276550293,36.220001220703125,37.0,35.86000061035156,36.58000183105469,2665400,DF,2006-04-03 to 2013-05-24
2009-01-07 00:00:00+00:00,18.387378692626953,35.68000030517578,36.099998474121094,35.5099983215332,36.0,2380900,DF,2006-04-03 to 2013-05-24
2009-01-08 00:00:00+00:00,18.27915382385254,35.470001220703125,35.86000061035156,35.18000030517578,35.86000061035156,2315600,DF,2006-04-03 to 2013-05-24
2009-01-09 00:00:00+00:00,18.0936336517334,35.11000061035156,35.58000183105469,34.970001220703125,35.439998626708984,2203300,DF,2006-04-03 to 2013-05-24
2009-01-12 00:00:00+00:00,18.109086990356445,35.13999938964844,35.40999984741211,34.88999938964844,35.20000076293945,2007600,DF,2006-04-03 to 2013-05-24
2009-01-13 00:00:00+00:00,17.7122745513916,34.369998931884766,35.150001525878906,34.099998474121094,35.130001068115234,2665700,DF,2006-04-03 to 2013-05-24
2009-01-14 00:00:00+00:00,17.459758758544922,33.880001068115234,34.189998626708984,33.25,34.099998474121094,3123500,DF,2006-04-03 to 2013-05-24
2009-01-15 00:00:00+00:00,17.485525131225586,33.93000030517578,34.06999969482422,33.16999816894531,33.81999969482422,5415900,DF,2006-04-03 to 2013-05-24
2009-01-16 00:00:00+00:00,17.83080291748047,34.599998474121094,34.81999969482422,34.18000030517578,34.279998779296875,4239000,DF,2006-04-03 to 2013-05-24
2009-01-20 00:00:00+00:00,17.722583770751953,34.38999938964844,35.060001373291016,34.34000015258789,34.5,3526800,DF,2006-04-03 to 2013-05-24
2009-01-21 00:00:00+00:00,17.980253219604492,34.88999938964844,35.02000045776367,34.06999969482422,34.81999969482422,4518500,DF,2006-04-03 to 2013-05-24
2009-01-22 00:00:00+00:00,18.000871658325195,34.93000030517578,35.060001373291016,34.290000915527344,34.529998779296875,3235900,DF,2006-04-03 to 2013-05-24
2009-01-23 00:00:00+00:00,18.03693962097168,35.0,35.119998931884766,34.06999969482422,34.59000015258789,2665900,DF,2006-04-03 to 2013-05-24
2009-01-26 00:00:00+00:00,18.423452377319336,35.75,36.06999969482422,34.900001525878906,35.130001068115234,4340700,DF,2006-04-03 to 2013-05-24
2009-01-27 00:00:00+00:00,18.27915382385254,35.470001220703125,35.959999084472656,35.25,35.939998626708984,3036600,DF,2006-04-03 to 2013-05-24
2009-01-28 00:00:00+00:00,18.39252471923828,35.689998626708984,36.09000015258789,35.25,35.95000076293945,3421300,DF,2006-04-03 to 2013-05-24
2009-01-29 00:00:00+00:00,18.660507202148438,36.209999084472656,36.650001525878906,35.2599983215332,35.40999984741211,3206100,DF,2006-04-03 to 2013-05-24
2009-01-30 00:00:00+00:00,18.12970733642578,35.18000030517578,36.439998626708984,34.790000915527344,36.310001373291016,3285300,DF,2006-04-03 to 2013-05-24
2009-02-02 00:00:00+00:00,18.686279296875,36.2599983215332,36.470001220703125,34.650001525878906,34.81999969482422,4901700,DF,2006-04-03 to 2013-05-24
2009-02-03 00:00:00+00:00,18.84602165222168,36.56999969482422,36.880001068115234,35.81999969482422,36.369998931884766,3001300,DF,2006-04-03 to 2013-05-24
2009-02-04 00:00:00+00:00,18.84087371826172,36.560001373291016,36.939998626708984,36.060001373291016,36.7599983215332,3171400,DF,2006-04-03 to 2013-05-24
2009-02-05 00:00:00+00:00,18.954246520996094,36.779998779296875,36.97999954223633,35.959999084472656,36.529998779296875,4215100,DF,2006-04-03 to 2013-05-24
2009-02-06 00:00:00+00:00,19.03154945373535,36.93000030517578,37.150001525878906,36.279998779296875,36.65999984741211,4668100,DF,2006-04-03 to 2013-05-24
2009-02-09 00:00:00+00:00,18.65019989013672,36.189998626708984,37.18000030517578,35.83000183105469,37.02000045776367,2758800,DF,2006-04-03 to 2013-05-24
2009-02-10 00:00:00+00:00,18.294607162475586,35.5,36.31999969482422,35.22999954223633,35.900001525878906,5229500,DF,2006-04-03 to 2013-05-24
2009-02-11 00:00:00+00:00,18.098785400390625,35.119998931884766,35.81999969482422,34.7599983215332,35.630001068115234,3256500,DF,2006-04-03 to 2013-05-24
2009-02-12 00:00:00+00:00,18.000871658325195,34.93000030517578,35.06999969482422,34.150001525878906,35.06999969482422,4642400,DF,2006-04-03 to 2013-05-24
2009-02-13 00:00:00+00:00,17.79988670349121,34.540000915527344,35.150001525878906,34.5099983215332,34.849998474121094,3351100,DF,2006-04-03 to 2013-05-24
2009-02-17 00:00:00+00:00,17.32577896118164,33.619998931884766,34.220001220703125,32.93000030517578,34.220001220703125,6818500,DF,2006-04-03 to 2013-05-24
2009-02-18 00:00:00+00:00,16.7846622467041,32.56999969482422,33.970001220703125,32.47999954223633,33.91999816894531,8495600,DF,2006-04-03 to 2013-05-24
2009-02-19 00:00:00+00:00,16.769207000732422,32.540000915527344,33.16999816894531,32.34000015258789,33.06999969482422,4054900,DF,2006-04-03 to 2013-05-24
2009-02-20 00:00:00+00:00,16.331165313720703,31.690000534057617,32.54999923706055,31.239999771118164,32.31999969482422,4474800,DF,2006-04-03 to 2013-05-24
2009-02-23 00:00:00+00:00,15.87765884399414,30.809999465942383,32.11000061035156,30.700000762939453,31.780000686645508,3575600,DF,2006-04-03 to 2013-05-24
2009-02-24 00:00:00+00:00,16.310546875,31.649999618530273,31.799999237060547,29.93000030517578,29.93000030517578,3614700,DF,2006-04-03 to 2013-05-24
2009-02-25 00:00:00+00:00,16.07957649230957,30.770000457763672,31.399999618530273,29.889999389648438,29.889999389648438,3358900,DF,2006-04-03 to 2013-05-24
2009-02-26 00:00:00+00:00,15.718996047973633,30.079999923706055,31.079999923706055,30.059999465942383,31.040000915527344,2622700,DF,2006-04-03 to 2013-05-24
2009-02-27 00:00:00+00:00,15.77125358581543,30.18000030517578,30.639999389648438,29.260000228881836,29.56999969482422,5527900,DF,2006-04-03 to 2013-05-24
2009-03-02 00:00:00+00:00,14.987397193908691,28.68000030517578,29.989999771118164,28.56999969482422,29.010000228881836,4090700,DF,2006-04-03 to 2013-05-24
2009-03-03 00:00:00+00:00,14.506627082824707,27.760000228881836,29.09000015258789,27.75,29.020000457763672,4655200,DF,2006-04-03 to 2013-05-24
2009-03-04 00:00:00+00:00,14.841076850891113,28.399999618530273,28.700000762939453,27.75,28.1200008392334,3918200,DF,2006-04-03 to 2013-05-24
2009-03-05 00:00:00+00:00,14.574555397033691,27.889999389648438,28.360000610351562,27.389999389648438,28.360000610351562,6401800,DF,2006-04-03 to 2013-05-24
2009-03-06 00:00:00+00:00,14.694757461547852,28.1200008392334,28.809999465942383,27.479999542236328,28.09000015258789,4446800,DF,2006-04-03 to 2013-05-24
2009-03-09 00:00:00+00:00,14.261016845703125,27.290000915527344,28.030000686645508,27.149999618530273,27.8700008392334,2886400,DF,2006-04-03 to 2013-05-24
2009-03-10 00:00:00+00:00,14.637271881103516,28.010000228881836,28.139999389648438,27.309999465942383,27.389999389648438,4335400,DF,2006-04-03 to 2013-05-24
2009-03-11 00:00:00+00:00,14.710429191589355,28.149999618530273,28.559999465942383,27.940000534057617,28.18000030517578,4297700,DF,2006-04-03 to 2013-05-24
2009-03-12 00:00:00+00:00,14.987397193908691,28.68000030517578,28.81999969482422,27.950000762939453,28.149999618530273,3135700,DF,2006-04-03 to 2013-05-24
2009-03-13 00:00:00+00:00,15.43157958984375,29.530000686645508,29.639999389648438,28.760000228881836,28.8700008392334,3530300,DF,2006-04-03 to 2013-05-24
2009-03-16 00:00:00+00:00,15.786931991577148,30.209999084472656,30.75,29.600000381469727,29.770000457763672,3714900,DF,2006-04-03 to 2013-05-24
2009-03-17 00:00:00+00:00,15.95937728881836,30.540000915527344,30.549999237060547,29.780000686645508,30.290000915527344,2433700,DF,2006-04-03 to 2013-05-24
2009-03-18 00:00:00+00:00,16.236345291137695,31.06999969482422,31.329999923706055,30.0,30.40999984741211,4016900,DF,2006-04-03 to 2013-05-24
2009-03-19 00:00:00+00:00,16.304277420043945,31.200000762939453,31.350000381469727,30.780000686645508,31.34000015258789,3160900,DF,2006-04-03 to 2013-05-24
2009-03-20 00:00:00+00:00,16.194536209106445,30.989999771118164,31.940000534057617,30.899999618530273,31.579999923706055,4891800,DF,2006-04-03 to 2013-05-24
2009-03-23 00:00:00+00:00,16.915693283081055,32.369998931884766,32.40999984741211,31.100000381469727,31.5,4025600,DF,2006-04-03 to 2013-05-24
2009-03-24 00:00:00+00:00,16.377443313598633,31.34000015258789,32.369998931884766,31.31999969482422,32.04999923706055,3102900,DF,2006-04-03 to 2013-05-24
2009-03-25 00:00:00+00:00,16.403566360473633,31.389999389648438,32.13999938964844,30.90999984741211,31.729999542236328,2898200,DF,2006-04-03 to 2013-05-24
2009-03-26 00:00:00+00:00,16.487184524536133,31.549999237060547,31.709999084472656,31.030000686645508,31.59000015258789,4455700,DF,2006-04-03 to 2013-05-24
2009-03-27 00:00:00+00:00,16.236345291137695,31.06999969482422,31.540000915527344,31.0,31.18000030517578,4521600,DF,2006-04-03 to 2013-05-24
2009-03-30 00:00:00+00:00,15.94370174407959,30.510000228881836,31.0,30.15999984741211,30.520000457763672,3631200,DF,2006-04-03 to 2013-05-24
2009-03-31 00:00:00+00:00,16.194536209106445,30.989999771118164,31.440000534057617,30.270000457763672,30.670000076293945,3782800,DF,2006-04-03 to 2013-05-24
2009-04-01 00:00:00+00:00,16.07957649230957,30.770000457763672,31.170000076293945,30.540000915527344,30.6200008392334,3840300,DF,2006-04-03 to 2013-05-24
2009-04-02 00:00:00+00:00,16.090023040771484,30.790000915527344,31.610000610351562,30.700000762939453,31.299999237060547,4877800,DF,2006-04-03 to 2013-05-24
2009-04-03 00:00:00+00:00,15.907124519348145,30.440000534057617,30.979999542236328,30.1200008392334,30.8799991607666,4306000,DF,2006-04-03 to 2013-05-24
2009-04-06 00:00:00+00:00,15.786931991577148,30.209999084472656,30.440000534057617,30.0,30.219999313354492,5430500,DF,2006-04-03 to 2013-05-24
2009-04-07 00:00:00+00:00,15.912351608276367,30.450000762939453,31.020000457763672,29.989999771118164,30.1200008392334,4976500,DF,2006-04-03 to 2013-05-24
2009-04-08 00:00:00+00:00,15.95937728881836,30.540000915527344,30.600000381469727,30.079999923706055,30.510000228881836,3360000,DF,2006-04-03 to 2013-05-24
2009-04-09 00:00:00+00:00,15.928019523620605,30.479999542236328,31.34000015258789,30.149999618530273,31.100000381469727,3467900,DF,2006-04-03 to 2013-05-24
2009-04-13 00:00:00+00:00,15.760804176330566,30.15999984741211,30.459999084472656,29.950000762939453,30.329999923706055,3102800,DF,2006-04-03 to 2013-05-24
2009-04-14 00:00:00+00:00,15.661513328552246,29.969999313354492,30.209999084472656,29.600000381469727,30.209999084472656,3111800,DF,2006-04-03 to 2013-05-24
2009-04-15 00:00:00+00:00,15.8705472946167,30.3700008392334,30.3700008392334,29.5,29.65999984741211,3265500,DF,2006-04-03 to 2013-05-24
2009-04-16 00:00:00+00:00,15.708545684814453,30.059999465942383,30.68000030517578,29.850000381469727,30.5,3311800,DF,2006-04-03 to 2013-05-24
2009-04-17 00:00:00+00:00,15.645835876464844,29.940000534057617,30.270000457763672,29.860000610351562,30.06999969482422,3958900,DF,2006-04-03 to 2013-05-24
2009-04-20 00:00:00+00:00,15.45771312713623,29.579999923706055,30.059999465942383,29.540000915527344,29.559999465942383,3192200,DF,2006-04-03 to 2013-05-24
2009-04-21 00:00:00+00:00,15.35319709777832,29.3799991607666,29.989999771118164,29.260000228881836,29.489999771118164,3473700,DF,2006-04-03 to 2013-05-24
2009-04-22 00:00:00+00:00,15.159845352172852,29.010000228881836,29.399999618530273,28.989999771118164,29.34000015258789,4446100,DF,2006-04-03 to 2013-05-24
2009-04-23 00:00:00+00:00,15.300939559936523,29.280000686645508,29.329999923706055,28.700000762939453,29.229999542236328,3231800,DF,2006-04-03 to 2013-05-24
2009-04-24 00:00:00+00:00,15.306167602539062,29.290000915527344,29.489999771118164,29.049999237060547,29.489999771118164,3750800,DF,2006-04-03 to 2013-05-24
2009-04-27 00:00:00+00:00,15.452481269836426,29.56999969482422,30.059999465942383,29.1200008392334,29.260000228881836,3699900,DF,2006-04-03 to 2013-05-24
2009-04-28 00:00:00+00:00,15.624940872192383,29.899999618530273,30.299999237060547,29.420000076293945,29.540000915527344,2999900,DF,2006-04-03 to 2013-05-24
2009-04-29 00:00:00+00:00,15.47339153289795,29.610000610351562,30.190000534057617,29.440000534057617,30.049999237060547,6629500,DF,2006-04-03 to 2013-05-24
2009-04-30 00:00:00+00:00,15.760804176330566,30.15999984741211,30.520000457763672,29.6200008392334,30.510000228881836,5561600,DF,2006-04-03 to 2013-05-24
2009-05-01 00:00:00+00:00,16.24679183959961,31.09000015258789,31.09000015258789,30.190000534057617,30.200000762939453,3115300,DF,2006-04-03 to 2013-05-24
2009-05-04 00:00:00+00:00,16.518529891967773,31.610000610351562,31.610000610351562,31.09000015258789,31.329999923706055,3159100,DF,2006-04-03 to 2013-05-24
2009-05-05 00:00:00+00:00,16.544662475585938,31.65999984741211,31.770000457763672,31.350000381469727,31.549999237060547,2779600,DF,2006-04-03 to 2013-05-24
2009-05-06 00:00:00+00:00,16.47150230407715,31.520000457763672,31.969999313354492,31.329999923706055,31.899999618530273,2402800,DF,2006-04-03 to 2013-05-24
2009-05-07 00:00:00+00:00,16.654399871826172,31.8700008392334,32.06999969482422,31.3700008392334,31.809999465942383,2912600,DF,2006-04-03 to 2013-05-24
2009-05-08 00:00:00+00:00,16.654399871826172,31.8700008392334,32.709999084472656,31.670000076293945,32.220001220703125,3284700,DF,2006-04-03 to 2013-05-24
2009-05-11 00:00:00+00:00,16.607372283935547,31.780000686645508,31.90999984741211,31.43000030517578,31.75,2823600,DF,2006-04-03 to 2013-05-24
2009-05-12 00:00:00+00:00,16.71710968017578,31.989999771118164,32.13999938964844,31.6200008392334,31.969999313354492,2235600,DF,2006-04-03 to 2013-05-24
2009-05-13 00:00:00+00:00,16.35654067993164,31.299999237060547,31.920000076293945,31.09000015258789,31.610000610351562,2892700,DF,2006-04-03 to 2013-05-24
2009-05-14 00:00:00+00:00,16.22066879272461,31.040000915527344,31.440000534057617,30.68000030517578,31.360000610351562,2660200,DF,2006-04-03 to 2013-05-24
2009-05-15 00:00:00+00:00,15.948932647705078,30.520000457763672,31.020000457763672,30.25,30.90999984741211,3248100,DF,2006-04-03 to 2013-05-24
2009-05-18 00:00:00+00:00,15.938478469848633,30.5,30.81999969482422,30.1200008392334,30.81999969482422,2682800,DF,2006-04-03 to 2013-05-24
2009-05-19 00:00:00+00:00,16.414016723632812,31.40999984741211,31.59000015258789,30.559999465942383,30.559999465942383,3522200,DF,2006-04-03 to 2013-05-24
2009-05-20 00:00:00+00:00,16.267698287963867,31.1299991607666,31.719999313354492,31.079999923706055,31.68000030517578,3155800,DF,2006-04-03 to 2013-05-24
2009-05-21 00:00:00+00:00,16.05344581604004,30.719999313354492,30.920000076293945,30.440000534057617,30.899999618530273,3230600,DF,2006-04-03 to 2013-05-24
2009-05-22 00:00:00+00:00,16.10047721862793,30.809999465942383,31.190000534057617,30.549999237060547,30.719999313354492,1997500,DF,2006-04-03 to 2013-05-24
2009-05-26 00:00:00+00:00,16.487184524536133,31.549999237060547,31.729999542236328,30.5,30.940000534057617,3725200,DF,2006-04-03 to 2013-05-24
2009-05-27 00:00:00+00:00,16.07277488708496,30.329999923706055,31.399999618530273,30.309999465942383,31.329999923706055,3698900,DF,2006-04-03 to 2013-05-24
2009-05-28 00:00:00+00:00,16.523216247558594,31.18000030517578,31.299999237060547,30.40999984741211,30.5,3260000,DF,2006-04-03 to 2013-05-24
2009-05-29 00:00:00+00:00,16.84647560119629,31.790000915527344,31.84000015258789,30.979999542236328,31.360000610351562,4556800,DF,2006-04-03 to 2013-05-24
2009-06-01 00:00:00+00:00,17.4346981048584,32.900001525878906,33.040000915527344,31.719999313354492,31.950000762939453,4313700,DF,2006-04-03 to 2013-05-24
2009-06-02 00:00:00+00:00,17.281015396118164,32.61000061035156,32.939998626708984,32.290000915527344,32.88999938964844,2828700,DF,2006-04-03 to 2013-05-24
2009-06-03 00:00:00+00:00,16.931259155273438,31.950000762939453,32.59000015258789,31.6200008392334,32.59000015258789,2600200,DF,2006-04-03 to 2013-05-24
2009-06-04 00:00:00+00:00,16.99485206604004,32.06999969482422,32.189998626708984,31.81999969482422,32.08000183105469,2372800,DF,2006-04-03 to 2013-05-24
2009-06-05 00:00:00+00:00,16.968360900878906,32.02000045776367,32.54999923706055,31.670000076293945,32.20000076293945,3063000,DF,2006-04-03 to 2013-05-24
2009-06-08 00:00:00+00:00,16.830575942993164,31.760000228881836,32.099998474121094,31.299999237060547,32.02000045776367,2895500,DF,2006-04-03 to 2013-05-24
2009-06-09 00:00:00+00:00,16.888864517211914,31.8700008392334,32.189998626708984,31.520000457763672,31.829999923706055,3422400,DF,2006-04-03 to 2013-05-24
2009-06-10 00:00:00+00:00,17.084943771362305,32.2400016784668,32.43000030517578,31.899999618530273,32.029998779296875,2988300,DF,2006-04-03 to 2013-05-24
2009-06-11 00:00:00+00:00,17.461183547973633,32.95000076293945,33.41999816894531,32.220001220703125,32.22999954223633,3953800,DF,2006-04-03 to 2013-05-24
2009-06-12 00:00:00+00:00,17.69435691833496,33.38999938964844,33.52000045776367,32.439998626708984,32.880001068115234,3535600,DF,2006-04-03 to 2013-05-24
2009-06-15 00:00:00+00:00,17.29690933227539,32.63999938964844,33.31999969482422,32.2400016784668,33.099998474121094,3004700,DF,2006-04-03 to 2013-05-24
2009-06-16 00:00:00+00:00,17.238618850708008,32.529998779296875,32.869998931884766,32.349998474121094,32.810001373291016,2741600,DF,2006-04-03 to 2013-05-24
2009-06-17 00:00:00+00:00,17.164426803588867,32.38999938964844,32.88999938964844,32.18000030517578,32.4900016784668,3056500,DF,2006-04-03 to 2013-05-24
2009-06-18 00:00:00+00:00,17.66786003112793,33.34000015258789,33.38999938964844,32.2599983215332,32.5,2911600,DF,2006-04-03 to 2013-05-24
2009-06-19 00:00:00+00:00,17.339309692382812,32.720001220703125,33.59000015258789,32.599998474121094,33.47999954223633,5169600,DF,2006-04-03 to 2013-05-24
2009-06-22 00:00:00+00:00,17.49298095703125,33.0099983215332,33.22999954223633,32.540000915527344,32.630001068115234,3312800,DF,2006-04-03 to 2013-05-24
2009-06-23 00:00:00+00:00,17.249217987060547,32.54999923706055,33.27000045776367,32.43000030517578,33.09000015258789,2563500,DF,2006-04-03 to 2013-05-24
2009-06-24 00:00:00+00:00,17.376405715942383,32.790000915527344,33.08000183105469,32.599998474121094,32.650001525878906,2436100,DF,2006-04-03 to 2013-05-24
2009-06-25 00:00:00+00:00,17.67316436767578,33.349998474121094,33.52000045776367,32.29999923706055,32.72999954223633,2749400,DF,2006-04-03 to 2013-05-24
2009-06-26 00:00:00+00:00,17.69435691833496,33.38999938964844,33.529998779296875,33.04999923706055,33.31999969482422,2502000,DF,2006-04-03 to 2013-05-24
2009-06-29 00:00:00+00:00,17.948728561401367,33.869998931884766,33.93000030517578,33.25,33.5,1857500,DF,2006-04-03 to 2013-05-24
2009-06-30 00:00:00+00:00,17.710256576538086,33.41999816894531,33.810001373291016,32.959999084472656,33.810001373291016,2648900,DF,2006-04-03 to 2013-05-24
2009-07-01 00:00:00+00:00,18.139503479003906,34.22999954223633,34.31999969482422,33.5099983215332,33.650001525878906,3568300,DF,2006-04-03 to 2013-05-24
2009-07-02 00:00:00+00:00,17.588375091552734,33.189998626708984,33.91999816894531,33.150001525878906,33.790000915527344,3392600,DF,2006-04-03 to 2013-05-24
2009-07-06 00:00:00+00:00,17.74735450744629,33.4900016784668,33.689998626708984,33.0,33.119998931884766,2537600,DF,2006-04-03 to 2013-05-24
2009-07-07 00:00:00+00:00,17.344606399536133,32.72999954223633,33.65999984741211,32.630001068115234,33.5,2441400,DF,2006-04-03 to 2013-05-24
2009-07-08 00:00:00+00:00,17.27572250366211,32.599998474121094,33.0099983215332,32.22999954223633,32.7599983215332,3254700,DF,2006-04-03 to 2013-05-24
2009-07-09 00:00:00+00:00,17.386999130249023,32.810001373291016,33.099998474121094,32.279998779296875,32.7599983215332,3466500,DF,2006-04-03 to 2013-05-24
2009-07-10 00:00:00+00:00,17.19622039794922,32.45000076293945,32.70000076293945,32.099998474121094,32.689998626708984,2844800,DF,2006-04-03 to 2013-05-24
2009-07-13 00:00:00+00:00,17.498289108276367,33.02000045776367,33.040000915527344,32.20000076293945,32.59000015258789,2804800,DF,2006-04-03 to 2013-05-24
2009-07-14 00:00:00+00:00,17.540681838989258,33.099998474121094,33.13999938964844,32.599998474121094,33.119998931884766,2436800,DF,2006-04-03 to 2013-05-24
2009-07-15 00:00:00+00:00,17.583072662353516,33.18000030517578,33.560001373291016,32.93000030517578,33.400001525878906,4277000,DF,2006-04-03 to 2013-05-24
2009-07-16 00:00:00+00:00,17.577774047851562,33.16999816894531,33.380001068115234,32.52000045776367,33.130001068115234,3441700,DF,2006-04-03 to 2013-05-24
2009-07-17 00:00:00+00:00,17.41879653930664,32.869998931884766,33.34000015258789,32.619998931884766,33.09000015258789,3103200,DF,2006-04-03 to 2013-05-24
2009-07-20 00:00:00+00:00,17.408193588256836,32.849998474121094,33.119998931884766,32.56999969482422,33.11000061035156,2820800,DF,2006-04-03 to 2013-05-24
2009-07-21 00:00:00+00:00,17.50358772277832,33.029998779296875,33.16999816894531,32.709999084472656,33.16999816894531,3569100,DF,2006-04-03 to 2013-05-24
2009-07-22 00:00:00+00:00,17.551279067993164,33.119998931884766,33.34000015258789,32.65999984741211,32.65999984741211,2360700,DF,2006-04-03 to 2013-05-24
2009-07-23 00:00:00+00:00,17.964632034301758,33.900001525878906,34.189998626708984,33.06999969482422,33.09000015258789,3918500,DF,2006-04-03 to 2013-05-24
2009-07-24 00:00:00+00:00,18.33027458190918,34.59000015258789,34.70000076293945,33.75,33.79999923706055,2906100,DF,2006-04-03 to 2013-05-24
2009-07-27 00:00:00+00:00,18.441560745239258,34.79999923706055,34.84000015258789,34.470001220703125,34.599998474121094,2661700,DF,2006-04-03 to 2013-05-24
2009-07-28 00:00:00+00:00,18.091800689697266,34.13999938964844,34.79999923706055,34.0,34.66999816894531,2156800,DF,2006-04-03 to 2013-05-24
2009-07-29 00:00:00+00:00,18.091800689697266,34.13999938964844,34.400001525878906,33.54999923706055,34.0,2235600,DF,2006-04-03 to 2013-05-24
2009-07-30 00:00:00+00:00,18.303773880004883,34.540000915527344,34.72999954223633,34.22999954223633,34.34000015258789,2781300,DF,2006-04-03 to 2013-05-24
2009-07-31 00:00:00+00:00,17.911638259887695,33.79999923706055,34.79999923706055,33.75,34.7599983215332,3422700,DF,2006-04-03 to 2013-05-24
2009-08-03 00:00:00+00:00,17.969919204711914,33.90999984741211,34.15999984741211,33.58000183105469,34.15999984741211,3629500,DF,2006-04-03 to 2013-05-24
2009-08-04 00:00:00+00:00,17.895734786987305,33.77000045776367,34.099998474121094,33.619998931884766,33.81999969482422,2357100,DF,2006-04-03 to 2013-05-24
2009-08-05 00:00:00+00:00,17.842742919921875,33.66999816894531,34.72999954223633,33.459999084472656,33.849998474121094,2367300,DF,2006-04-03 to 2013-05-24
2009-08-06 00:00:00+00:00,17.927532196044922,33.83000183105469,33.93000030517578,33.529998779296875,33.75,2678200,DF,2006-04-03 to 2013-05-24
2009-08-07 00:00:00+00:00,17.805648803710938,33.599998474121094,34.20000076293945,33.43000030517578,34.08000183105469,3499600,DF,2006-04-03 to 2013-05-24
2009-08-10 00:00:00+00:00,17.805648803710938,33.599998474121094,33.65999984741211,33.11000061035156,33.54999923706055,2426200,DF,2006-04-03 to 2013-05-24
2009-08-11 00:00:00+00:00,17.74735450744629,33.4900016784668,33.650001525878906,33.220001220703125,33.54999923706055,2583600,DF,2006-04-03 to 2013-05-24
2009-08-12 00:00:00+00:00,17.84804344177246,33.68000030517578,33.959999084472656,33.33000183105469,33.34000015258789,2860700,DF,2006-04-03 to 2013-05-24
2009-08-13 00:00:00+00:00,17.816242218017578,33.619998931884766,33.75,33.34000015258789,33.75,2048600,DF,2006-04-03 to 2013-05-24
2009-08-14 00:00:00+00:00,17.784454345703125,33.560001373291016,33.7599983215332,33.220001220703125,33.630001068115234,2262100,DF,2006-04-03 to 2013-05-24
2009-08-17 00:00:00+00:00,17.556581497192383,33.130001068115234,33.43000030517578,33.040000915527344,33.040000915527344,2452700,DF,2006-04-03 to 2013-05-24
2009-08-18 00:00:00+00:00,17.588375091552734,33.189998626708984,33.310001373291016,32.91999816894531,33.130001068115234,2134400,DF,2006-04-03 to 2013-05-24
2009-08-19 00:00:00+00:00,17.715559005737305,33.43000030517578,33.5,33.0,33.119998931884766,2206800,DF,2006-04-03 to 2013-05-24
2009-08-20 00:00:00+00:00,17.842742919921875,33.66999816894531,33.689998626708984,33.20000076293945,33.47999954223633,1934200,DF,2006-04-03 to 2013-05-24
2009-08-21 00:00:00+00:00,18.13420295715332,34.220001220703125,34.25,33.650001525878906,34.0,3105100,DF,2006-04-03 to 2013-05-24
2009-08-24 00:00:00+00:00,18.25078773498535,34.439998626708984,34.45000076293945,34.099998474121094,34.33000183105469,2326100,DF,2006-04-03 to 2013-05-24
2009-08-25 00:00:00+00:00,18.181896209716797,34.310001373291016,34.650001525878906,34.27000045776367,34.4900016784668,2513700,DF,2006-04-03 to 2013-05-24
2009-08-26 00:00:00+00:00,17.97684669494629,33.4900016784668,33.959999084472656,33.33000183105469,33.959999084472656,3348200,DF,2006-04-03 to 2013-05-24
2009-08-27 00:00:00+00:00,17.955368041992188,33.45000076293945,33.58000183105469,33.22999954223633,33.54999923706055,2715300,DF,2006-04-03 to 2013-05-24
2009-08-28 00:00:00+00:00,17.831912994384766,33.220001220703125,33.68000030517578,33.040000915527344,33.68000030517578,2579300,DF,2006-04-03 to 2013-05-24
2009-08-31 00:00:00+00:00,17.75676727294922,33.08000183105469,33.25,32.88999938964844,33.06999969482422,2788400,DF,2006-04-03 to 2013-05-24
2009-09-01 00:00:00+00:00,17.71918296813965,33.0099983215332,33.279998779296875,32.84000015258789,33.0099983215332,3471000,DF,2006-04-03 to 2013-05-24
2009-09-02 00:00:00+00:00,17.57425880432129,32.7400016784668,33.0,32.560001373291016,32.95000076293945,2580500,DF,2006-04-03 to 2013-05-24
2009-09-03 00:00:00+00:00,17.57425880432129,32.7400016784668,33.029998779296875,32.56999969482422,32.93000030517578,2801800,DF,2006-04-03 to 2013-05-24
2009-09-04 00:00:00+00:00,17.713823318481445,33.0,33.02000045776367,32.560001373291016,32.7599983215332,3006500,DF,2006-04-03 to 2013-05-24
2009-09-08 00:00:00+00:00,17.724559783935547,33.02000045776367,33.13999938964844,32.77000045776367,33.13999938964844,2376400,DF,2006-04-03 to 2013-05-24
2009-09-09 00:00:00+00:00,17.75676727294922,33.08000183105469,33.220001220703125,32.900001525878906,33.0,2362100,DF,2006-04-03 to 2013-05-24
2009-09-10 00:00:00+00:00,17.617197036743164,32.81999969482422,33.22999954223633,32.650001525878906,33.04999923706055,3151200,DF,2006-04-03 to 2013-05-24
2009-09-11 00:00:00+00:00,17.60110092163086,32.790000915527344,32.91999816894531,32.65999984741211,32.849998474121094,2825700,DF,2006-04-03 to 2013-05-24
2009-09-14 00:00:00+00:00,17.815811157226562,33.189998626708984,33.220001220703125,32.75,32.7599983215332,3142500,DF,2006-04-03 to 2013-05-24
2009-09-15 00:00:00+00:00,17.960742950439453,33.459999084472656,33.54999923706055,33.029998779296875,33.25,3205700,DF,2006-04-03 to 2013-05-24
2009-09-16 00:00:00+00:00,18.320388793945312,34.130001068115234,34.130001068115234,33.31999969482422,33.63999938964844,3015500,DF,2006-04-03 to 2013-05-24
2009-09-17 00:00:00+00:00,18.261333465576172,34.02000045776367,34.13999938964844,33.59000015258789,33.91999816894531,3729100,DF,2006-04-03 to 2013-05-24
2009-09-18 00:00:00+00:00,18.427738189697266,34.33000183105469,34.5,33.88999938964844,34.18000030517578,4626100,DF,2006-04-03 to 2013-05-24
2009-09-21 00:00:00+00:00,18.35259437561035,34.189998626708984,34.47999954223633,33.959999084472656,34.27000045776367,2412900,DF,2006-04-03 to 2013-05-24
2009-09-22 00:00:00+00:00,18.293548583984375,34.08000183105469,34.400001525878906,33.95000076293945,34.31999969482422,2808300,DF,2006-04-03 to 2013-05-24
2009-09-23 00:00:00+00:00,18.277448654174805,34.04999923706055,34.630001068115234,34.02000045776367,34.099998474121094,2771300,DF,2006-04-03 to 2013-05-24
2009-09-24 00:00:00+00:00,18.384794235229492,34.25,34.369998931884766,34.02000045776367,34.06999969482422,2847200,DF,2006-04-03 to 2013-05-24
2009-09-25 00:00:00+00:00,18.35259437561035,34.189998626708984,34.45000076293945,34.18000030517578,34.20000076293945,2744700,DF,2006-04-03 to 2013-05-24
2009-09-28 00:00:00+00:00,18.572673797607422,34.599998474121094,34.77000045776367,34.22999954223633,34.22999954223633,2058500,DF,2006-04-03 to 2013-05-24
2009-09-29 00:00:00+00:00,18.6424560546875,34.72999954223633,34.83000183105469,34.43000030517578,34.7400016784668,2643200,DF,2006-04-03 to 2013-05-24
2009-09-30 00:00:00+00:00,18.518991470336914,34.5,34.630001068115234,34.25,34.619998931884766,4014700,DF,2006-04-03 to 2013-05-24
2009-10-01 00:00:00+00:00,18.143253326416016,33.79999923706055,34.47999954223633,33.79999923706055,34.459999084472656,3542800,DF,2006-04-03 to 2013-05-24
2009-10-02 00:00:00+00:00,17.97684669494629,33.4900016784668,33.709999084472656,33.369998931884766,33.70000076293945,2396900,DF,2006-04-03 to 2013-05-24
2009-10-05 00:00:00+00:00,18.089563369750977,33.70000076293945,33.72999954223633,33.150001525878906,33.470001220703125,2323900,DF,2006-04-03 to 2013-05-24
2009-10-06 00:00:00+00:00,18.175458908081055,33.86000061035156,34.08000183105469,33.58000183105469,33.7400016784668,2018800,DF,2006-04-03 to 2013-05-24
2009-10-07 00:00:00+00:00,18.298917770385742,34.09000015258789,34.099998474121094,33.529998779296875,33.869998931884766,2110100,DF,2006-04-03 to 2013-05-24
2009-10-08 00:00:00+00:00,18.374065399169922,34.22999954223633,34.38999938964844,34.04999923706055,34.220001220703125,1882100,DF,2006-04-03 to 2013-05-24
2009-10-09 00:00:00+00:00,18.626352310180664,34.70000076293945,34.70000076293945,34.220001220703125,34.25,2154300,DF,2006-04-03 to 2013-05-24
2009-10-12 00:00:00+00:00,18.712238311767578,34.86000061035156,34.9900016784668,34.650001525878906,34.72999954223633,1492900,DF,2006-04-03 to 2013-05-24
2009-10-13 00:00:00+00:00,18.52973175048828,34.52000045776367,34.849998474121094,34.36000061035156,34.849998474121094,2542200,DF,2006-04-03 to 2013-05-24
2009-10-14 00:00:00+00:00,18.637088775634766,34.720001220703125,34.880001068115234,34.459999084472656,34.75,1996800,DF,2006-04-03 to 2013-05-24
2009-10-15 00:00:00+00:00,18.433109283447266,34.34000015258789,34.75,34.20000076293945,34.68000030517578,5217100,DF,2006-04-03 to 2013-05-24
2009-10-16 00:00:00+00:00,18.52973175048828,34.52000045776367,34.630001068115234,34.04999923706055,34.20000076293945,2969200,DF,2006-04-03 to 2013-05-24
2009-10-19 00:00:00+00:00,18.846431732177734,35.11000061035156,35.22999954223633,34.27000045776367,34.61000061035156,2315900,DF,2006-04-03 to 2013-05-24
2009-10-20 00:00:00+00:00,18.77128791809082,34.970001220703125,35.150001525878906,34.61000061035156,35.11000061035156,2290900,DF,2006-04-03 to 2013-05-24
2009-10-21 00:00:00+00:00,18.824962615966797,35.06999969482422,35.400001525878906,34.84000015258789,34.959999084472656,3601700,DF,2006-04-03 to 2013-05-24
2009-10-22 00:00:00+00:00,19.0504093170166,35.4900016784668,35.540000915527344,35.0,35.040000915527344,3346200,DF,2006-04-03 to 2013-05-24
2009-10-23 00:00:00+00:00,18.878643035888672,35.16999816894531,35.56999969482422,34.849998474121094,35.43000030517578,3177800,DF,2006-04-03 to 2013-05-24
2009-10-26 00:00:00+00:00,18.685400009155273,34.810001373291016,35.63999938964844,34.72999954223633,35.27000045776367,4411100,DF,2006-04-03 to 2013-05-24
2009-10-27 00:00:00+00:00,18.631711959838867,34.709999084472656,35.310001373291016,34.59000015258789,34.88999938964844,3289300,DF,2006-04-03 to 2013-05-24
2009-10-28 00:00:00+00:00,18.578039169311523,34.61000061035156,35.040000915527344,34.5,34.720001220703125,3032800,DF,2006-04-03 to 2013-05-24
2009-10-29 00:00:00+00:00,18.588781356811523,34.630001068115234,34.83000183105469,34.349998474121094,34.72999954223633,3968400,DF,2006-04-03 to 2013-05-24
2009-10-30 00:00:00+00:00,18.298917770385742,34.09000015258789,34.849998474121094,34.0,34.650001525878906,4625600,DF,2006-04-03 to 2013-05-24
2009-11-02 00:00:00+00:00,18.572673797607422,34.599998474121094,34.84000015258789,34.099998474121094,34.209999084472656,4151400,DF,2006-04-03 to 2013-05-24
2009-11-03 00:00:00+00:00,18.6424560546875,34.72999954223633,35.0,34.470001220703125,34.59000015258789,3750700,DF,2006-04-03 to 2013-05-24
2009-11-04 00:00:00+00:00,18.841062545776367,35.099998474121094,35.61000061035156,34.790000915527344,34.84000015258789,3742100,DF,2006-04-03 to 2013-05-24
2009-11-05 00:00:00+00:00,19.222185134887695,35.810001373291016,35.93000030517578,35.43000030517578,35.43000030517578,3500900,DF,2006-04-03 to 2013-05-24
2009-11-06 00:00:00+00:00,19.30806541442871,35.970001220703125,36.349998474121094,35.66999816894531,35.72999954223633,4154500,DF,2006-04-03 to 2013-05-24
2009-11-09 00:00:00+00:00,19.6516056060791,36.61000061035156,36.630001068115234,36.040000915527344,36.209999084472656,3020000,DF,2006-04-03 to 2013-05-24
2009-11-10 00:00:00+00:00,19.73749351501465,36.77000045776367,36.849998474121094,36.5,36.540000915527344,2933000,DF,2006-04-03 to 2013-05-24
2009-11-11 00:00:00+00:00,19.67845344543457,36.65999984741211,36.959999084472656,36.5,36.88999938964844,2363800,DF,2006-04-03 to 2013-05-24
2009-11-12 00:00:00+00:00,19.463735580444336,36.2599983215332,36.810001373291016,36.15999984741211,36.65999984741211,3054600,DF,2006-04-03 to 2013-05-24
2009-11-13 00:00:00+00:00,19.463735580444336,36.2599983215332,36.470001220703125,36.0099983215332,36.27000045776367,2853700,DF,2006-04-03 to 2013-05-24
2009-11-16 00:00:00+00:00,19.914627075195312,37.099998474121094,37.11000061035156,36.40999984741211,36.43000030517578,3308400,DF,2006-04-03 to 2013-05-24
2009-11-17 00:00:00+00:00,19.99515151977539,37.25,37.25,37.0,37.060001373291016,3039900,DF,2006-04-03 to 2013-05-24
2009-11-18 00:00:00+00:00,19.882427215576172,37.040000915527344,37.29999923706055,36.88999938964844,37.209999084472656,2258300,DF,2006-04-03 to 2013-05-24
2009-11-19 00:00:00+00:00,19.75896644592285,36.810001373291016,37.029998779296875,36.650001525878906,36.939998626708984,2749600,DF,2006-04-03 to 2013-05-24
2009-11-20 00:00:00+00:00,19.522777557373047,36.369998931884766,36.40999984741211,35.810001373291016,36.029998779296875,5468600,DF,2006-04-03 to 2013-05-24
2009-11-23 00:00:00+00:00,19.73212432861328,36.7599983215332,37.130001068115234,36.65999984741211,36.689998626708984,3036800,DF,2006-04-03 to 2013-05-24
2009-11-24 00:00:00+00:00,19.84485626220703,36.970001220703125,37.18000030517578,36.720001220703125,36.7599983215332,3758900,DF,2006-04-03 to 2013-05-24
2009-11-25 00:00:00+00:00,19.97956085205078,36.779998779296875,36.88999938964844,36.380001068115234,36.61000061035156,3073900,DF,2006-04-03 to 2013-05-24
2009-11-27 00:00:00+00:00,19.63190269470215,36.13999938964844,36.4900016784668,35.97999954223633,36.27000045776367,1310200,DF,2006-04-03 to 2013-05-24
2009-11-30 00:00:00+00:00,19.762283325195312,36.380001068115234,36.459999084472656,36.060001373291016,36.20000076293945,2873200,DF,2006-04-03 to 2013-05-24
2009-12-01 00:00:00+00:00,20.196853637695312,37.18000030517578,37.22999954223633,36.56999969482422,36.619998931884766,3377600,DF,2006-04-03 to 2013-05-24
2009-12-02 00:00:00+00:00,20.57711410522461,37.880001068115234,37.880001068115234,37.060001373291016,37.099998474121094,3921600,DF,2006-04-03 to 2013-05-24
2009-12-03 00:00:00+00:00,20.566242218017578,37.86000061035156,38.18000030517578,37.599998474121094,37.810001373291016,3125300,DF,2006-04-03 to 2013-05-24
2009-12-04 00:00:00+00:00,20.506484985351562,37.75,38.40999984741211,37.279998779296875,38.18000030517578,2894000,DF,2006-04-03 to 2013-05-24
2009-12-07 00:00:00+00:00,20.761798858642578,38.220001220703125,38.41999816894531,37.779998779296875,37.880001068115234,2847100,DF,2006-04-03 to 2013-05-24
2009-12-08 00:00:00+00:00,20.723772048950195,38.150001525878906,38.40999984741211,37.75,38.13999938964844,2982200,DF,2006-04-03 to 2013-05-24
2009-12-09 00:00:00+00:00,20.79982566833496,38.290000915527344,38.36000061035156,37.88999938964844,38.220001220703125,2124000,DF,2006-04-03 to 2013-05-24
2009-12-10 00:00:00+00:00,20.968217849731445,38.599998474121094,38.77000045776367,38.2400016784668,38.470001220703125,2207700,DF,2006-04-03 to 2013-05-24
2009-12-11 00:00:00+00:00,21.22896957397461,39.08000183105469,39.189998626708984,38.56999969482422,38.779998779296875,3142100,DF,2006-04-03 to 2013-05-24
2009-12-14 00:00:00+00:00,21.473419189453125,39.529998779296875,39.650001525878906,39.220001220703125,39.369998931884766,3040300,DF,2006-04-03 to 2013-05-24
2009-12-15 00:00:00+00:00,21.321313858032227,39.25,39.40999984741211,39.040000915527344,39.400001525878906,2221400,DF,2006-04-03 to 2013-05-24
2009-12-16 00:00:00+00:00,21.28872299194336,39.189998626708984,39.56999969482422,39.119998931884766,39.439998626708984,2472200,DF,2006-04-03 to 2013-05-24
2009-12-17 00:00:00+00:00,21.163774490356445,38.959999084472656,39.2599983215332,38.779998779296875,39.15999984741211,2253900,DF,2006-04-03 to 2013-05-24
2009-12-18 00:00:00+00:00,21.256128311157227,39.130001068115234,39.43000030517578,38.72999954223633,38.9900016784668,4744200,DF,2006-04-03 to 2013-05-24
2009-12-21 00:00:00+00:00,21.31588363647461,39.2400016784668,39.56999969482422,39.189998626708984,39.2400016784668,1997400,DF,2006-04-03 to 2013-05-24
2009-12-22 00:00:00+00:00,21.250699996948242,39.119998931884766,39.47999954223633,39.02000045776367,39.27000045776367,1598600,DF,2006-04-03 to 2013-05-24
2009-12-23 00:00:00+00:00,21.261560440063477,39.13999938964844,39.27000045776367,38.91999816894531,39.09000015258789,1610700,DF,2006-04-03 to 2013-05-24
2009-12-24 00:00:00+00:00,21.386493682861328,39.369998931884766,39.4900016784668,39.09000015258789,39.099998474121094,689600,DF,2006-04-03 to 2013-05-24
2009-12-28 00:00:00+00:00,21.51687240600586,39.61000061035156,39.61000061035156,39.279998779296875,39.5,1478800,DF,2006-04-03 to 2013-05-24
2009-12-29 00:00:00+00:00,21.402788162231445,39.400001525878906,39.790000915527344,39.38999938964844,39.529998779296875,1337400,DF,2006-04-03 to 2013-05-24
2009-12-30 00:00:00+00:00,21.45711898803711,39.5,39.599998474121094,39.20000076293945,39.209999084472656,957400,DF,2006-04-03 to 2013-05-24
2009-12-31 00:00:00+00:00,21.14204978942871,38.91999816894531,39.59000015258789,38.91999816894531,39.4900016784668,1764400,DF,2006-04-03 to 2013-05-24
2010-01-04 00:00:00+00:00,21.163774490356445,38.959999084472656,39.41999816894531,38.84000015258789,39.099998474121094,2175500,DF,2006-04-03 to 2013-05-24
2010-01-05 00:00:00+00:00,20.903039932250977,38.47999954223633,39.02000045776367,38.08000183105469,38.86000061035156,2802200,DF,2006-04-03 to 2013-05-24
2010-01-06 00:00:00+00:00,20.924760818481445,38.52000045776367,38.72999954223633,38.290000915527344,38.5,2882500,DF,2006-04-03 to 2013-05-24
2010-01-07 00:00:00+00:00,20.957359313964844,38.58000183105469,38.599998474121094,38.2400016784668,38.529998779296875,1903400,DF,2006-04-03 to 2013-05-24
2010-01-08 00:00:00+00:00,20.946495056152344,38.560001373291016,38.619998931884766,38.220001220703125,38.529998779296875,1779000,DF,2006-04-03 to 2013-05-24
2010-01-11 00:00:00+00:00,21.256128311157227,39.130001068115234,39.150001525878906,38.68000030517578,38.68000030517578,2566400,DF,2006-04-03 to 2013-05-24
2010-01-12 00:00:00+00:00,21.147485733032227,38.93000030517578,39.25,38.83000183105469,39.040000915527344,1944300,DF,2006-04-03 to 2013-05-24
2010-01-13 00:00:00+00:00,21.266992568969727,39.150001525878906,39.36000061035156,38.790000915527344,39.0099983215332,2232000,DF,2006-04-03 to 2013-05-24
2010-01-14 00:00:00+00:00,21.245256423950195,39.11000061035156,39.16999816894531,38.86000061035156,39.029998779296875,1455800,DF,2006-04-03 to 2013-05-24
2010-01-15 00:00:00+00:00,21.10402488708496,38.849998474121094,39.040000915527344,38.5,39.029998779296875,2234100,DF,2006-04-03 to 2013-05-24
2010-01-19 00:00:00+00:00,21.419099807739258,39.43000030517578,39.439998626708984,38.77000045776367,38.900001525878906,1536500,DF,2006-04-03 to 2013-05-24
2010-01-20 00:00:00+00:00,21.20724105834961,39.040000915527344,39.150001525878906,38.52000045776367,39.119998931884766,1767500,DF,2006-04-03 to 2013-05-24
2010-01-21 00:00:00+00:00,20.930191040039062,38.529998779296875,39.439998626708984,38.29999923706055,39.099998474121094,2846100,DF,2006-04-03 to 2013-05-24
2010-01-22 00:00:00+00:00,20.53365135192871,37.79999923706055,38.61000061035156,37.7599983215332,38.45000076293945,2821900,DF,2006-04-03 to 2013-05-24
2010-01-25 00:00:00+00:00,20.68031120300293,38.06999969482422,38.25,37.65999984741211,38.0,1628900,DF,2006-04-03 to 2013-05-24
2010-01-26 00:00:00+00:00,20.696609497070312,38.099998474121094,38.33000183105469,37.79999923706055,37.9900016784668,1688500,DF,2006-04-03 to 2013-05-24
2010-01-27 00:00:00+00:00,20.64229393005371,38.0,38.029998779296875,37.18000030517578,38.0,3353500,DF,2006-04-03 to 2013-05-24
2010-01-28 00:00:00+00:00,20.42499351501465,37.599998474121094,38.060001373291016,37.38999938964844,38.02000045776367,3144900,DF,2006-04-03 to 2013-05-24
2010-01-29 00:00:00+00:00,20.348957061767578,37.459999084472656,38.0099983215332,37.439998626708984,37.68000030517578,3006000,DF,2006-04-03 to 2013-05-24
2010-02-01 00:00:00+00:00,20.506484985351562,37.75,37.86000061035156,37.16999816894531,37.619998931884766,1762900,DF,2006-04-03 to 2013-05-24
2010-02-02 00:00:00+00:00,20.636857986450195,37.9900016784668,38.0,37.22999954223633,37.7599983215332,2413300,DF,2006-04-03 to 2013-05-24
2010-02-03 00:00:00+00:00,20.44672966003418,37.63999938964844,37.91999816894531,37.36000061035156,37.88999938964844,2038900,DF,2006-04-03 to 2013-05-24
2010-02-04 00:00:00+00:00,20.023021697998047,36.86000061035156,37.619998931884766,36.83000183105469,37.459999084472656,2608000,DF,2006-04-03 to 2013-05-24
2010-02-05 00:00:00+00:00,19.963272094726562,36.75,36.84000015258789,36.130001068115234,36.77000045776367,3424700,DF,2006-04-03 to 2013-05-24
2010-02-08 00:00:00+00:00,19.702526092529297,36.27000045776367,36.7599983215332,36.27000045776367,36.66999816894531,2207700,DF,2006-04-03 to 2013-05-24
2010-02-09 00:00:00+00:00,19.865478515625,36.56999969482422,37.04999923706055,36.34000015258789,36.5,2705700,DF,2006-04-03 to 2013-05-24
2010-02-10 00:00:00+00:00,19.881776809692383,36.599998474121094,36.790000915527344,36.119998931884766,36.599998474121094,2707700,DF,2006-04-03 to 2013-05-24
2010-02-11 00:00:00+00:00,20.137102127075195,37.06999969482422,37.13999938964844,36.15999984741211,36.47999954223633,2975700,DF,2006-04-03 to 2013-05-24
2010-02-12 00:00:00+00:00,20.17512321472168,37.13999938964844,37.18000030517578,36.58000183105469,36.79999923706055,3826400,DF,2006-04-03 to 2013-05-24
2010-02-16 00:00:00+00:00,20.772666931152344,38.2400016784668,38.2599983215332,37.20000076293945,37.220001220703125,3302400,DF,2006-04-03 to 2013-05-24
2010-02-17 00:00:00+00:00,20.848716735839844,38.380001068115234,38.470001220703125,38.150001525878906,38.29999923706055,3341600,DF,2006-04-03 to 2013-05-24
2010-02-18 00:00:00+00:00,21.033411026000977,38.720001220703125,38.77000045776367,38.290000915527344,38.290000915527344,2527300,DF,2006-04-03 to 2013-05-24
2010-02-19 00:00:00+00:00,21.277851104736328,39.16999816894531,39.22999954223633,38.459999084472656,38.529998779296875,2522400,DF,2006-04-03 to 2013-05-24
2010-02-22 00:00:00+00:00,21.18550682067871,39.0,39.439998626708984,38.75,39.41999816894531,2924500,DF,2006-04-03 to 2013-05-24
2010-02-23 00:00:00+00:00,21.087732315063477,38.81999969482422,39.150001525878906,38.7599983215332,38.970001220703125,4133500,DF,2006-04-03 to 2013-05-24
2010-02-24 00:00:00+00:00,21.180072784423828,38.529998779296875,38.540000915527344,37.970001220703125,38.52000045776367,3940200,DF,2006-04-03 to 2013-05-24
2010-02-25 00:00:00+00:00,21.075639724731445,38.34000015258789,38.38999938964844,37.720001220703125,38.18000030517578,3361700,DF,2006-04-03 to 2013-05-24
2010-02-26 00:00:00+00:00,20.883241653442383,37.9900016784668,38.560001373291016,37.9900016784668,38.279998779296875,3370600,DF,2006-04-03 to 2013-05-24
2010-03-01 00:00:00+00:00,21.053638458251953,38.29999923706055,38.52000045776367,38.060001373291016,38.060001373291016,3138400,DF,2006-04-03 to 2013-05-24
2010-03-02 00:00:00+00:00,21.152591705322266,38.47999954223633,38.66999816894531,38.36000061035156,38.5099983215332,2445900,DF,2006-04-03 to 2013-05-24
2010-03-03 00:00:00+00:00,21.224048614501953,38.61000061035156,38.9900016784668,38.40999984741211,38.470001220703125,2951300,DF,2006-04-03 to 2013-05-24
2010-03-04 00:00:00+00:00,21.301008224487305,38.75,38.86000061035156,38.4900016784668,38.619998931884766,2310000,DF,2006-04-03 to 2013-05-24
2010-03-05 00:00:00+00:00,21.498897552490234,39.11000061035156,39.150001525878906,38.689998626708984,38.93000030517578,1835000,DF,2006-04-03 to 2013-05-24
2010-03-08 00:00:00+00:00,21.482418060302734,39.08000183105469,39.189998626708984,38.90999984741211,39.11000061035156,1563000,DF,2006-04-03 to 2013-05-24
2010-03-09 00:00:00+00:00,21.559370040893555,39.220001220703125,39.349998474121094,38.90999984741211,39.060001373291016,2546900,DF,2006-04-03 to 2013-05-24
2010-03-10 00:00:00+00:00,21.647327423095703,39.380001068115234,39.4900016784668,39.11000061035156,39.29999923706055,3275100,DF,2006-04-03 to 2013-05-24
2010-03-11 00:00:00+00:00,21.795745849609375,39.650001525878906,39.650001525878906,39.13999938964844,39.2599983215332,1673600,DF,2006-04-03 to 2013-05-24
2010-03-12 00:00:00+00:00,21.81774139404297,39.689998626708984,39.900001525878906,39.54999923706055,39.84000015258789,3437200,DF,2006-04-03 to 2013-05-24
2010-03-15 00:00:00+00:00,21.828731536865234,39.709999084472656,40.290000915527344,39.47999954223633,40.2599983215332,4653800,DF,2006-04-03 to 2013-05-24
2010-03-16 00:00:00+00:00,21.927671432495117,39.88999938964844,40.15999984741211,39.61000061035156,40.15999984741211,4744800,DF,2006-04-03 to 2013-05-24
2010-03-17 00:00:00+00:00,22.295988082885742,40.560001373291016,40.619998931884766,39.91999816894531,40.0099983215332,6384400,DF,2006-04-03 to 2013-05-24
2010-03-18 00:00:00+00:00,22.26848602294922,40.5099983215332,40.630001068115234,40.13999938964844,40.540000915527344,3946600,DF,2006-04-03 to 2013-05-24
2010-03-19 00:00:00+00:00,22.372928619384766,40.70000076293945,40.77000045776367,40.380001068115234,40.70000076293945,6179100,DF,2006-04-03 to 2013-05-24
2010-03-22 00:00:00+00:00,22.05961799621582,40.130001068115234,40.65999984741211,39.91999816894531,40.65999984741211,4721600,DF,2006-04-03 to 2013-05-24
2010-03-23 00:00:00+00:00,22.092586517333984,40.189998626708984,40.2599983215332,39.81999969482422,40.15999984741211,3657300,DF,2006-04-03 to 2013-05-24
2010-03-24 00:00:00+00:00,22.032115936279297,40.08000183105469,40.25,39.86000061035156,39.869998931884766,3252800,DF,2006-04-03 to 2013-05-24
2010-03-25 00:00:00+00:00,22.131061553955078,40.2599983215332,40.459999084472656,39.93000030517578,40.11000061035156,6430700,DF,2006-04-03 to 2013-05-24
2010-03-26 00:00:00+00:00,22.317956924438477,40.599998474121094,40.709999084472656,40.130001068115234,40.41999816894531,4921900,DF,2006-04-03 to 2013-05-24
2010-03-29 00:00:00+00:00,22.636791229248047,41.18000030517578,41.27000045776367,40.619998931884766,40.75,3969500,DF,2006-04-03 to 2013-05-24
2010-03-30 00:00:00+00:00,22.680774688720703,41.2599983215332,41.61000061035156,41.130001068115234,41.150001525878906,5198800,DF,2006-04-03 to 2013-05-24
2010-03-31 00:00:00+00:00,22.598318099975586,41.11000061035156,41.38999938964844,40.959999084472656,41.189998626708984,3518400,DF,2006-04-03 to 2013-05-24
2010-04-01 00:00:00+00:00,22.99410057067871,41.83000183105469,41.83000183105469,41.15999984741211,41.20000076293945,3441000,DF,2006-04-03 to 2013-05-24
2010-04-05 00:00:00+00:00,22.983110427856445,41.810001373291016,41.93000030517578,41.650001525878906,41.880001068115234,3471200,DF,2006-04-03 to 2013-05-24
2010-04-06 00:00:00+00:00,22.922636032104492,41.70000076293945,41.84000015258789,41.47999954223633,41.59000015258789,3080400,DF,2006-04-03 to 2013-05-24
2010-04-07 00:00:00+00:00,22.895158767700195,41.650001525878906,41.810001373291016,41.41999816894531,41.540000915527344,3030600,DF,2006-04-03 to 2013-05-24
2010-04-08 00:00:00+00:00,22.796205520629883,41.470001220703125,41.61000061035156,41.40999984741211,41.5,2722000,DF,2006-04-03 to 2013-05-24
2010-04-09 00:00:00+00:00,22.86217498779297,41.59000015258789,41.63999938964844,40.709999084472656,40.9900016784668,4652400,DF,2006-04-03 to 2013-05-24
2010-04-12 00:00:00+00:00,22.977609634399414,41.79999923706055,41.91999816894531,41.59000015258789,41.77000045776367,2145800,DF,2006-04-03 to 2013-05-24
2010-04-13 00:00:00+00:00,22.90614891052246,41.66999816894531,41.81999969482422,41.5,41.650001525878906,2419700,DF,2006-04-03 to 2013-05-24
2010-04-14 00:00:00+00:00,22.801700592041016,41.47999954223633,41.7400016784668,41.2400016784668,41.61000061035156,2706800,DF,2006-04-03 to 2013-05-24
2010-04-15 00:00:00+00:00,22.779726028442383,41.439998626708984,41.54999923706055,41.150001525878906,41.31999969482422,2786600,DF,2006-04-03 to 2013-05-24
2010-04-16 00:00:00+00:00,22.636791229248047,41.18000030517578,41.540000915527344,41.04999923706055,41.380001068115234,3943600,DF,2006-04-03 to 2013-05-24
2010-04-19 00:00:00+00:00,22.69176483154297,41.279998779296875,41.36000061035156,41.04999923706055,41.04999923706055,2327100,DF,2006-04-03 to 2013-05-24
2010-04-20 00:00:00+00:00,22.768728256225586,41.41999816894531,41.52000045776367,41.25,41.459999084472656,2150800,DF,2006-04-03 to 2013-05-24
2010-04-21 00:00:00+00:00,22.735736846923828,41.36000061035156,41.58000183105469,41.279998779296875,41.33000183105469,2939800,DF,2006-04-03 to 2013-05-24
2010-04-22 00:00:00+00:00,22.730239868164062,41.349998474121094,41.38999938964844,41.04999923706055,41.209999084472656,2928400,DF,2006-04-03 to 2013-05-24
2010-04-23 00:00:00+00:00,22.961118698120117,41.77000045776367,41.79999923706055,41.11000061035156,41.400001525878906,2393600,DF,2006-04-03 to 2013-05-24
2010-04-26 00:00:00+00:00,23.01059341430664,41.86000061035156,42.22999954223633,41.650001525878906,41.68000030517578,2794200,DF,2006-04-03 to 2013-05-24
2010-04-27 00:00:00+00:00,22.61480712890625,41.13999938964844,41.93000030517578,41.09000015258789,41.630001068115234,3370900,DF,2006-04-03 to 2013-05-24
2010-04-28 00:00:00+00:00,22.768728256225586,41.41999816894531,41.41999816894531,40.91999816894531,41.2400016784668,3865500,DF,2006-04-03 to 2013-05-24
2010-04-29 00:00:00+00:00,22.702756881713867,41.29999923706055,41.720001220703125,41.119998931884766,41.439998626708984,3208800,DF,2006-04-03 to 2013-05-24
2010-04-30 00:00:00+00:00,22.977609634399414,41.79999923706055,42.220001220703125,41.2599983215332,41.36000061035156,3931800,DF,2006-04-03 to 2013-05-24
2010-05-03 00:00:00+00:00,23.345916748046875,42.470001220703125,42.560001373291016,41.72999954223633,41.900001525878906,1913800,DF,2006-04-03 to 2013-05-24
2010-05-04 00:00:00+00:00,22.911640167236328,41.68000030517578,42.310001373291016,41.52000045776367,42.0,2541600,DF,2006-04-03 to 2013-05-24
2010-05-05 00:00:00+00:00,22.96661949157715,41.779998779296875,42.279998779296875,41.40999984741211,41.5,2078000,DF,2006-04-03 to 2013-05-24
2010-05-06 00:00:00+00:00,22.103588104248047,40.209999084472656,41.599998474121094,38.06999969482422,41.560001373291016,5621900,DF,2006-04-03 to 2013-05-24
2010-05-07 00:00:00+00:00,22.109081268310547,40.220001220703125,40.93000030517578,39.529998779296875,40.040000915527344,6092600,DF,2006-04-03 to 2013-05-24
2010-05-10 00:00:00+00:00,23.0380859375,41.90999984741211,41.970001220703125,40.93000030517578,41.09000015258789,4070400,DF,2006-04-03 to 2013-05-24
2010-05-11 00:00:00+00:00,22.977609634399414,41.79999923706055,42.18000030517578,41.369998931884766,41.56999969482422,2713400,DF,2006-04-03 to 2013-05-24
2010-05-12 00:00:00+00:00,23.00509262084961,41.849998474121094,41.97999954223633,41.5,41.75,2308500,DF,2006-04-03 to 2013-05-24
2010-05-13 00:00:00+00:00,22.834692001342773,41.540000915527344,42.119998931884766,41.459999084472656,41.79999923706055,2044000,DF,2006-04-03 to 2013-05-24
2010-05-14 00:00:00+00:00,22.53235626220703,40.9900016784668,41.63999938964844,40.7599983215332,41.40999984741211,2578500,DF,2006-04-03 to 2013-05-24
2010-05-17 00:00:00+00:00,22.68627166748047,41.27000045776367,41.400001525878906,40.709999084472656,41.130001068115234,2918400,DF,2006-04-03 to 2013-05-24
2010-05-18 00:00:00+00:00,22.378437042236328,40.709999084472656,41.5099983215332,40.65999984741211,41.33000183105469,2170300,DF,2006-04-03 to 2013-05-24
2010-05-19 00:00:00+00:00,22.224519729614258,40.43000030517578,40.68000030517578,40.02000045776367,40.439998626708984,2514600,DF,2006-04-03 to 2013-05-24
2010-05-20 00:00:00+00:00,21.570369720458984,39.2400016784668,40.099998474121094,39.2400016784668,39.83000183105469,4449900,DF,2006-04-03 to 2013-05-24
2010-05-21 00:00:00+00:00,21.72978401184082,39.529998779296875,39.540000915527344,38.540000915527344,38.72999954223633,3999700,DF,2006-04-03 to 2013-05-24
2010-05-24 00:00:00+00:00,21.57585906982422,39.25,39.849998474121094,39.060001373291016,39.310001373291016,2644400,DF,2006-04-03 to 2013-05-24
2010-05-25 00:00:00+00:00,21.564870834350586,39.22999954223633,39.2400016784668,38.04999923706055,38.529998779296875,4101800,DF,2006-04-03 to 2013-05-24
2010-05-26 00:00:00+00:00,21.446971893310547,38.560001373291016,39.31999969482422,38.400001525878906,39.31999969482422,3408500,DF,2006-04-03 to 2013-05-24
2010-05-27 00:00:00+00:00,21.769554138183594,39.13999938964844,39.279998779296875,38.7599983215332,39.130001068115234,3020800,DF,2006-04-03 to 2013-05-24
2010-05-28 00:00:00+00:00,21.669435501098633,38.959999084472656,39.459999084472656,38.900001525878906,39.02000045776367,2952300,DF,2006-04-03 to 2013-05-24
2010-06-01 00:00:00+00:00,21.46364402770996,38.59000015258789,39.25,38.5,38.70000076293945,4184000,DF,2006-04-03 to 2013-05-24
2010-06-02 00:00:00+00:00,22.092144012451172,39.720001220703125,39.720001220703125,38.63999938964844,38.83000183105469,4581600,DF,2006-04-03 to 2013-05-24
2010-06-03 00:00:00+00:00,22.331315994262695,40.150001525878906,40.15999984741211,39.689998626708984,39.88999938964844,3335700,DF,2006-04-03 to 2013-05-24
2010-06-04 00:00:00+00:00,21.697246551513672,39.0099983215332,39.88999938964844,38.91999816894531,39.720001220703125,4523800,DF,2006-04-03 to 2013-05-24
2010-06-07 00:00:00+00:00,21.875225067138672,39.33000183105469,40.029998779296875,39.029998779296875,39.13999938964844,4826500,DF,2006-04-03 to 2013-05-24
2010-06-08 00:00:00+00:00,22.336875915527344,40.15999984741211,40.209999084472656,39.08000183105469,39.29999923706055,4393300,DF,2006-04-03 to 2013-05-24
2010-06-09 00:00:00+00:00,22.203378677368164,39.91999816894531,40.380001068115234,39.77000045776367,40.290000915527344,2752800,DF,2006-04-03 to 2013-05-24
2010-06-10 00:00:00+00:00,22.698410034179688,40.810001373291016,40.81999969482422,40.34000015258789,40.369998931884766,2360100,DF,2006-04-03 to 2013-05-24
2010-06-11 00:00:00+00:00,22.58159065246582,40.599998474121094,40.70000076293945,40.18000030517578,40.40999984741211,2031100,DF,2006-04-03 to 2013-05-24
2010-06-14 00:00:00+00:00,22.514856338500977,40.47999954223633,41.0,40.470001220703125,41.0,2540300,DF,2006-04-03 to 2013-05-24
2010-06-15 00:00:00+00:00,22.959815979003906,41.279998779296875,41.31999969482422,40.65999984741211,40.779998779296875,3150000,DF,2006-04-03 to 2013-05-24
2010-06-16 00:00:00+00:00,23.17673110961914,41.66999816894531,41.77000045776367,41.0,41.0099983215332,2110300,DF,2006-04-03 to 2013-05-24
2010-06-17 00:00:00+00:00,23.276844024658203,41.849998474121094,41.900001525878906,41.40999984741211,41.619998931884766,2360100,DF,2006-04-03 to 2013-05-24
2010-06-18 00:00:00+00:00,23.360271453857422,42.0,42.119998931884766,41.72999954223633,41.84000015258789,3392900,DF,2006-04-03 to 2013-05-24
2010-06-21 00:00:00+00:00,23.26015853881836,41.81999969482422,42.540000915527344,41.650001525878906,42.40999984741211,2507100,DF,2006-04-03 to 2013-05-24
2010-06-22 00:00:00+00:00,22.72620964050293,40.86000061035156,41.9900016784668,40.70000076293945,41.95000076293945,3710300,DF,2006-04-03 to 2013-05-24
2010-06-23 00:00:00+00:00,22.37580680847168,40.22999954223633,40.7400016784668,39.939998626708984,40.689998626708984,3559500,DF,2006-04-03 to 2013-05-24
2010-06-24 00:00:00+00:00,22.331315994262695,40.150001525878906,40.709999084472656,40.08000183105469,40.25,2312400,DF,2006-04-03 to 2013-05-24
2010-06-25 00:00:00+00:00,22.34243392944336,40.16999816894531,40.369998931884766,39.86000061035156,40.16999816894531,3088700,DF,2006-04-03 to 2013-05-24
2010-06-28 00:00:00+00:00,22.564916610717773,40.56999969482422,40.75,39.9900016784668,40.25,3463400,DF,2006-04-03 to 2013-05-24
2010-06-29 00:00:00+00:00,21.84186363220215,39.27000045776367,40.25,39.150001525878906,40.22999954223633,5030400,DF,2006-04-03 to 2013-05-24
2010-06-30 00:00:00+00:00,21.54707145690918,38.7400016784668,39.52000045776367,38.61000061035156,39.290000915527344,4026100,DF,2006-04-03 to 2013-05-24
2010-07-01 00:00:00+00:00,21.68056297302246,38.97999954223633,39.290000915527344,38.7599983215332,38.93000030517578,5175900,DF,2006-04-03 to 2013-05-24
2010-07-02 00:00:00+00:00,21.508142471313477,38.66999816894531,39.18000030517578,38.59000015258789,39.13999938964844,3683800,DF,2006-04-03 to 2013-05-24
2010-07-06 00:00:00+00:00,21.769554138183594,39.13999938964844,39.369998931884766,38.77000045776367,38.86000061035156,2906100,DF,2006-04-03 to 2013-05-24
2010-07-07 00:00:00+00:00,22.347997665405273,40.18000030517578,40.220001220703125,38.880001068115234,39.119998931884766,2747500,DF,2006-04-03 to 2013-05-24
2010-07-08 00:00:00+00:00,22.665029525756836,40.75,40.75,40.189998626708984,40.40999984741211,2751200,DF,2006-04-03 to 2013-05-24
2010-07-09 00:00:00+00:00,22.748455047607422,40.900001525878906,40.959999084472656,40.41999816894531,40.65999984741211,1775500,DF,2006-04-03 to 2013-05-24
2010-07-12 00:00:00+00:00,22.798524856567383,40.9900016784668,41.09000015258789,40.540000915527344,40.72999954223633,1903400,DF,2006-04-03 to 2013-05-24
2010-07-13 00:00:00+00:00,22.859699249267578,41.099998474121094,41.31999969482422,40.779998779296875,41.22999954223633,2192100,DF,2006-04-03 to 2013-05-24
2010-07-14 00:00:00+00:00,23.048816680908203,41.439998626708984,41.459999084472656,40.790000915527344,40.900001525878906,2594600,DF,2006-04-03 to 2013-05-24
2010-07-15 00:00:00+00:00,22.954256057739258,41.27000045776367,41.5,40.95000076293945,41.439998626708984,2190900,DF,2006-04-03 to 2013-05-24
2010-07-16 00:00:00+00:00,22.487049102783203,40.43000030517578,41.209999084472656,40.34000015258789,40.959999084472656,2245600,DF,2006-04-03 to 2013-05-24
2010-07-19 00:00:00+00:00,23.02655029296875,41.400001525878906,41.58000183105469,40.58000183105469,40.58000183105469,2586400,DF,2006-04-03 to 2013-05-24
2010-07-20 00:00:00+00:00,23.338027954101562,41.959999084472656,41.970001220703125,40.86000061035156,40.86000061035156,3489900,DF,2006-04-03 to 2013-05-24
2010-07-21 00:00:00+00:00,22.94869613647461,41.2599983215332,41.9900016784668,41.029998779296875,41.9900016784668,2677800,DF,2006-04-03 to 2013-05-24
2010-07-22 00:00:00+00:00,23.482641220092773,42.220001220703125,42.400001525878906,41.4900016784668,41.61000061035156,3617700,DF,2006-04-03 to 2013-05-24
2010-07-23 00:00:00+00:00,23.58831787109375,42.40999984741211,42.5,41.88999938964844,42.18000030517578,3072100,DF,2006-04-03 to 2013-05-24
2010-07-26 00:00:00+00:00,23.693994522094727,42.599998474121094,42.72999954223633,42.2599983215332,42.2599983215332,1919900,DF,2006-04-03 to 2013-05-24
2010-07-27 00:00:00+00:00,24.06664276123047,43.27000045776367,43.33000183105469,42.68000030517578,42.77000045776367,4714900,DF,2006-04-03 to 2013-05-24
2010-07-28 00:00:00+00:00,23.905344009399414,42.97999954223633,43.40999984741211,42.779998779296875,43.09000015258789,2603400,DF,2006-04-03 to 2013-05-24
2010-07-29 00:00:00+00:00,23.18785285949707,41.689998626708984,43.41999816894531,41.66999816894531,43.15999984741211,4871600,DF,2006-04-03 to 2013-05-24
2010-07-30 00:00:00+00:00,23.354713439941406,41.9900016784668,42.20000076293945,41.2400016784668,41.459999084472656,3631800,DF,2006-04-03 to 2013-05-24
2010-08-02 00:00:00+00:00,24.027719497680664,43.20000076293945,43.25,42.41999816894531,42.41999816894531,3259900,DF,2006-04-03 to 2013-05-24
2010-08-03 00:00:00+00:00,23.983213424682617,43.119998931884766,43.630001068115234,42.86000061035156,43.08000183105469,3212100,DF,2006-04-03 to 2013-05-24
2010-08-04 00:00:00+00:00,24.19457244873047,43.5,43.61000061035156,42.90999984741211,43.119998931884766,2876200,DF,2006-04-03 to 2013-05-24
2010-08-05 00:00:00+00:00,24.22237777709961,43.54999923706055,43.54999923706055,43.130001068115234,43.2400016784668,1874400,DF,2006-04-03 to 2013-05-24
2010-08-06 00:00:00+00:00,24.28912925720215,43.66999816894531,43.68000030517578,42.9900016784668,43.2599983215332,2579900,DF,2006-04-03 to 2013-05-24
2010-08-09 00:00:00+00:00,24.48935890197754,44.029998779296875,44.09000015258789,43.66999816894531,43.810001373291016,1875400,DF,2006-04-03 to 2013-05-24
2010-08-10 00:00:00+00:00,24.57278823852539,44.18000030517578,44.56999969482422,43.459999084472656,43.56999969482422,3428100,DF,2006-04-03 to 2013-05-24
2010-08-11 00:00:00+00:00,24.311368942260742,43.709999084472656,43.88999938964844,43.5099983215332,43.75,2985900,DF,2006-04-03 to 2013-05-24
2010-08-12 00:00:00+00:00,24.36142349243164,43.79999923706055,43.97999954223633,43.119998931884766,43.31999969482422,3385400,DF,2006-04-03 to 2013-05-24
2010-08-13 00:00:00+00:00,24.4226131439209,43.90999984741211,44.18000030517578,43.56999969482422,43.650001525878906,2449000,DF,2006-04-03 to 2013-05-24
2010-08-16 00:00:00+00:00,24.48935890197754,44.029998779296875,44.060001373291016,43.5099983215332,43.70000076293945,2531500,DF,2006-04-03 to 2013-05-24
2010-08-17 00:00:00+00:00,24.867565155029297,44.709999084472656,44.939998626708984,44.099998474121094,44.31999969482422,3647500,DF,2006-04-03 to 2013-05-24
2010-08-18 00:00:00+00:00,24.533849716186523,44.11000061035156,44.709999084472656,43.880001068115234,44.650001525878906,3720200,DF,2006-04-03 to 2013-05-24
2010-08-19 00:00:00+00:00,24.28912925720215,43.66999816894531,44.08000183105469,43.54999923706055,43.970001220703125,4790400,DF,2006-04-03 to 2013-05-24
2010-08-20 00:00:00+00:00,24.433738708496094,43.93000030517578,44.02000045776367,43.349998474121094,43.349998474121094,3551500,DF,2006-04-03 to 2013-05-24
2010-08-23 00:00:00+00:00,24.667335510253906,44.349998474121094,44.65999984741211,44.040000915527344,44.04999923706055,2700200,DF,2006-04-03 to 2013-05-24
2010-08-24 00:00:00+00:00,24.700708389282227,44.40999984741211,44.689998626708984,43.939998626708984,43.9900016784668,4093000,DF,2006-04-03 to 2013-05-24
2010-08-25 00:00:00+00:00,24.2499942779541,43.150001525878906,43.47999954223633,42.630001068115234,43.2400016784668,6411400,DF,2006-04-03 to 2013-05-24
2010-08-26 00:00:00+00:00,24.030820846557617,42.7599983215332,43.18000030517578,42.68000030517578,43.150001525878906,4235300,DF,2006-04-03 to 2013-05-24
2010-08-27 00:00:00+00:00,24.401729583740234,43.41999816894531,43.5099983215332,42.560001373291016,42.97999954223633,3447900,DF,2006-04-03 to 2013-05-24
2010-08-30 00:00:00+00:00,23.991479873657227,42.689998626708984,43.560001373291016,42.689998626708984,43.380001068115234,1667000,DF,2006-04-03 to 2013-05-24
2010-08-31 00:00:00+00:00,24.013954162597656,42.72999954223633,43.02000045776367,42.20000076293945,42.619998931884766,3668800,DF,2006-04-03 to 2013-05-24
2010-09-01 00:00:00+00:00,24.649015426635742,43.86000061035156,44.0,42.970001220703125,43.16999816894531,2928800,DF,2006-04-03 to 2013-05-24
2010-09-02 00:00:00+00:00,24.491657257080078,43.58000183105469,43.97999954223633,43.20000076293945,43.880001068115234,2037000,DF,2006-04-03 to 2013-05-24
2010-09-03 00:00:00+00:00,24.72206687927246,43.9900016784668,44.0,43.5,43.86000061035156,2347000,DF,2006-04-03 to 2013-05-24
2010-09-07 00:00:00+00:00,24.62653923034668,43.81999969482422,44.119998931884766,43.72999954223633,43.810001373291016,1578000,DF,2006-04-03 to 2013-05-24
2010-09-08 00:00:00+00:00,24.575952529907227,43.72999954223633,44.08000183105469,43.630001068115234,43.900001525878906,1759800,DF,2006-04-03 to 2013-05-24
2010-09-09 00:00:00+00:00,24.693967819213867,43.939998626708984,44.15999984741211,43.77000045776367,44.0099983215332,1672100,DF,2006-04-03 to 2013-05-24
2010-09-10 00:00:00+00:00,24.32867431640625,43.290000915527344,43.86000061035156,43.25,43.75,3491500,DF,2006-04-03 to 2013-05-24
2010-09-13 00:00:00+00:00,24.682722091674805,43.91999816894531,43.9900016784668,43.45000076293945,43.65999984741211,2870600,DF,2006-04-03 to 2013-05-24
2010-09-14 00:00:00+00:00,24.744543075561523,44.029998779296875,44.2599983215332,43.689998626708984,43.790000915527344,5438400,DF,2006-04-03 to 2013-05-24
2010-09-15 00:00:00+00:00,24.435447692871094,43.47999954223633,44.08000183105469,43.369998931884766,43.9900016784668,4369800,DF,2006-04-03 to 2013-05-24
2010-09-16 00:00:00+00:00,24.49726676940918,43.59000015258789,44.11000061035156,42.95000076293945,43.20000076293945,5960900,DF,2006-04-03 to 2013-05-24
2010-09-17 00:00:00+00:00,24.401729583740234,43.41999816894531,43.88999938964844,43.15999984741211,43.869998931884766,3858400,DF,2006-04-03 to 2013-05-24
2010-09-20 00:00:00+00:00,24.89066505432129,44.290000915527344,44.380001068115234,43.4900016784668,43.66999816894531,3361900,DF,2006-04-03 to 2013-05-24
2010-09-21 00:00:00+00:00,24.789506912231445,44.11000061035156,44.459999084472656,44.0,44.33000183105469,3214900,DF,2006-04-03 to 2013-05-24
2010-09-22 00:00:00+00:00,24.845706939697266,44.209999084472656,44.66999816894531,44.11000061035156,44.150001525878906,2268500,DF,2006-04-03 to 2013-05-24
2010-09-23 00:00:00+00:00,24.401729583740234,43.41999816894531,44.25,43.36000061035156,44.06999969482422,2870600,DF,2006-04-03 to 2013-05-24
2010-09-24 00:00:00+00:00,24.856945037841797,44.22999954223633,44.22999954223633,43.72999954223633,43.7599983215332,2452500,DF,2006-04-03 to 2013-05-24
2010-09-27 00:00:00+00:00,24.87380599975586,44.2599983215332,44.45000076293945,44.099998474121094,44.15999984741211,2752300,DF,2006-04-03 to 2013-05-24
2010-09-28 00:00:00+00:00,24.834468841552734,44.189998626708984,44.560001373291016,43.900001525878906,44.41999816894531,2629700,DF,2006-04-03 to 2013-05-24
2010-09-29 00:00:00+00:00,24.699588775634766,43.95000076293945,44.119998931884766,43.619998931884766,43.93000030517578,2524600,DF,2006-04-03 to 2013-05-24
2010-09-30 00:00:00+00:00,24.536609649658203,43.65999984741211,44.20000076293945,43.59000015258789,44.0099983215332,2600600,DF,2006-04-03 to 2013-05-24
2010-10-01 00:00:00+00:00,24.744543075561523,44.029998779296875,44.13999938964844,43.560001373291016,43.939998626708984,2704400,DF,2006-04-03 to 2013-05-24
2010-10-04 00:00:00+00:00,24.665863037109375,43.88999938964844,44.18000030517578,43.650001525878906,44.0,2070900,DF,2006-04-03 to 2013-05-24
2010-10-05 00:00:00+00:00,25.053647994995117,44.58000183105469,44.63999938964844,44.04999923706055,44.150001525878906,2760700,DF,2006-04-03 to 2013-05-24
2010-10-06 00:00:00+00:00,25.003063201904297,44.4900016784668,44.689998626708984,44.310001373291016,44.58000183105469,2530400,DF,2006-04-03 to 2013-05-24
2010-10-07 00:00:00+00:00,25.014297485351562,44.5099983215332,44.86000061035156,44.36000061035156,44.58000183105469,1742100,DF,2006-04-03 to 2013-05-24
2010-10-08 00:00:00+00:00,25.109830856323242,44.68000030517578,44.7599983215332,44.380001068115234,44.65999984741211,1425300,DF,2006-04-03 to 2013-05-24
2010-10-11 00:00:00+00:00,25.11546516418457,44.689998626708984,44.95000076293945,44.59000015258789,44.65999984741211,1289200,DF,2006-04-03 to 2013-05-24
2010-10-12 00:00:00+00:00,24.907522201538086,44.31999969482422,44.68000030517578,44.16999816894531,44.65999984741211,1923800,DF,2006-04-03 to 2013-05-24
2010-10-13 00:00:00+00:00,25.036781311035156,44.54999923706055,44.65999984741211,44.34000015258789,44.5099983215332,2788300,DF,2006-04-03 to 2013-05-24
2010-10-14 00:00:00+00:00,25.081745147705078,44.630001068115234,44.79999923706055,44.36000061035156,44.54999923706055,1837900,DF,2006-04-03 to 2013-05-24
2010-10-15 00:00:00+00:00,25.031166076660156,44.540000915527344,44.9900016784668,44.31999969482422,44.84000015258789,3095300,DF,2006-04-03 to 2013-05-24
2010-10-18 00:00:00+00:00,25.244714736938477,44.91999816894531,45.119998931884766,44.56999969482422,44.56999969482422,3120200,DF,2006-04-03 to 2013-05-24
2010-10-19 00:00:00+00:00,25.008686065673828,44.5,44.86000061035156,44.369998931884766,44.5099983215332,3133000,DF,2006-04-03 to 2013-05-24
2010-10-20 00:00:00+00:00,25.12108612060547,44.70000076293945,45.11000061035156,44.56999969482422,44.56999969482422,2980600,DF,2006-04-03 to 2013-05-24
2010-10-21 00:00:00+00:00,25.143566131591797,44.7400016784668,45.040000915527344,44.380001068115234,44.91999816894531,3304100,DF,2006-04-03 to 2013-05-24
2010-10-22 00:00:00+00:00,25.014297485351562,44.5099983215332,44.86000061035156,44.20000076293945,44.720001220703125,3310200,DF,2006-04-03 to 2013-05-24
2010-10-25 00:00:00+00:00,24.986207962036133,44.459999084472656,44.81999969482422,44.369998931884766,44.709999084472656,2129200,DF,2006-04-03 to 2013-05-24
2010-10-26 00:00:00+00:00,24.75016975402832,44.040000915527344,44.31999969482422,43.68000030517578,44.13999938964844,3244500,DF,2006-04-03 to 2013-05-24
2010-10-27 00:00:00+00:00,24.62653923034668,43.81999969482422,43.900001525878906,43.25,43.65999984741211,2850800,DF,2006-04-03 to 2013-05-24
2010-10-28 00:00:00+00:00,24.699588775634766,43.95000076293945,44.16999816894531,43.720001220703125,43.93000030517578,2675400,DF,2006-04-03 to 2013-05-24
2010-10-29 00:00:00+00:00,24.424217224121094,43.459999084472656,43.970001220703125,43.20000076293945,43.970001220703125,3370900,DF,2006-04-03 to 2013-05-24
2010-11-01 00:00:00+00:00,23.87908363342285,42.4900016784668,43.66999816894531,42.040000915527344,43.66999816894531,5348400,DF,2006-04-03 to 2013-05-24
2010-11-02 00:00:00+00:00,24.06453514099121,42.81999969482422,43.13999938964844,42.59000015258789,42.650001525878906,2075900,DF,2006-04-03 to 2013-05-24
2010-11-03 00:00:00+00:00,24.09263801574707,42.869998931884766,43.029998779296875,42.43000030517578,42.91999816894531,2059900,DF,2006-04-03 to 2013-05-24
2010-11-04 00:00:00+00:00,24.463544845581055,43.529998779296875,43.529998779296875,43.11000061035156,43.2400016784668,2843400,DF,2006-04-03 to 2013-05-24
2010-11-05 00:00:00+00:00,24.44668960571289,43.5,43.58000183105469,43.20000076293945,43.439998626708984,2374500,DF,2006-04-03 to 2013-05-24
2010-11-08 00:00:00+00:00,24.21627426147461,43.09000015258789,43.459999084472656,42.79999923706055,43.34000015258789,2022100,DF,2006-04-03 to 2013-05-24
2010-11-09 00:00:00+00:00,24.205028533935547,43.06999969482422,43.459999084472656,42.900001525878906,43.25,2014300,DF,2006-04-03 to 2013-05-24
2010-11-10 00:00:00+00:00,24.15444564819336,42.97999954223633,43.08000183105469,42.58000183105469,43.08000183105469,1933000,DF,2006-04-03 to 2013-05-24
2010-11-11 00:00:00+00:00,24.07577133178711,42.84000015258789,43.02000045776367,42.599998474121094,42.790000915527344,1658300,DF,2006-04-03 to 2013-05-24
2010-11-12 00:00:00+00:00,24.087017059326172,42.86000061035156,42.959999084472656,42.41999816894531,42.68000030517578,2148900,DF,2006-04-03 to 2013-05-24
2010-11-15 00:00:00+00:00,24.23312759399414,43.119998931884766,43.29999923706055,42.849998474121094,42.900001525878906,2464700,DF,2006-04-03 to 2013-05-24
2010-11-16 00:00:00+00:00,24.047677993774414,42.790000915527344,43.369998931884766,42.470001220703125,42.959999084472656,3843800,DF,2006-04-03 to 2013-05-24
2010-11-17 00:00:00+00:00,23.856599807739258,42.45000076293945,42.959999084472656,42.41999816894531,42.86000061035156,2560200,DF,2006-04-03 to 2013-05-24
2010-11-18 00:00:00+00:00,24.053298950195312,42.79999923706055,42.849998474121094,42.439998626708984,42.849998474121094,7885200,DF,2006-04-03 to 2013-05-24
2010-11-19 00:00:00+00:00,24.030820846557617,42.7599983215332,42.869998931884766,42.459999084472656,42.68000030517578,7915800,DF,2006-04-03 to 2013-05-24
2010-11-22 00:00:00+00:00,24.171314239501953,43.0099983215332,43.029998779296875,42.619998931884766,42.72999954223633,7714000,DF,2006-04-03 to 2013-05-24
2010-11-23 00:00:00+00:00,23.87908363342285,42.4900016784668,42.81999969482422,42.369998931884766,42.7599983215332,2552600,DF,2006-04-03 to 2013-05-24
2010-11-24 00:00:00+00:00,23.877941131591797,42.029998779296875,42.20000076293945,41.869998931884766,42.20000076293945,2465700,DF,2006-04-03 to 2013-05-24
2010-11-26 00:00:00+00:00,23.769996643066406,41.84000015258789,42.18000030517578,41.65999984741211,41.83000183105469,848300,DF,2006-04-03 to 2013-05-24
2010-11-29 00:00:00+00:00,23.639326095581055,41.61000061035156,41.720001220703125,41.130001068115234,41.599998474121094,1956900,DF,2006-04-03 to 2013-05-24
2010-11-30 00:00:00+00:00,23.59387969970703,41.529998779296875,41.810001373291016,41.189998626708984,41.29999923706055,2971700,DF,2006-04-03 to 2013-05-24
2010-12-01 00:00:00+00:00,23.889297485351562,42.04999923706055,42.08000183105469,41.63999938964844,41.93000030517578,1942100,DF,2006-04-03 to 2013-05-24
2010-12-02 00:00:00+00:00,23.917705535888672,42.099998474121094,42.099998474121094,41.7599983215332,42.040000915527344,1678800,DF,2006-04-03 to 2013-05-24
2010-12-03 00:00:00+00:00,24.099512100219727,42.41999816894531,42.439998626708984,41.90999984741211,42.09000015258789,2237800,DF,2006-04-03 to 2013-05-24
2010-12-06 00:00:00+00:00,23.883615493774414,42.040000915527344,42.470001220703125,41.970001220703125,42.25,1824700,DF,2006-04-03 to 2013-05-24
2010-12-07 00:00:00+00:00,23.804092407226562,41.900001525878906,42.41999816894531,41.880001068115234,42.380001068115234,2280300,DF,2006-04-03 to 2013-05-24
2010-12-08 00:00:00+00:00,23.764328002929688,41.83000183105469,42.349998474121094,41.7400016784668,42.060001373291016,1891500,DF,2006-04-03 to 2013-05-24
2010-12-09 00:00:00+00:00,23.730226516723633,41.77000045776367,42.0,41.540000915527344,41.959999084472656,2649200,DF,2006-04-03 to 2013-05-24
2010-12-10 00:00:00+00:00,23.6450138092041,41.619998931884766,42.040000915527344,41.31999969482422,41.869998931884766,3943700,DF,2006-04-03 to 2013-05-24
2010-12-13 00:00:00+00:00,23.889297485351562,42.04999923706055,42.15999984741211,41.52000045776367,41.630001068115234,2640600,DF,2006-04-03 to 2013-05-24
2010-12-14 00:00:00+00:00,23.86090087890625,42.0,42.27000045776367,41.84000015258789,42.029998779296875,2278800,DF,2006-04-03 to 2013-05-24
2010-12-15 00:00:00+00:00,23.70182228088379,41.720001220703125,42.06999969482422,41.70000076293945,41.9900016784668,1950100,DF,2006-04-03 to 2013-05-24
2010-12-16 00:00:00+00:00,24.03701400756836,42.310001373291016,42.36000061035156,41.68000030517578,41.81999969482422,2303900,DF,2006-04-03 to 2013-05-24
2010-12-17 00:00:00+00:00,24.18472671508789,42.56999969482422,42.619998931884766,41.970001220703125,42.25,7026500,DF,2006-04-03 to 2013-05-24
2010-12-20 00:00:00+00:00,24.38924789428711,42.93000030517578,45.0,42.7400016784668,42.900001525878906,3792900,DF,2006-04-03 to 2013-05-24
2010-12-21 00:00:00+00:00,24.406288146972656,42.959999084472656,43.189998626708984,42.779998779296875,43.04999923706055,2214800,DF,2006-04-03 to 2013-05-24
2010-12-22 00:00:00+00:00,24.38355827331543,42.91999816894531,43.02000045776367,42.779998779296875,42.9900016784668,1755300,DF,2006-04-03 to 2013-05-24
2010-12-23 00:00:00+00:00,24.406288146972656,42.959999084472656,43.099998474121094,42.81999969482422,42.91999816894531,1079200,DF,2006-04-03 to 2013-05-24
2010-12-27 00:00:00+00:00,24.366519927978516,42.88999938964844,43.18000030517578,42.75,42.849998474121094,908000,DF,2006-04-03 to 2013-05-24
2010-12-28 00:00:00+00:00,24.38355827331543,42.91999816894531,43.0,42.68000030517578,42.84000015258789,1458500,DF,2006-04-03 to 2013-05-24
2010-12-29 00:00:00+00:00,24.394927978515625,42.939998626708984,43.06999969482422,42.7599983215332,42.93000030517578,1155300,DF,2006-04-03 to 2013-05-24
2010-12-30 00:00:00+00:00,24.372211456298828,42.900001525878906,43.02000045776367,42.7400016784668,42.900001525878906,1181200,DF,2006-04-03 to 2013-05-24
2010-12-31 00:00:00+00:00,24.269943237304688,42.720001220703125,43.02000045776367,42.66999816894531,42.81999969482422,1235500,DF,2006-04-03 to 2013-05-24
2011-01-03 00:00:00+00:00,24.286989212036133,42.75,42.939998626708984,42.599998474121094,42.93000030517578,1793000,DF,2006-04-03 to 2013-05-24
2011-01-04 00:00:00+00:00,24.5085506439209,43.13999938964844,43.18000030517578,42.36000061035156,42.689998626708984,2339700,DF,2006-04-03 to 2013-05-24
2011-01-05 00:00:00+00:00,24.44605255126953,43.029998779296875,43.18000030517578,42.7599983215332,42.91999816894531,1621100,DF,2006-04-03 to 2013-05-24
2011-01-06 00:00:00+00:00,24.536954879760742,43.189998626708984,43.209999084472656,42.779998779296875,42.95000076293945,1748000,DF,2006-04-03 to 2013-05-24
2011-01-07 00:00:00+00:00,24.559688568115234,43.22999954223633,43.34000015258789,42.79999923706055,43.290000915527344,1988300,DF,2006-04-03 to 2013-05-24
2011-01-10 00:00:00+00:00,24.110872268676758,42.439998626708984,43.0,42.43000030517578,42.939998626708984,3736000,DF,2006-04-03 to 2013-05-24
2011-01-11 00:00:00+00:00,24.04839515686035,42.33000183105469,42.61000061035156,42.189998626708984,42.61000061035156,2106400,DF,2006-04-03 to 2013-05-24
2011-01-12 00:00:00+00:00,24.00861167907715,42.2599983215332,42.599998474121094,42.060001373291016,42.560001373291016,1812400,DF,2006-04-03 to 2013-05-24
2011-01-13 00:00:00+00:00,24.20745277404785,42.61000061035156,42.63999938964844,42.15999984741211,42.27000045776367,1845500,DF,2006-04-03 to 2013-05-24
2011-01-14 00:00:00+00:00,24.417652130126953,42.97999954223633,43.40999984741211,42.59000015258789,42.900001525878906,3749100,DF,2006-04-03 to 2013-05-24
2011-01-18 00:00:00+00:00,24.417652130126953,42.97999954223633,43.130001068115234,42.86000061035156,42.91999816894531,1661300,DF,2006-04-03 to 2013-05-24
2011-01-19 00:00:00+00:00,24.41197395324707,42.970001220703125,43.16999816894531,42.81999969482422,43.0,1863200,DF,2006-04-03 to 2013-05-24
2011-01-20 00:00:00+00:00,24.639219284057617,43.369998931884766,43.5,42.90999984741211,42.95000076293945,2008500,DF,2006-04-03 to 2013-05-24
2011-01-21 00:00:00+00:00,24.627859115600586,43.349998474121094,43.470001220703125,43.119998931884766,43.38999938964844,1599200,DF,2006-04-03 to 2013-05-24
2011-01-24 00:00:00+00:00,24.758525848388672,43.58000183105469,43.77000045776367,43.279998779296875,43.279998779296875,1311200,DF,2006-04-03 to 2013-05-24
2011-01-25 00:00:00+00:00,24.752836227416992,43.56999969482422,43.849998474121094,43.45000076293945,43.58000183105469,1773100,DF,2006-04-03 to 2013-05-24
2011-01-26 00:00:00+00:00,24.741472244262695,43.54999923706055,43.650001525878906,43.33000183105469,43.63999938964844,1358900,DF,2006-04-03 to 2013-05-24
2011-01-27 00:00:00+00:00,24.877824783325195,43.790000915527344,44.0,43.470001220703125,43.470001220703125,2142000,DF,2006-04-03 to 2013-05-24
2011-01-28 00:00:00+00:00,24.65058135986328,43.38999938964844,43.880001068115234,43.209999084472656,43.630001068115234,2942200,DF,2006-04-03 to 2013-05-24
2011-01-31 00:00:00+00:00,24.735797882080078,43.540000915527344,43.560001373291016,43.25,43.47999954223633,1936300,DF,2006-04-03 to 2013-05-24
2011-02-01 00:00:00+00:00,24.87215232849121,43.779998779296875,43.84000015258789,43.43000030517578,43.70000076293945,1644200,DF,2006-04-03 to 2013-05-24
2011-02-02 00:00:00+00:00,24.7187557220459,43.5099983215332,43.630001068115234,43.34000015258789,43.54999923706055,2075700,DF,2006-04-03 to 2013-05-24
2011-02-03 00:00:00+00:00,24.821020126342773,43.689998626708984,43.77000045776367,43.36000061035156,43.41999816894531,6894900,DF,2006-04-03 to 2013-05-24
2011-02-04 00:00:00+00:00,24.775577545166016,43.61000061035156,43.790000915527344,43.22999954223633,43.68000030517578,6684600,DF,2006-04-03 to 2013-05-24
2011-02-07 00:00:00+00:00,24.66762924194336,43.41999816894531,43.880001068115234,43.2599983215332,43.380001068115234,7921600,DF,2006-04-03 to 2013-05-24
2011-02-08 00:00:00+00:00,24.735797882080078,43.540000915527344,43.540000915527344,43.18000030517578,43.52000045776367,1888900,DF,2006-04-03 to 2013-05-24
2011-02-09 00:00:00+00:00,24.735797882080078,43.540000915527344,43.599998474121094,43.2599983215332,43.5,2155200,DF,2006-04-03 to 2013-05-24
2011-02-10 00:00:00+00:00,24.9403133392334,43.900001525878906,43.91999816894531,43.34000015258789,43.5099983215332,2045800,DF,2006-04-03 to 2013-05-24
2011-02-11 00:00:00+00:00,25.0653018951416,44.119998931884766,44.189998626708984,43.68000030517578,43.75,2632800,DF,2006-04-03 to 2013-05-24
2011-02-14 00:00:00+00:00,24.815330505371094,43.68000030517578,44.119998931884766,43.29999923706055,44.119998931884766,2201900,DF,2006-04-03 to 2013-05-24
2011-02-15 00:00:00+00:00,24.849414825439453,43.7400016784668,43.779998779296875,43.349998474121094,43.599998474121094,1767800,DF,2006-04-03 to 2013-05-24
2011-02-16 00:00:00+00:00,25.048259735107422,44.09000015258789,44.189998626708984,43.7400016784668,43.77000045776367,2286500,DF,2006-04-03 to 2013-05-24
2011-02-17 00:00:00+00:00,25.099403381347656,44.18000030517578,44.2599983215332,43.869998931884766,44.060001373291016,2278100,DF,2006-04-03 to 2013-05-24
2011-02-18 00:00:00+00:00,25.207332611083984,44.369998931884766,44.41999816894531,44.02000045776367,44.150001525878906,2286300,DF,2006-04-03 to 2013-05-24
2011-02-22 00:00:00+00:00,25.161882400512695,44.290000915527344,44.400001525878906,44.0,44.08000183105469,1909100,DF,2006-04-03 to 2013-05-24
2011-02-23 00:00:00+00:00,25.360729217529297,44.63999938964844,44.81999969482422,44.2400016784668,44.29999923706055,4229100,DF,2006-04-03 to 2013-05-24
2011-02-24 00:00:00+00:00,25.417543411254883,44.7400016784668,44.939998626708984,44.58000183105469,44.63999938964844,3519800,DF,2006-04-03 to 2013-05-24
2011-02-25 00:00:00+00:00,25.56523895263672,45.0,45.0,44.7599983215332,44.84000015258789,1856900,DF,2006-04-03 to 2013-05-24
2011-02-28 00:00:00+00:00,25.923166275024414,45.630001068115234,45.630001068115234,44.970001220703125,45.040000915527344,3514600,DF,2006-04-03 to 2013-05-24
2011-03-01 00:00:00+00:00,25.889066696166992,45.56999969482422,46.16999816894531,45.439998626708984,45.720001220703125,3737500,DF,2006-04-03 to 2013-05-24
2011-03-02 00:00:00+00:00,25.724241256713867,44.790000915527344,45.349998474121094,44.540000915527344,44.9900016784668,2803600,DF,2006-04-03 to 2013-05-24
2011-03-03 00:00:00+00:00,26.149253845214844,45.529998779296875,45.650001525878906,44.93000030517578,45.130001068115234,2179900,DF,2006-04-03 to 2013-05-24
2011-03-04 00:00:00+00:00,26.15498924255371,45.540000915527344,45.619998931884766,45.09000015258789,45.58000183105469,2596000,DF,2006-04-03 to 2013-05-24
2011-03-07 00:00:00+00:00,26.086074829101562,45.41999816894531,45.86000061035156,45.349998474121094,45.58000183105469,2879000,DF,2006-04-03 to 2013-05-24
2011-03-08 00:00:00+00:00,26.499584197998047,46.13999938964844,46.43000030517578,45.540000915527344,45.59000015258789,3016700,DF,2006-04-03 to 2013-05-24
2011-03-09 00:00:00+00:00,26.614452362060547,46.34000015258789,46.560001373291016,46.0,46.0,2799300,DF,2006-04-03 to 2013-05-24
2011-03-10 00:00:00+00:00,26.223909378051758,45.65999984741211,46.16999816894531,45.61000061035156,46.0,3103600,DF,2006-04-03 to 2013-05-24
2011-03-11 00:00:00+00:00,26.137754440307617,45.5099983215332,46.0,45.25,45.4900016784668,4399700,DF,2006-04-03 to 2013-05-24
2011-03-14 00:00:00+00:00,25.936750411987305,45.15999984741211,45.290000915527344,44.7400016784668,45.13999938964844,3397000,DF,2006-04-03 to 2013-05-24
2011-03-15 00:00:00+00:00,25.689788818359375,44.72999954223633,45.0099983215332,44.279998779296875,44.279998779296875,4011200,DF,2006-04-03 to 2013-05-24
2011-03-16 00:00:00+00:00,25.10971450805664,43.720001220703125,44.75,43.45000076293945,44.7400016784668,4672100,DF,2006-04-03 to 2013-05-24
2011-03-17 00:00:00+00:00,25.04654312133789,43.61000061035156,44.2400016784668,42.90999984741211,44.18000030517578,3745200,DF,2006-04-03 to 2013-05-24
2011-03-18 00:00:00+00:00,25.14417266845703,43.779998779296875,44.189998626708984,43.72999954223633,43.86000061035156,3483900,DF,2006-04-03 to 2013-05-24
2011-03-21 00:00:00+00:00,25.55195426940918,44.4900016784668,44.650001525878906,44.09000015258789,44.31999969482422,2140100,DF,2006-04-03 to 2013-05-24
2011-03-22 00:00:00+00:00,25.517480850219727,44.43000030517578,44.880001068115234,44.33000183105469,44.619998931884766,3248800,DF,2006-04-03 to 2013-05-24
2011-03-23 00:00:00+00:00,25.31647491455078,44.08000183105469,44.470001220703125,43.81999969482422,44.25,2253900,DF,2006-04-03 to 2013-05-24
2011-03-24 00:00:00+00:00,25.505990982055664,44.40999984741211,44.599998474121094,44.029998779296875,44.369998931884766,2087100,DF,2006-04-03 to 2013-05-24
2011-03-25 00:00:00+00:00,25.580657958984375,44.540000915527344,44.70000076293945,44.31999969482422,44.5,1549000,DF,2006-04-03 to 2013-05-24
2011-03-28 00:00:00+00:00,25.402616500854492,44.22999954223633,44.75,44.15999984741211,44.5099983215332,2022900,DF,2006-04-03 to 2013-05-24
2011-03-29 00:00:00+00:00,25.58639907836914,44.54999923706055,44.75,44.119998931884766,44.22999954223633,2240300,DF,2006-04-03 to 2013-05-24
2011-03-30 00:00:00+00:00,25.942493438720703,45.16999816894531,45.31999969482422,44.630001068115234,44.7400016784668,1856800,DF,2006-04-03 to 2013-05-24
2011-03-31 00:00:00+00:00,25.67255973815918,44.70000076293945,45.209999084472656,44.599998474121094,45.04999923706055,2336900,DF,2006-04-03 to 2013-05-24
2011-04-01 00:00:00+00:00,25.67255973815918,44.70000076293945,44.900001525878906,44.61000061035156,44.7400016784668,2496700,DF,2006-04-03 to 2013-05-24
2011-04-04 00:00:00+00:00,25.79891014099121,44.91999816894531,44.91999816894531,44.709999084472656,44.79999923706055,1410300,DF,2006-04-03 to 2013-05-24
2011-04-05 00:00:00+00:00,25.71276092529297,44.77000045776367,45.2400016784668,44.68000030517578,44.79999923706055,2221900,DF,2006-04-03 to 2013-05-24
2011-04-06 00:00:00+00:00,25.86208152770996,45.029998779296875,45.11000061035156,44.68000030517578,44.84000015258789,1760900,DF,2006-04-03 to 2013-05-24
2011-04-07 00:00:00+00:00,25.816137313842773,44.95000076293945,44.959999084472656,44.61000061035156,44.959999084472656,1998100,DF,2006-04-03 to 2013-05-24
2011-04-08 00:00:00+00:00,25.741472244262695,44.81999969482422,45.2599983215332,44.70000076293945,45.2599983215332,2018200,DF,2006-04-03 to 2013-05-24
2011-04-11 00:00:00+00:00,25.259037017822266,43.97999954223633,44.79999923706055,43.7400016784668,44.79999923706055,3204700,DF,2006-04-03 to 2013-05-24
2011-04-12 00:00:00+00:00,25.04078483581543,43.599998474121094,44.060001373291016,43.47999954223633,43.959999084472656,3037100,DF,2006-04-03 to 2013-05-24
2011-04-13 00:00:00+00:00,25.012067794799805,43.54999923706055,44.04999923706055,43.529998779296875,43.880001068115234,2137700,DF,2006-04-03 to 2013-05-24
2011-04-14 00:00:00+00:00,25.28775978088379,44.029998779296875,44.18000030517578,43.27000045776367,43.34000015258789,2064100,DF,2006-04-03 to 2013-05-24
2011-04-15 00:00:00+00:00,25.540456771850586,44.470001220703125,44.779998779296875,44.029998779296875,44.04999923706055,2400100,DF,2006-04-03 to 2013-05-24
2011-04-18 00:00:00+00:00,25.32795524597168,44.099998474121094,44.43000030517578,43.84000015258789,44.119998931884766,2399300,DF,2006-04-03 to 2013-05-24
2011-04-19 00:00:00+00:00,25.448566436767578,44.310001373291016,44.529998779296875,43.970001220703125,44.029998779296875,2364400,DF,2006-04-03 to 2013-05-24
2011-04-20 00:00:00+00:00,25.546194076538086,44.47999954223633,44.849998474121094,44.349998474121094,44.619998931884766,2722100,DF,2006-04-03 to 2013-05-24
2011-04-21 00:00:00+00:00,25.701274871826172,44.75,44.939998626708984,44.47999954223633,44.58000183105469,1549700,DF,2006-04-03 to 2013-05-24
2011-04-25 00:00:00+00:00,25.896549224853516,45.09000015258789,45.18000030517578,44.68000030517578,44.86000061035156,1848800,DF,2006-04-03 to 2013-05-24
2011-04-26 00:00:00+00:00,26.275602340698242,45.75,45.939998626708984,45.22999954223633,45.33000183105469,2792100,DF,2006-04-03 to 2013-05-24
2011-04-27 00:00:00+00:00,26.45364761352539,46.060001373291016,46.13999938964844,45.619998931884766,45.84000015258789,2276400,DF,2006-04-03 to 2013-05-24
2011-04-28 00:00:00+00:00,26.60870933532715,46.33000183105469,46.43000030517578,45.709999084472656,46.040000915527344,1753300,DF,2006-04-03 to 2013-05-24
2011-04-29 00:00:00+00:00,26.660402297973633,46.41999816894531,46.5,46.18000030517578,46.29999923706055,1789900,DF,2006-04-03 to 2013-05-24
2011-05-02 00:00:00+00:00,26.72931480407715,46.540000915527344,46.72999954223633,46.41999816894531,46.5,2104500,DF,2006-04-03 to 2013-05-24
2011-05-03 00:00:00+00:00,26.83844566345215,46.72999954223633,47.43000030517578,46.47999954223633,46.540000915527344,3518300,DF,2006-04-03 to 2013-05-24
2011-05-04 00:00:00+00:00,27.005002975463867,47.02000045776367,47.060001373291016,46.400001525878906,46.720001220703125,2680400,DF,2006-04-03 to 2013-05-24
2011-05-05 00:00:00+00:00,26.72931480407715,46.540000915527344,46.959999084472656,46.2400016784668,46.91999816894531,2324400,DF,2006-04-03 to 2013-05-24
2011-05-06 00:00:00+00:00,26.94756507873535,46.91999816894531,47.40999984741211,46.7599983215332,47.08000183105469,2271100,DF,2006-04-03 to 2013-05-24
2011-05-09 00:00:00+00:00,26.99925422668457,47.0099983215332,47.13999938964844,46.790000915527344,46.90999984741211,1557000,DF,2006-04-03 to 2013-05-24
2011-05-10 00:00:00+00:00,27.361080169677734,47.63999938964844,47.7599983215332,47.099998474121094,47.15999984741211,2001700,DF,2006-04-03 to 2013-05-24
2011-05-11 00:00:00+00:00,27.366825103759766,47.650001525878906,47.68000030517578,47.29999923706055,47.54999923706055,2509300,DF,2006-04-03 to 2013-05-24
2011-05-12 00:00:00+00:00,27.653995513916016,48.150001525878906,48.189998626708984,47.43000030517578,47.70000076293945,1636600,DF,2006-04-03 to 2013-05-24
2011-05-13 00:00:00+00:00,27.562095642089844,47.9900016784668,48.34000015258789,47.61000061035156,48.22999954223633,1868700,DF,2006-04-03 to 2013-05-24
2011-05-16 00:00:00+00:00,27.493183135986328,47.869998931884766,48.27000045776367,47.779998779296875,47.869998931884766,1597500,DF,2006-04-03 to 2013-05-24
2011-05-17 00:00:00+00:00,27.757373809814453,48.33000183105469,48.349998474121094,47.790000915527344,47.83000183105469,2190300,DF,2006-04-03 to 2013-05-24
2011-05-18 00:00:00+00:00,27.550609588623047,47.970001220703125,48.380001068115234,47.75,48.349998474121094,2118800,DF,2006-04-03 to 2013-05-24
2011-05-19 00:00:00+00:00,27.682706832885742,48.20000076293945,48.220001220703125,47.86000061035156,48.040000915527344,1733100,DF,2006-04-03 to 2013-05-24
2011-05-20 00:00:00+00:00,27.728649139404297,48.279998779296875,48.54999923706055,47.95000076293945,48.13999938964844,2161400,DF,2006-04-03 to 2013-05-24
2011-05-23 00:00:00+00:00,27.53338623046875,47.939998626708984,48.150001525878906,47.810001373291016,47.86000061035156,1610800,DF,2006-04-03 to 2013-05-24
2011-05-24 00:00:00+00:00,27.516159057617188,47.90999984741211,48.16999816894531,47.75,48.099998474121094,2242700,DF,2006-04-03 to 2013-05-24
2011-05-25 00:00:00+00:00,27.378623962402344,47.18000030517578,47.52000045776367,46.959999084472656,47.400001525878906,2854700,DF,2006-04-03 to 2013-05-24
2011-05-26 00:00:00+00:00,27.471464157104492,47.34000015258789,47.45000076293945,46.95000076293945,47.06999969482422,1963400,DF,2006-04-03 to 2013-05-24
2011-05-27 00:00:00+00:00,27.40764045715332,47.22999954223633,47.619998931884766,47.16999816894531,47.5,1697200,DF,2006-04-03 to 2013-05-24
2011-05-31 00:00:00+00:00,27.69199562072754,47.720001220703125,47.83000183105469,47.2599983215332,47.5,2806600,DF,2006-04-03 to 2013-05-24
2011-06-01 00:00:00+00:00,27.343793869018555,47.119998931884766,47.81999969482422,47.119998931884766,47.689998626708984,2077100,DF,2006-04-03 to 2013-05-24
2011-06-02 00:00:00+00:00,27.430849075317383,47.27000045776367,47.290000915527344,46.54999923706055,47.13999938964844,3116600,DF,2006-04-03 to 2013-05-24
2011-06-03 00:00:00+00:00,27.36121368408203,47.150001525878906,47.4900016784668,46.689998626708984,46.79999923706055,2793300,DF,2006-04-03 to 2013-05-24
2011-06-06 00:00:00+00:00,27.216140747070312,46.900001525878906,47.119998931884766,46.689998626708984,47.119998931884766,2555900,DF,2006-04-03 to 2013-05-24
2011-06-07 00:00:00+00:00,27.506290435791016,47.400001525878906,47.77000045776367,46.939998626708984,47.029998779296875,2794000,DF,2006-04-03 to 2013-05-24
2011-06-08 00:00:00+00:00,27.674571990966797,47.689998626708984,47.84000015258789,47.209999084472656,47.380001068115234,2731100,DF,2006-04-03 to 2013-05-24
2011-06-09 00:00:00+00:00,27.842876434326172,47.97999954223633,48.16999816894531,47.689998626708984,47.720001220703125,2650300,DF,2006-04-03 to 2013-05-24
2011-06-10 00:00:00+00:00,27.581722259521484,47.529998779296875,48.20000076293945,47.5,48.0,3286000,DF,2006-04-03 to 2013-05-24
2011-06-13 00:00:00+00:00,27.755823135375977,47.83000183105469,47.869998931884766,47.18000030517578,47.66999816894531,2923400,DF,2006-04-03 to 2013-05-24
2011-06-14 00:00:00+00:00,27.674571990966797,47.689998626708984,48.099998474121094,47.560001373291016,48.060001373291016,2034700,DF,2006-04-03 to 2013-05-24
2011-06-15 00:00:00+00:00,27.332185745239258,47.099998474121094,47.810001373291016,46.939998626708984,47.5099983215332,2371500,DF,2006-04-03 to 2013-05-24
2011-06-16 00:00:00+00:00,27.42504119873047,47.2599983215332,47.7400016784668,47.06999969482422,47.11000061035156,2839600,DF,2006-04-03 to 2013-05-24
2011-06-17 00:00:00+00:00,27.657175064086914,47.65999984741211,47.869998931884766,47.470001220703125,47.470001220703125,2937000,DF,2006-04-03 to 2013-05-24
2011-06-20 00:00:00+00:00,27.947315216064453,48.15999984741211,48.189998626708984,47.25,47.5,2287100,DF,2006-04-03 to 2013-05-24
2011-06-21 00:00:00+00:00,27.987932205200195,48.22999954223633,48.52000045776367,48.060001373291016,48.380001068115234,2227500,DF,2006-04-03 to 2013-05-24
2011-06-22 00:00:00+00:00,27.715190887451172,47.7599983215332,48.060001373291016,47.72999954223633,48.040000915527344,1868300,DF,2006-04-03 to 2013-05-24
2011-06-23 00:00:00+00:00,27.35540771484375,47.13999938964844,47.38999938964844,46.720001220703125,47.08000183105469,2713600,DF,2006-04-03 to 2013-05-24
2011-06-24 00:00:00+00:00,27.41925048828125,47.25,47.63999938964844,47.15999984741211,47.2599983215332,3248500,DF,2006-04-03 to 2013-05-24
2011-06-27 00:00:00+00:00,27.680377960205078,47.70000076293945,47.869998931884766,47.380001068115234,47.400001525878906,1278500,DF,2006-04-03 to 2013-05-24
2011-06-28 00:00:00+00:00,27.738420486450195,47.79999923706055,47.95000076293945,47.599998474121094,47.77000045776367,1261300,DF,2006-04-03 to 2013-05-24
2011-06-29 00:00:00+00:00,27.912490844726562,48.099998474121094,48.209999084472656,47.66999816894531,47.97999954223633,2160200,DF,2006-04-03 to 2013-05-24
2011-06-30 00:00:00+00:00,28.011150360107422,48.27000045776367,48.36000061035156,47.81999969482422,48.279998779296875,1786800,DF,2006-04-03 to 2013-05-24
2011-07-01 00:00:00+00:00,28.428974151611328,48.9900016784668,49.06999969482422,48.25,48.380001068115234,1558400,DF,2006-04-03 to 2013-05-24
2011-07-05 00:00:00+00:00,28.208450317382812,48.61000061035156,48.97999954223633,48.5099983215332,48.83000183105469,1850400,DF,2006-04-03 to 2013-05-24
2011-07-06 00:00:00+00:00,28.376747131347656,48.900001525878906,49.099998474121094,48.400001525878906,48.47999954223633,1588200,DF,2006-04-03 to 2013-05-24
2011-07-07 00:00:00+00:00,28.41155433654785,48.959999084472656,49.31999969482422,48.720001220703125,49.2599983215332,2275200,DF,2006-04-03 to 2013-05-24
2011-07-08 00:00:00+00:00,28.22006607055664,48.630001068115234,48.83000183105469,48.43000030517578,48.59000015258789,1473300,DF,2006-04-03 to 2013-05-24
2011-07-11 00:00:00+00:00,27.918312072753906,48.11000061035156,48.36000061035156,47.869998931884766,48.34000015258789,1476800,DF,2006-04-03 to 2013-05-24
2011-07-12 00:00:00+00:00,28.063369750976562,48.36000061035156,48.689998626708984,47.93000030517578,47.959999084472656,1610900,DF,2006-04-03 to 2013-05-24
2011-07-13 00:00:00+00:00,28.016948699951172,48.279998779296875,48.709999084472656,48.209999084472656,48.56999969482422,1325200,DF,2006-04-03 to 2013-05-24
2011-07-14 00:00:00+00:00,27.9531192779541,48.16999816894531,48.560001373291016,48.08000183105469,48.22999954223633,1561900,DF,2006-04-03 to 2013-05-24
2011-07-15 00:00:00+00:00,28.12140655517578,48.459999084472656,48.4900016784668,47.9900016784668,48.2400016784668,1739800,DF,2006-04-03 to 2013-05-24
2011-07-18 00:00:00+00:00,27.85447120666504,48.0,48.349998474121094,47.810001373291016,48.25,1460400,DF,2006-04-03 to 2013-05-24
2011-07-19 00:00:00+00:00,28.254878997802734,48.689998626708984,48.83000183105469,47.81999969482422,48.119998931884766,1698400,DF,2006-04-03 to 2013-05-24
2011-07-20 00:00:00+00:00,28.585643768310547,49.2599983215332,49.619998931884766,48.75,48.95000076293945,2094300,DF,2006-04-03 to 2013-05-24
2011-07-21 00:00:00+00:00,29.015077590942383,50.0,50.45000076293945,49.54999923706055,49.54999923706055,2742900,DF,2006-04-03 to 2013-05-24
2011-07-22 00:00:00+00:00,28.887401580810547,49.779998779296875,50.150001525878906,49.599998474121094,50.150001525878906,1678700,DF,2006-04-03 to 2013-05-24
2011-07-25 00:00:00+00:00,28.76554298400879,49.56999969482422,49.79999923706055,49.36000061035156,49.470001220703125,2238400,DF,2006-04-03 to 2013-05-24
2011-07-26 00:00:00+00:00,28.608856201171875,49.29999923706055,49.56999969482422,49.209999084472656,49.56999969482422,1997200,DF,2006-04-03 to 2013-05-24
2011-07-27 00:00:00+00:00,28.463787078857422,49.04999923706055,49.470001220703125,49.0,49.189998626708984,3059000,DF,2006-04-03 to 2013-05-24
2011-07-28 00:00:00+00:00,28.428974151611328,48.9900016784668,49.33000183105469,48.689998626708984,49.33000183105469,2609600,DF,2006-04-03 to 2013-05-24
2011-07-29 00:00:00+00:00,28.115602493286133,48.45000076293945,49.02000045776367,48.150001525878906,48.689998626708984,2956900,DF,2006-04-03 to 2013-05-24
2011-08-01 00:00:00+00:00,28.19684410095215,48.59000015258789,48.86000061035156,48.189998626708984,48.83000183105469,2015700,DF,2006-04-03 to 2013-05-24
2011-08-02 00:00:00+00:00,27.912490844726562,48.099998474121094,48.61000061035156,48.099998474121094,48.33000183105469,2574700,DF,2006-04-03 to 2013-05-24
2011-08-03 00:00:00+00:00,28.237468719482422,48.65999984741211,48.70000076293945,47.95000076293945,48.15999984741211,3031200,DF,2006-04-03 to 2013-05-24
2011-08-04 00:00:00+00:00,27.72100830078125,47.77000045776367,48.689998626708984,47.720001220703125,48.220001220703125,5144900,DF,2006-04-03 to 2013-05-24
2011-08-05 00:00:00+00:00,28.19684410095215,48.59000015258789,48.97999954223633,47.470001220703125,48.13999938964844,5807000,DF,2006-04-03 to 2013-05-24
2011-08-08 00:00:00+00:00,26.659046173095703,45.939998626708984,48.790000915527344,45.75,47.84000015258789,7149900,DF,2006-04-03 to 2013-05-24
2011-08-09 00:00:00+00:00,27.140701293945312,46.77000045776367,46.81999969482422,44.5,46.689998626708984,6987400,DF,2006-04-03 to 2013-05-24
2011-08-10 00:00:00+00:00,26.902769088745117,46.36000061035156,47.720001220703125,45.900001525878906,46.130001068115234,4759600,DF,2006-04-03 to 2013-05-24
2011-08-11 00:00:00+00:00,27.871868133544922,48.029998779296875,48.58000183105469,46.4900016784668,46.58000183105469,9918500,DF,2006-04-03 to 2013-05-24
2011-08-12 00:00:00+00:00,27.68617820739746,47.709999084472656,48.59000015258789,47.5,48.41999816894531,8429200,DF,2006-04-03 to 2013-05-24
2011-08-15 00:00:00+00:00,28.829376220703125,49.68000030517578,49.72999954223633,48.060001373291016,48.119998931884766,9296700,DF,2006-04-03 to 2013-05-24
2011-08-16 00:00:00+00:00,28.835163116455078,49.689998626708984,49.81999969482422,49.02000045776367,49.189998626708984,2582000,DF,2006-04-03 to 2013-05-24
2011-08-17 00:00:00+00:00,29.0847110748291,50.119998931884766,50.66999816894531,49.84000015258789,49.88999938964844,2596800,DF,2006-04-03 to 2013-05-24
2011-08-18 00:00:00+00:00,28.481197357177734,49.08000183105469,49.66999816894531,48.689998626708984,49.16999816894531,4235900,DF,2006-04-03 to 2013-05-24
2011-08-19 00:00:00+00:00,27.848663330078125,47.9900016784668,48.900001525878906,47.900001525878906,48.599998474121094,5753500,DF,2006-04-03 to 2013-05-24
2011-08-22 00:00:00+00:00,27.999544143676758,48.25,48.939998626708984,47.939998626708984,48.900001525878906,3751600,DF,2006-04-03 to 2013-05-24
2011-08-23 00:00:00+00:00,28.4928035736084,49.099998474121094,49.31999969482422,47.7599983215332,48.31999969482422,7553600,DF,2006-04-03 to 2013-05-24
2011-08-24 00:00:00+00:00,29.063161849975586,49.58000183105469,49.689998626708984,48.38999938964844,48.43000030517578,4642600,DF,2006-04-03 to 2013-05-24
2011-08-25 00:00:00+00:00,28.68799591064453,48.939998626708984,49.810001373291016,48.599998474121094,49.720001220703125,3253700,DF,2006-04-03 to 2013-05-24
2011-08-26 00:00:00+00:00,28.406631469726562,48.459999084472656,48.86000061035156,47.560001373291016,48.689998626708984,3842400,DF,2006-04-03 to 2013-05-24
2011-08-29 00:00:00+00:00,28.705585479736328,48.970001220703125,49.380001068115234,48.41999816894531,49.13999938964844,3194700,DF,2006-04-03 to 2013-05-24
2011-08-30 00:00:00+00:00,28.576629638671875,48.75,49.0099983215332,48.540000915527344,49.0099983215332,4027000,DF,2006-04-03 to 2013-05-24
2011-08-31 00:00:00+00:00,28.570762634277344,48.7400016784668,49.04999923706055,48.56999969482422,49.029998779296875,4204100,DF,2006-04-03 to 2013-05-24
2011-09-01 00:00:00+00:00,28.482837677001953,48.59000015258789,48.97999954223633,48.47999954223633,48.70000076293945,4089900,DF,2006-04-03 to 2013-05-24
2011-09-02 00:00:00+00:00,28.125263214111328,47.97999954223633,48.290000915527344,47.810001373291016,48.06999969482422,3529100,DF,2006-04-03 to 2013-05-24
2011-09-06 00:00:00+00:00,28.072511672973633,47.88999938964844,47.93000030517578,46.709999084472656,47.0099983215332,4324600,DF,2006-04-03 to 2013-05-24
2011-09-07 00:00:00+00:00,28.254226684570312,48.20000076293945,48.4900016784668,48.029998779296875,48.20000076293945,3711600,DF,2006-04-03 to 2013-05-24
2011-09-08 00:00:00+00:00,28.224916458129883,48.150001525878906,48.72999954223633,47.84000015258789,48.04999923706055,3114700,DF,2006-04-03 to 2013-05-24
2011-09-09 00:00:00+00:00,27.66217613220215,47.189998626708984,47.66999816894531,46.75,47.619998931884766,3794500,DF,2006-04-03 to 2013-05-24
2011-09-12 00:00:00+00:00,27.826303482055664,47.470001220703125,47.4900016784668,46.70000076293945,46.779998779296875,2861700,DF,2006-04-03 to 2013-05-24
2011-09-13 00:00:00+00:00,28.008014678955078,47.779998779296875,47.84000015258789,47.119998931884766,47.4900016784668,2431000,DF,2006-04-03 to 2013-05-24
2011-09-14 00:00:00+00:00,28.45353126525879,48.540000915527344,48.959999084472656,47.54999923706055,47.83000183105469,2981400,DF,2006-04-03 to 2013-05-24
2011-09-15 00:00:00+00:00,28.992820739746094,49.459999084472656,49.5,48.880001068115234,49.04999923706055,2743300,DF,2006-04-03 to 2013-05-24
2011-09-16 00:00:00+00:00,29.215578079223633,49.84000015258789,49.970001220703125,49.529998779296875,49.529998779296875,3504300,DF,2006-04-03 to 2013-05-24
2011-09-19 00:00:00+00:00,29.156953811645508,49.7400016784668,49.869998931884766,49.08000183105469,49.08000183105469,2047000,DF,2006-04-03 to 2013-05-24
2011-09-20 00:00:00+00:00,29.661075592041016,50.599998474121094,51.130001068115234,49.79999923706055,50.0,3964200,DF,2006-04-03 to 2013-05-24
2011-09-21 00:00:00+00:00,29.244869232177734,49.88999938964844,51.060001373291016,49.849998474121094,50.52000045776367,2797400,DF,2006-04-03 to 2013-05-24
2011-09-22 00:00:00+00:00,28.9049072265625,49.310001373291016,49.56999969482422,48.689998626708984,48.689998626708984,4653400,DF,2006-04-03 to 2013-05-24
2011-09-23 00:00:00+00:00,29.30349349975586,49.9900016784668,50.09000015258789,49.0099983215332,49.15999984741211,3782800,DF,2006-04-03 to 2013-05-24
2011-09-26 00:00:00+00:00,29.766584396362305,50.779998779296875,50.779998779296875,50.09000015258789,50.4900016784668,3600600,DF,2006-04-03 to 2013-05-24
2011-09-27 00:00:00+00:00,29.85451889038086,50.93000030517578,51.41999816894531,50.630001068115234,51.369998931884766,3434500,DF,2006-04-03 to 2013-05-24
2011-09-28 00:00:00+00:00,29.555553436279297,50.41999816894531,51.29999923706055,50.279998779296875,50.869998931884766,3377500,DF,2006-04-03 to 2013-05-24
2011-09-29 00:00:00+00:00,30.042098999023438,51.25,51.41999816894531,50.650001525878906,50.97999954223633,3082400,DF,2006-04-03 to 2013-05-24
2011-09-30 00:00:00+00:00,29.760711669921875,50.77000045776367,51.439998626708984,50.72999954223633,50.900001525878906,2855700,DF,2006-04-03 to 2013-05-24
2011-10-03 00:00:00+00:00,29.215578079223633,49.84000015258789,51.099998474121094,49.810001373291016,50.58000183105469,3223700,DF,2006-04-03 to 2013-05-24
2011-10-04 00:00:00+00:00,28.828691482543945,49.18000030517578,49.86000061035156,48.209999084472656,49.209999084472656,5300000,DF,2006-04-03 to 2013-05-24
2011-10-05 00:00:00+00:00,29.022127151489258,49.5099983215332,49.619998931884766,48.31999969482422,49.209999084472656,4422300,DF,2006-04-03 to 2013-05-24
2011-10-06 00:00:00+00:00,29.309362411499023,50.0,50.09000015258789,49.18000030517578,49.459999084472656,2160800,DF,2006-04-03 to 2013-05-24
2011-10-07 00:00:00+00:00,29.467628479003906,50.27000045776367,50.72999954223633,49.959999084472656,50.18000030517578,2364400,DF,2006-04-03 to 2013-05-24
2011-10-10 00:00:00+00:00,30.01279067993164,51.20000076293945,51.29999923706055,50.540000915527344,50.810001373291016,1886300,DF,2006-04-03 to 2013-05-24
2011-10-11 00:00:00+00:00,29.649349212646484,50.58000183105469,51.15999984741211,50.2400016784668,51.15999984741211,2233500,DF,2006-04-03 to 2013-05-24
2011-10-12 00:00:00+00:00,29.409015655517578,50.16999816894531,50.939998626708984,50.09000015258789,50.939998626708984,2798600,DF,2006-04-03 to 2013-05-24
2011-10-13 00:00:00+00:00,29.332813262939453,50.040000915527344,50.11000061035156,49.31999969482422,49.900001525878906,2987100,DF,2006-04-03 to 2013-05-24
2011-10-14 00:00:00+00:00,29.596601486206055,50.4900016784668,50.52000045776367,49.959999084472656,50.2599983215332,2921800,DF,2006-04-03 to 2013-05-24
2011-10-17 00:00:00+00:00,29.321086883544922,50.02000045776367,50.63999938964844,49.88999938964844,50.27000045776367,2612000,DF,2006-04-03 to 2013-05-24
2011-10-18 00:00:00+00:00,29.584867477416992,50.470001220703125,50.779998779296875,49.65999984741211,50.0099983215332,3117700,DF,2006-04-03 to 2013-05-24
2011-10-19 00:00:00+00:00,29.872095108032227,50.959999084472656,51.59000015258789,50.529998779296875,50.540000915527344,1984700,DF,2006-04-03 to 2013-05-24
2011-10-20 00:00:00+00:00,29.918996810913086,51.040000915527344,51.459999084472656,50.650001525878906,50.970001220703125,2207300,DF,2006-04-03 to 2013-05-24
2011-10-21 00:00:00+00:00,30.52276611328125,52.06999969482422,52.08000183105469,51.45000076293945,51.529998779296875,2369000,DF,2006-04-03 to 2013-05-24
2011-10-24 00:00:00+00:00,30.13002586364746,51.400001525878906,52.0099983215332,51.2400016784668,51.849998474121094,2530900,DF,2006-04-03 to 2013-05-24
2011-10-25 00:00:00+00:00,29.719680786132812,50.70000076293945,51.4900016784668,50.65999984741211,51.22999954223633,2038700,DF,2006-04-03 to 2013-05-24
2011-10-26 00:00:00+00:00,29.983484268188477,51.150001525878906,51.27000045776367,50.7599983215332,51.18000030517578,2747700,DF,2006-04-03 to 2013-05-24
2011-10-27 00:00:00+00:00,30.487594604492188,52.0099983215332,52.349998474121094,51.68000030517578,51.970001220703125,3230500,DF,2006-04-03 to 2013-05-24
2011-10-28 00:00:00+00:00,30.1124324798584,51.369998931884766,51.849998474121094,50.5,51.75,3704800,DF,2006-04-03 to 2013-05-24
2011-10-31 00:00:00+00:00,30.241395950317383,51.59000015258789,52.22999954223633,51.130001068115234,51.16999816894531,2670900,DF,2006-04-03 to 2013-05-24
2011-11-01 00:00:00+00:00,29.543834686279297,50.400001525878906,51.02000045776367,50.29999923706055,50.5,3098100,DF,2006-04-03 to 2013-05-24
2011-11-02 00:00:00+00:00,30.03037452697754,51.22999954223633,51.529998779296875,50.95000076293945,50.95000076293945,1924500,DF,2006-04-03 to 2013-05-24
2011-11-03 00:00:00+00:00,30.305870056152344,51.70000076293945,51.88999938964844,51.27000045776367,51.380001068115234,2358200,DF,2006-04-03 to 2013-05-24
2011-11-04 00:00:00+00:00,30.22381591796875,51.560001373291016,51.599998474121094,50.77000045776367,51.290000915527344,2390100,DF,2006-04-03 to 2013-05-24
2011-11-07 00:00:00+00:00,30.74553108215332,52.45000076293945,52.47999954223633,51.43000030517578,51.70000076293945,2469000,DF,2006-04-03 to 2013-05-24
2011-11-08 00:00:00+00:00,30.856897354125977,52.63999938964844,52.68000030517578,51.68000030517578,52.470001220703125,2271600,DF,2006-04-03 to 2013-05-24
2011-11-09 00:00:00+00:00,30.059688568115234,51.279998779296875,52.189998626708984,51.119998931884766,51.790000915527344,2678900,DF,2006-04-03 to 2013-05-24
2011-11-10 00:00:00+00:00,30.1007137298584,51.349998474121094,51.720001220703125,50.880001068115234,51.45000076293945,2512900,DF,2006-04-03 to 2013-05-24
2011-11-11 00:00:00+00:00,30.516923904418945,52.060001373291016,52.65999984741211,51.83000183105469,51.93000030517578,2065900,DF,2006-04-03 to 2013-05-24
2011-11-14 00:00:00+00:00,30.323463439941406,51.72999954223633,52.040000915527344,51.5,51.79999923706055,1511900,DF,2006-04-03 to 2013-05-24
2011-11-15 00:00:00+00:00,30.22381591796875,51.560001373291016,51.779998779296875,51.5,51.529998779296875,4836800,DF,2006-04-03 to 2013-05-24
2011-11-16 00:00:00+00:00,29.907272338867188,51.02000045776367,51.59000015258789,50.959999084472656,51.2400016784668,2011000,DF,2006-04-03 to 2013-05-24
2011-11-17 00:00:00+00:00,29.8017520904541,50.84000015258789,51.369998931884766,50.380001068115234,50.93000030517578,2709100,DF,2006-04-03 to 2013-05-24
2011-11-18 00:00:00+00:00,29.918996810913086,51.040000915527344,51.400001525878906,50.880001068115234,51.09000015258789,2817600,DF,2006-04-03 to 2013-05-24
2011-11-21 00:00:00+00:00,29.696237564086914,50.65999984741211,51.09000015258789,50.400001525878906,50.72999954223633,9227000,DF,2006-04-03 to 2013-05-24
2011-11-22 00:00:00+00:00,29.332813262939453,50.040000915527344,50.7400016784668,50.0,50.65999984741211,2301600,DF,2006-04-03 to 2013-05-24
2011-11-23 00:00:00+00:00,28.9049072265625,49.310001373291016,49.81999969482422,49.060001373291016,49.81999969482422,1971100,DF,2006-04-03 to 2013-05-24
2011-11-25 00:00:00+00:00,29.022127151489258,49.5099983215332,49.849998474121094,49.18000030517578,49.2400016784668,993500,DF,2006-04-03 to 2013-05-24
2011-11-28 00:00:00+00:00,29.37384796142578,50.11000061035156,50.4900016784668,49.869998931884766,50.40999984741211,1925800,DF,2006-04-03 to 2013-05-24
2011-11-29 00:00:00+00:00,29.807621002197266,50.849998474121094,51.150001525878906,50.279998779296875,50.380001068115234,2012400,DF,2006-04-03 to 2013-05-24
2011-11-30 00:00:00+00:00,30.555219650268555,51.619998931884766,51.65999984741211,51.130001068115234,51.20000076293945,3367900,DF,2006-04-03 to 2013-05-24
2011-12-01 00:00:00+00:00,30.39539909362793,51.349998474121094,51.560001373291016,50.959999084472656,51.43000030517578,2876500,DF,2006-04-03 to 2013-05-24
2011-12-02 00:00:00+00:00,29.927780151367188,50.560001373291016,51.4900016784668,50.470001220703125,51.459999084472656,2608400,DF,2006-04-03 to 2013-05-24
2011-12-05 00:00:00+00:00,29.892271041870117,50.5,51.279998779296875,50.220001220703125,51.099998474121094,2996600,DF,2006-04-03 to 2013-05-24
2011-12-06 00:00:00+00:00,29.797550201416016,50.34000015258789,50.689998626708984,50.27000045776367,50.65999984741211,3866000,DF,2006-04-03 to 2013-05-24
2011-12-07 00:00:00+00:00,29.892271041870117,50.5,50.79999923706055,50.040000915527344,50.27000045776367,3077500,DF,2006-04-03 to 2013-05-24
2011-12-08 00:00:00+00:00,29.67916488647461,50.13999938964844,50.70000076293945,50.04999923706055,50.5099983215332,2515800,DF,2006-04-03 to 2013-05-24
2011-12-09 00:00:00+00:00,30.05207061767578,50.77000045776367,50.84000015258789,50.22999954223633,50.33000183105469,1776900,DF,2006-04-03 to 2013-05-24
2011-12-12 00:00:00+00:00,29.779794692993164,50.310001373291016,50.7400016784668,50.0,50.59000015258789,2218500,DF,2006-04-03 to 2013-05-24
2011-12-13 00:00:00+00:00,29.880428314208984,50.47999954223633,51.040000915527344,50.31999969482422,50.31999969482422,2463300,DF,2006-04-03 to 2013-05-24
2011-12-14 00:00:00+00:00,29.702856063842773,50.18000030517578,50.709999084472656,50.15999984741211,50.400001525878906,2088000,DF,2006-04-03 to 2013-05-24
2011-12-15 00:00:00+00:00,30.058000564575195,50.779998779296875,50.9900016784668,50.5,50.650001525878906,2216300,DF,2006-04-03 to 2013-05-24
2011-12-16 00:00:00+00:00,29.98105812072754,50.650001525878906,51.13999938964844,50.459999084472656,50.95000076293945,3954500,DF,2006-04-03 to 2013-05-24
2011-12-19 00:00:00+00:00,29.809396743774414,50.36000061035156,51.209999084472656,50.27000045776367,50.90999984741211,2592100,DF,2006-04-03 to 2013-05-24
2011-12-20 00:00:00+00:00,30.8511905670166,52.119998931884766,52.25,51.04999923706055,51.09000015258789,4715100,DF,2006-04-03 to 2013-05-24
2011-12-21 00:00:00+00:00,31.247770309448242,52.790000915527344,52.84000015258789,52.119998931884766,52.119998931884766,3269900,DF,2006-04-03 to 2013-05-24
2011-12-22 00:00:00+00:00,31.206350326538086,52.720001220703125,52.959999084472656,52.560001373291016,52.959999084472656,1867200,DF,2006-04-03 to 2013-05-24
2011-12-23 00:00:00+00:00,31.34248161315918,52.95000076293945,53.189998626708984,52.84000015258789,52.939998626708984,1604900,DF,2006-04-03 to 2013-05-24
2011-12-27 00:00:00+00:00,31.626602172851562,53.43000030517578,53.5,52.849998474121094,52.849998474121094,1108900,DF,2006-04-03 to 2013-05-24
2011-12-28 00:00:00+00:00,31.4194393157959,53.08000183105469,53.54999923706055,53.029998779296875,53.380001068115234,1439000,DF,2006-04-03 to 2013-05-24
2011-12-29 00:00:00+00:00,31.685794830322266,53.529998779296875,53.59000015258789,53.0099983215332,53.0099983215332,1335100,DF,2006-04-03 to 2013-05-24
2011-12-30 00:00:00+00:00,31.4194393157959,53.08000183105469,53.58000183105469,53.060001373291016,53.5,1254500,DF,2006-04-03 to 2013-05-24
2012-01-03 00:00:00+00:00,31.07611846923828,52.5,53.68000030517578,52.2599983215332,53.470001220703125,2668500,DF,2006-04-03 to 2013-05-24
2012-01-04 00:00:00+00:00,30.821582794189453,52.06999969482422,52.619998931884766,51.93000030517578,52.5,2023800,DF,2006-04-03 to 2013-05-24
2012-01-05 00:00:00+00:00,30.75647735595703,51.959999084472656,52.130001068115234,51.31999969482422,51.93000030517578,2842600,DF,2006-04-03 to 2013-05-24
2012-01-06 00:00:00+00:00,30.44275665283203,51.43000030517578,52.04999923706055,51.310001373291016,51.9900016784668,5577700,DF,2006-04-03 to 2013-05-24
2012-01-09 00:00:00+00:00,30.40131950378418,51.36000061035156,51.56999969482422,51.060001373291016,51.40999984741211,2374400,DF,2006-04-03 to 2013-05-24
2012-01-10 00:00:00+00:00,30.359886169433594,51.290000915527344,51.650001525878906,51.279998779296875,51.540000915527344,2143400,DF,2006-04-03 to 2013-05-24
2012-01-11 00:00:00+00:00,30.288862228393555,51.16999816894531,51.400001525878906,51.029998779296875,51.189998626708984,1819500,DF,2006-04-03 to 2013-05-24
2012-01-12 00:00:00+00:00,30.146800994873047,50.93000030517578,51.400001525878906,50.900001525878906,51.29999923706055,2048500,DF,2006-04-03 to 2013-05-24
2012-01-13 00:00:00+00:00,29.951459884643555,50.599998474121094,50.65999984741211,50.16999816894531,50.45000076293945,3012800,DF,2006-04-03 to 2013-05-24
2012-01-17 00:00:00+00:00,30.069849014282227,50.79999923706055,51.20000076293945,50.54999923706055,50.77000045776367,2588200,DF,2006-04-03 to 2013-05-24
2012-01-18 00:00:00+00:00,29.850831985473633,50.43000030517578,50.849998474121094,50.08000183105469,50.79999923706055,2355100,DF,2006-04-03 to 2013-05-24
2012-01-19 00:00:00+00:00,29.773876190185547,50.29999923706055,50.61000061035156,50.09000015258789,50.4900016784668,1990400,DF,2006-04-03 to 2013-05-24
2012-01-20 00:00:00+00:00,29.933698654174805,50.56999969482422,50.56999969482422,50.029998779296875,50.34000015258789,2244500,DF,2006-04-03 to 2013-05-24
2012-01-23 00:00:00+00:00,29.880428314208984,50.47999954223633,51.0,50.220001220703125,50.58000183105469,3427000,DF,2006-04-03 to 2013-05-24
2012-01-24 00:00:00+00:00,29.779794692993164,50.310001373291016,50.900001525878906,49.91999816894531,50.33000183105469,1763100,DF,2006-04-03 to 2013-05-24
2012-01-25 00:00:00+00:00,30.253326416015625,51.11000061035156,51.22999954223633,49.689998626708984,50.150001525878906,2768300,DF,2006-04-03 to 2013-05-24
2012-01-26 00:00:00+00:00,30.09943389892578,50.849998474121094,51.18000030517578,50.5099983215332,51.060001373291016,2986500,DF,2006-04-03 to 2013-05-24
2012-01-27 00:00:00+00:00,29.335857391357422,49.560001373291016,50.9900016784668,49.439998626708984,50.63999938964844,6158000,DF,2006-04-03 to 2013-05-24
2012-01-30 00:00:00+00:00,29.20562744140625,49.34000015258789,49.63999938964844,48.869998931884766,49.63999938964844,4842300,DF,2006-04-03 to 2013-05-24
2012-01-31 00:00:00+00:00,29.619977951049805,50.040000915527344,50.09000015258789,49.279998779296875,49.47999954223633,4530300,DF,2006-04-03 to 2013-05-24
2012-02-01 00:00:00+00:00,29.84490394592285,50.41999816894531,50.619998931884766,50.11000061035156,50.11000061035156,3834200,DF,2006-04-03 to 2013-05-24
2012-02-02 00:00:00+00:00,29.89818000793457,50.5099983215332,50.83000183105469,50.349998474121094,50.470001220703125,2566700,DF,2006-04-03 to 2013-05-24
2012-02-03 00:00:00+00:00,29.821239471435547,50.380001068115234,50.970001220703125,50.130001068115234,50.869998931884766,2781800,DF,2006-04-03 to 2013-05-24
2012-02-06 00:00:00+00:00,29.75611686706543,50.27000045776367,50.47999954223633,50.11000061035156,50.220001220703125,1386400,DF,2006-04-03 to 2013-05-24
2012-02-07 00:00:00+00:00,29.84490394592285,50.41999816894531,50.61000061035156,49.84000015258789,50.150001525878906,2188000,DF,2006-04-03 to 2013-05-24
2012-02-08 00:00:00+00:00,29.71468734741211,50.20000076293945,50.63999938964844,49.970001220703125,50.5,1933800,DF,2006-04-03 to 2013-05-24
2012-02-09 00:00:00+00:00,29.513429641723633,49.86000061035156,50.15999984741211,49.83000183105469,50.15999984741211,2808800,DF,2006-04-03 to 2013-05-24
2012-02-10 00:00:00+00:00,29.54303741455078,49.90999984741211,49.90999984741211,49.560001373291016,49.77000045776367,1432700,DF,2006-04-03 to 2013-05-24
2012-02-13 00:00:00+00:00,29.554868698120117,49.93000030517578,50.15999984741211,49.79999923706055,49.9900016784668,1854700,DF,2006-04-03 to 2013-05-24
2012-02-14 00:00:00+00:00,29.732444763183594,50.22999954223633,50.36000061035156,49.7599983215332,49.90999984741211,2266600,DF,2006-04-03 to 2013-05-24
2012-02-15 00:00:00+00:00,29.64366912841797,50.08000183105469,50.27000045776367,49.90999984741211,50.2599983215332,2037500,DF,2006-04-03 to 2013-05-24
2012-02-16 00:00:00+00:00,29.84490394592285,50.41999816894531,50.52000045776367,50.130001068115234,50.150001525878906,1841000,DF,2006-04-03 to 2013-05-24
2012-02-17 00:00:00+00:00,29.933698654174805,50.56999969482422,50.66999816894531,50.279998779296875,50.630001068115234,2198500,DF,2006-04-03 to 2013-05-24
2012-02-21 00:00:00+00:00,29.67916488647461,50.13999938964844,50.709999084472656,50.130001068115234,50.709999084472656,3037500,DF,2006-04-03 to 2013-05-24
2012-02-22 00:00:00+00:00,29.87450408935547,50.470001220703125,50.58000183105469,50.06999969482422,50.06999969482422,1821700,DF,2006-04-03 to 2013-05-24
2012-02-23 00:00:00+00:00,30.152711868286133,50.939998626708984,50.970001220703125,50.439998626708984,50.45000076293945,8797300,DF,2006-04-03 to 2013-05-24
2012-02-24 00:00:00+00:00,30.37764549255371,51.31999969482422,51.5,50.84000015258789,51.0,8602700,DF,2006-04-03 to 2013-05-24
2012-02-27 00:00:00+00:00,30.430923461914062,51.40999984741211,51.5099983215332,50.95000076293945,51.13999938964844,11687600,DF,2006-04-03 to 2013-05-24
2012-02-28 00:00:00+00:00,30.33621597290039,51.25,51.650001525878906,51.06999969482422,51.5099983215332,2443500,DF,2006-04-03 to 2013-05-24
2012-02-29 00:00:00+00:00,30.18549919128418,50.470001220703125,50.939998626708984,50.33000183105469,50.790000915527344,2497800,DF,2006-04-03 to 2013-05-24
2012-03-01 00:00:00+00:00,30.149600982666016,50.40999984741211,50.880001068115234,50.16999816894531,50.439998626708984,2473400,DF,2006-04-03 to 2013-05-24
2012-03-02 00:00:00+00:00,30.215391159057617,50.52000045776367,50.650001525878906,50.130001068115234,50.380001068115234,1782500,DF,2006-04-03 to 2013-05-24
2012-03-05 00:00:00+00:00,30.394832611083984,50.81999969482422,50.91999816894531,50.209999084472656,50.380001068115234,1513900,DF,2006-04-03 to 2013-05-24
2012-03-06 00:00:00+00:00,30.215391159057617,50.52000045776367,50.650001525878906,50.22999954223633,50.56999969482422,1674100,DF,2006-04-03 to 2013-05-24
2012-03-07 00:00:00+00:00,30.19745635986328,50.4900016784668,50.56999969482422,50.130001068115234,50.43000030517578,1616200,DF,2006-04-03 to 2013-05-24
2012-03-08 00:00:00+00:00,30.263248443603516,50.599998474121094,50.709999084472656,50.310001373291016,50.56999969482422,1367200,DF,2006-04-03 to 2013-05-24
2012-03-09 00:00:00+00:00,30.358924865722656,50.7599983215332,50.79999923706055,50.380001068115234,50.7599983215332,1728400,DF,2006-04-03 to 2013-05-24
2012-03-12 00:00:00+00:00,30.69984245300293,51.33000183105469,51.400001525878906,50.790000915527344,50.86000061035156,2355000,DF,2006-04-03 to 2013-05-24
2012-03-13 00:00:00+00:00,30.717788696289062,51.36000061035156,51.470001220703125,51.0,51.380001068115234,1900200,DF,2006-04-03 to 2013-05-24
2012-03-14 00:00:00+00:00,30.233335494995117,50.54999923706055,51.45000076293945,50.459999084472656,51.310001373291016,2584500,DF,2006-04-03 to 2013-05-24
2012-03-15 00:00:00+00:00,30.191469192504883,50.47999954223633,50.849998474121094,50.33000183105469,50.5099983215332,2206900,DF,2006-04-03 to 2013-05-24
2012-03-16 00:00:00+00:00,30.09578514099121,50.31999969482422,50.65999984741211,50.2400016784668,50.439998626708984,2834300,DF,2006-04-03 to 2013-05-24
2012-03-19 00:00:00+00:00,30.059892654418945,50.2599983215332,50.72999954223633,50.16999816894531,50.25,1644700,DF,2006-04-03 to 2013-05-24
2012-03-20 00:00:00+00:00,30.287174224853516,50.63999938964844,50.84000015258789,50.22999954223633,50.25,2340200,DF,2006-04-03 to 2013-05-24
2012-03-21 00:00:00+00:00,30.179502487182617,50.459999084472656,50.77000045776367,50.380001068115234,50.63999938964844,1462600,DF,2006-04-03 to 2013-05-24
2012-03-22 00:00:00+00:00,30.155582427978516,50.41999816894531,50.650001525878906,50.20000076293945,50.209999084472656,2416300,DF,2006-04-03 to 2013-05-24
2012-03-23 00:00:00+00:00,30.071849822998047,50.279998779296875,50.709999084472656,50.2400016784668,50.47999954223633,1914100,DF,2006-04-03 to 2013-05-24
2012-03-26 00:00:00+00:00,30.32904052734375,50.709999084472656,50.939998626708984,50.439998626708984,50.529998779296875,1697100,DF,2006-04-03 to 2013-05-24
2012-03-27 00:00:00+00:00,30.508459091186523,51.0099983215332,51.189998626708984,50.70000076293945,50.709999084472656,1869300,DF,2006-04-03 to 2013-05-24
2012-03-28 00:00:00+00:00,30.31707191467285,50.689998626708984,51.16999816894531,50.45000076293945,50.880001068115234,1779100,DF,2006-04-03 to 2013-05-24
2012-03-29 00:00:00+00:00,30.370887756347656,50.779998779296875,50.81999969482422,50.18000030517578,50.52000045776367,1495400,DF,2006-04-03 to 2013-05-24
2012-03-30 00:00:00+00:00,30.62807846069336,51.209999084472656,51.2400016784668,50.810001373291016,50.86000061035156,2285400,DF,2006-04-03 to 2013-05-24
2012-04-02 00:00:00+00:00,30.801517486572266,51.5,51.75,51.0099983215332,51.16999816894531,2015200,DF,2006-04-03 to 2013-05-24
2012-04-03 00:00:00+00:00,30.825437545776367,51.540000915527344,51.599998474121094,51.209999084472656,51.38999938964844,2416400,DF,2006-04-03 to 2013-05-24
2012-04-04 00:00:00+00:00,30.8553466796875,51.59000015258789,51.869998931884766,51.25,51.27000045776367,2122500,DF,2006-04-03 to 2013-05-24
2012-04-05 00:00:00+00:00,30.72976303100586,51.380001068115234,51.5099983215332,51.27000045776367,51.470001220703125,2166500,DF,2006-04-03 to 2013-05-24
2012-04-09 00:00:00+00:00,30.44267463684082,50.900001525878906,51.29999923706055,50.88999938964844,51.029998779296875,2213000,DF,2006-04-03 to 2013-05-24
2012-04-10 00:00:00+00:00,30.024011611938477,50.20000076293945,50.86000061035156,50.099998474121094,50.86000061035156,2680100,DF,2006-04-03 to 2013-05-24
2012-04-11 00:00:00+00:00,30.006065368652344,50.16999816894531,50.630001068115234,50.119998931884766,50.529998779296875,2480200,DF,2006-04-03 to 2013-05-24
2012-04-12 00:00:00+00:00,30.083818435668945,50.29999923706055,50.29999923706055,49.869998931884766,50.15999984741211,2517200,DF,2006-04-03 to 2013-05-24
2012-04-13 00:00:00+00:00,30.071849822998047,50.279998779296875,50.779998779296875,50.22999954223633,50.31999969482422,4782500,DF,2006-04-03 to 2013-05-24
2012-04-16 00:00:00+00:00,30.34698486328125,50.7400016784668,50.84000015258789,50.380001068115234,50.439998626708984,2527400,DF,2006-04-03 to 2013-05-24
2012-04-17 00:00:00+00:00,30.496496200561523,50.9900016784668,51.220001220703125,50.630001068115234,51.02000045776367,2152500,DF,2006-04-03 to 2013-05-24
2012-04-18 00:00:00+00:00,30.275197982788086,50.619998931884766,50.91999816894531,50.61000061035156,50.779998779296875,1954300,DF,2006-04-03 to 2013-05-24
2012-04-19 00:00:00+00:00,30.22736358642578,50.540000915527344,50.72999954223633,50.349998474121094,50.619998931884766,2178000,DF,2006-04-03 to 2013-05-24
2012-04-20 00:00:00+00:00,30.514440536499023,51.02000045776367,51.119998931884766,50.5099983215332,50.540000915527344,2740000,DF,2006-04-03 to 2013-05-24
2012-04-23 00:00:00+00:00,30.41276741027832,50.849998474121094,51.02000045776367,50.599998474121094,50.939998626708984,1540900,DF,2006-04-03 to 2013-05-24
2012-04-24 00:00:00+00:00,30.388843536376953,50.810001373291016,50.970001220703125,50.630001068115234,50.810001373291016,3460400,DF,2006-04-03 to 2013-05-24
2012-04-25 00:00:00+00:00,30.646005630493164,51.2400016784668,51.380001068115234,50.77000045776367,51.029998779296875,3148200,DF,2006-04-03 to 2013-05-24
2012-04-26 00:00:00+00:00,31.034772872924805,51.88999938964844,52.209999084472656,51.150001525878906,51.970001220703125,3622800,DF,2006-04-03 to 2013-05-24
2012-04-27 00:00:00+00:00,31.142436981201172,52.06999969482422,52.209999084472656,51.779998779296875,52.0099983215332,3623800,DF,2006-04-03 to 2013-05-24
2012-04-30 00:00:00+00:00,31.214200973510742,52.189998626708984,52.2400016784668,51.84000015258789,51.9900016784668,2384900,DF,2006-04-03 to 2013-05-24
2012-05-01 00:00:00+00:00,31.36372184753418,52.439998626708984,52.599998474121094,51.91999816894531,52.25,1727700,DF,2006-04-03 to 2013-05-24
2012-05-02 00:00:00+00:00,31.166349411010742,52.11000061035156,52.400001525878906,51.88999938964844,52.29999923706055,1620000,DF,2006-04-03 to 2013-05-24
2012-05-03 00:00:00+00:00,31.05272102355957,51.91999816894531,52.349998474121094,51.880001068115234,51.9900016784668,1487800,DF,2006-04-03 to 2013-05-24
2012-05-04 00:00:00+00:00,31.094587326049805,51.9900016784668,52.31999969482422,51.84000015258789,51.880001068115234,1585700,DF,2006-04-03 to 2013-05-24
2012-05-07 00:00:00+00:00,31.022811889648438,51.869998931884766,52.099998474121094,51.70000076293945,51.95000076293945,1281500,DF,2006-04-03 to 2013-05-24
2012-05-08 00:00:00+00:00,31.076641082763672,51.959999084472656,52.0099983215332,51.619998931884766,51.650001525878906,1378700,DF,2006-04-03 to 2013-05-24
2012-05-09 00:00:00+00:00,30.90319061279297,51.66999816894531,52.04999923706055,51.56999969482422,51.619998931884766,1639400,DF,2006-04-03 to 2013-05-24
2012-05-10 00:00:00+00:00,31.166349411010742,52.11000061035156,52.290000915527344,51.81999969482422,51.93000030517578,1123400,DF,2006-04-03 to 2013-05-24
2012-05-11 00:00:00+00:00,31.23213768005371,52.220001220703125,52.380001068115234,51.779998779296875,51.959999084472656,1545900,DF,2006-04-03 to 2013-05-24
2012-05-14 00:00:00+00:00,31.262052536010742,52.27000045776367,52.380001068115234,51.84000015258789,51.900001525878906,1810300,DF,2006-04-03 to 2013-05-24
2012-05-15 00:00:00+00:00,31.279985427856445,52.29999923706055,52.709999084472656,52.16999816894531,52.650001525878906,1918600,DF,2006-04-03 to 2013-05-24
2012-05-16 00:00:00+00:00,31.40558433532715,52.5099983215332,52.58000183105469,52.220001220703125,52.41999816894531,1873400,DF,2006-04-03 to 2013-05-24
2012-05-17 00:00:00+00:00,31.034772872924805,51.88999938964844,52.59000015258789,51.880001068115234,52.470001220703125,1792600,DF,2006-04-03 to 2013-05-24
2012-05-18 00:00:00+00:00,31.274015426635742,52.290000915527344,52.52000045776367,51.95000076293945,51.970001220703125,2827300,DF,2006-04-03 to 2013-05-24
2012-05-21 00:00:00+00:00,31.23813819885254,52.22999954223633,52.400001525878906,51.95000076293945,52.349998474121094,2103900,DF,2006-04-03 to 2013-05-24
2012-05-22 00:00:00+00:00,31.381668090820312,52.470001220703125,52.70000076293945,52.2400016784668,52.27000045776367,1720900,DF,2006-04-03 to 2013-05-24
2012-05-23 00:00:00+00:00,31.226160049438477,52.209999084472656,52.619998931884766,51.72999954223633,52.369998931884766,2352400,DF,2006-04-03 to 2013-05-24
2012-05-24 00:00:00+00:00,31.399612426757812,52.5,52.650001525878906,52.099998474121094,52.25,7291900,DF,2006-04-03 to 2013-05-24
2012-05-25 00:00:00+00:00,31.42951011657715,52.54999923706055,52.7400016784668,52.41999816894531,52.52000045776367,7568400,DF,2006-04-03 to 2013-05-24
2012-05-29 00:00:00+00:00,31.399612426757812,52.5,52.72999954223633,52.27000045776367,52.72999954223633,7039700,DF,2006-04-03 to 2013-05-24
2012-05-30 00:00:00+00:00,31.331958770751953,51.86000061035156,52.529998779296875,51.75,52.040000915527344,2340200,DF,2006-04-03 to 2013-05-24
2012-05-31 00:00:00+00:00,31.45278549194336,52.060001373291016,52.36000061035156,51.650001525878906,51.75,1945400,DF,2006-04-03 to 2013-05-24
2012-06-01 00:00:00+00:00,31.192981719970703,51.630001068115234,52.0099983215332,51.58000183105469,51.70000076293945,2303000,DF,2006-04-03 to 2013-05-24
2012-06-04 00:00:00+00:00,31.132566452026367,51.529998779296875,51.79999923706055,51.41999816894531,51.66999816894531,1843500,DF,2006-04-03 to 2013-05-24
2012-06-05 00:00:00+00:00,31.096315383911133,51.470001220703125,51.599998474121094,51.279998779296875,51.41999816894531,2582600,DF,2006-04-03 to 2013-05-24
2012-06-06 00:00:00+00:00,31.56756591796875,52.25,52.25,51.529998779296875,51.72999954223633,2473000,DF,2006-04-03 to 2013-05-24
2012-06-07 00:00:00+00:00,31.863609313964844,52.7400016784668,52.869998931884766,52.41999816894531,52.470001220703125,2942100,DF,2006-04-03 to 2013-05-24
2012-06-08 00:00:00+00:00,32.159637451171875,53.22999954223633,53.29999923706055,52.7400016784668,52.7400016784668,2563000,DF,2006-04-03 to 2013-05-24
2012-06-11 00:00:00+00:00,31.905912399291992,52.810001373291016,53.58000183105469,52.7400016784668,53.40999984741211,2033200,DF,2006-04-03 to 2013-05-24
2012-06-12 00:00:00+00:00,31.917978286743164,52.83000183105469,52.88999938964844,52.33000183105469,52.79999923706055,2644000,DF,2006-04-03 to 2013-05-24
2012-06-13 00:00:00+00:00,32.050907135009766,53.04999923706055,53.20000076293945,52.470001220703125,52.79999923706055,1616400,DF,2006-04-03 to 2013-05-24
2012-06-14 00:00:00+00:00,32.4556884765625,53.720001220703125,53.810001373291016,53.09000015258789,53.130001068115234,2813700,DF,2006-04-03 to 2013-05-24
2012-06-15 00:00:00+00:00,32.49192810058594,53.779998779296875,54.099998474121094,53.65999984741211,53.939998626708984,2886200,DF,2006-04-03 to 2013-05-24
2012-06-18 00:00:00+00:00,32.80006408691406,54.290000915527344,54.29999923706055,53.689998626708984,53.70000076293945,2134000,DF,2006-04-03 to 2013-05-24
2012-06-19 00:00:00+00:00,32.85443115234375,54.380001068115234,54.59000015258789,54.06999969482422,54.400001525878906,2469600,DF,2006-04-03 to 2013-05-24
2012-06-20 00:00:00+00:00,32.727561950683594,54.16999816894531,54.689998626708984,53.970001220703125,54.540000915527344,2951700,DF,2006-04-03 to 2013-05-24
2012-06-21 00:00:00+00:00,32.431522369384766,53.68000030517578,54.630001068115234,53.63999938964844,54.34000015258789,1899600,DF,2006-04-03 to 2013-05-24
2012-06-22 00:00:00+00:00,32.38923645019531,53.61000061035156,53.849998474121094,53.43000030517578,53.72999954223633,2577300,DF,2006-04-03 to 2013-05-24
2012-06-25 00:00:00+00:00,32.22610855102539,53.34000015258789,53.619998931884766,53.27000045776367,53.54999923706055,1779700,DF,2006-04-03 to 2013-05-24
2012-06-26 00:00:00+00:00,32.244232177734375,53.369998931884766,53.65999984741211,53.099998474121094,53.349998474121094,1768900,DF,2006-04-03 to 2013-05-24
2012-06-27 00:00:00+00:00,32.5765266418457,53.91999816894531,54.0,53.459999084472656,53.459999084472656,1162600,DF,2006-04-03 to 2013-05-24
2012-06-28 00:00:00+00:00,32.48589324951172,53.77000045776367,53.83000183105469,53.25,53.689998626708984,1651200,DF,2006-04-03 to 2013-05-24
2012-06-29 00:00:00+00:00,32.624855041503906,54.0,54.439998626708984,53.59000015258789,54.34000015258789,2330100,DF,2006-04-03 to 2013-05-24
2012-07-02 00:00:00+00:00,32.86048126220703,54.38999938964844,54.459999084472656,53.93000030517578,54.0,1557300,DF,2006-04-03 to 2013-05-24
2012-07-03 00:00:00+00:00,32.7638053894043,54.22999954223633,54.47999954223633,53.9900016784668,54.29999923706055,889900,DF,2006-04-03 to 2013-05-24
2012-07-05 00:00:00+00:00,32.49192810058594,53.779998779296875,54.130001068115234,53.720001220703125,54.060001373291016,1460900,DF,2006-04-03 to 2013-05-24
2012-07-06 00:00:00+00:00,32.522151947021484,53.83000183105469,53.939998626708984,53.369998931884766,53.459999084472656,1205500,DF,2006-04-03 to 2013-05-24
2012-07-09 00:00:00+00:00,32.48589324951172,53.77000045776367,53.88999938964844,53.470001220703125,53.84000015258789,1179700,DF,2006-04-03 to 2013-05-24
2012-07-10 00:00:00+00:00,32.44359588623047,53.70000076293945,54.06999969482422,53.54999923706055,53.81999969482422,1450600,DF,2006-04-03 to 2013-05-24
2012-07-11 00:00:00+00:00,32.649017333984375,54.040000915527344,54.119998931884766,53.63999938964844,53.79999923706055,1143400,DF,2006-04-03 to 2013-05-24
2012-07-12 00:00:00+00:00,32.44359588623047,53.70000076293945,53.939998626708984,53.56999969482422,53.650001525878906,1510300,DF,2006-04-03 to 2013-05-24
2012-07-13 00:00:00+00:00,32.7396354675293,54.189998626708984,54.220001220703125,53.68000030517578,53.68000030517578,1876000,DF,2006-04-03 to 2013-05-24
2012-07-16 00:00:00+00:00,32.7396354675293,54.189998626708984,54.34000015258789,54.0099983215332,54.02000045776367,1062400,DF,2006-04-03 to 2013-05-24
2012-07-17 00:00:00+00:00,32.7638053894043,54.22999954223633,54.470001220703125,53.959999084472656,54.209999084472656,1147000,DF,2006-04-03 to 2013-05-24
2012-07-18 00:00:00+00:00,32.84839630126953,54.369998931884766,54.470001220703125,54.08000183105469,54.119998931884766,947700,DF,2006-04-03 to 2013-05-24
2012-07-19 00:00:00+00:00,32.7396354675293,54.189998626708984,54.43000030517578,53.849998474121094,54.43000030517578,1565600,DF,2006-04-03 to 2013-05-24
2012-07-20 00:00:00+00:00,32.60068130493164,53.959999084472656,54.11000061035156,53.720001220703125,54.11000061035156,2039700,DF,2006-04-03 to 2013-05-24
2012-07-23 00:00:00+00:00,32.322784423828125,53.5,54.11000061035156,53.2400016784668,53.900001525878906,1416400,DF,2006-04-03 to 2013-05-24
2012-07-24 00:00:00+00:00,32.0267333984375,53.0099983215332,53.529998779296875,52.599998474121094,53.45000076293945,1702300,DF,2006-04-03 to 2013-05-24
2012-07-25 00:00:00+00:00,32.195892333984375,53.290000915527344,53.400001525878906,52.790000915527344,53.189998626708984,1792400,DF,2006-04-03 to 2013-05-24
2012-07-26 00:00:00+00:00,32.70340347290039,54.130001068115234,54.2400016784668,53.47999954223633,53.58000183105469,1773800,DF,2006-04-03 to 2013-05-24
2012-07-27 00:00:00+00:00,33.210880279541016,54.970001220703125,55.16999816894531,53.95000076293945,54.29999923706055,1950400,DF,2006-04-03 to 2013-05-24
2012-07-30 00:00:00+00:00,33.180686950683594,54.91999816894531,55.13999938964844,54.439998626708984,54.810001373291016,1599300,DF,2006-04-03 to 2013-05-24
2012-07-31 00:00:00+00:00,32.8121452331543,54.310001373291016,55.099998474121094,54.27000045776367,54.959999084472656,2384100,DF,2006-04-03 to 2013-05-24
2012-08-01 00:00:00+00:00,32.63089370727539,54.0099983215332,55.619998931884766,53.880001068115234,54.349998474121094,2175900,DF,2006-04-03 to 2013-05-24
2012-08-02 00:00:00+00:00,32.51005554199219,53.810001373291016,54.18000030517578,53.27000045776367,53.83000183105469,1874700,DF,2006-04-03 to 2013-05-24
2012-08-03 00:00:00+00:00,32.872562408447266,54.40999984741211,54.470001220703125,53.790000915527344,54.369998931884766,1579500,DF,2006-04-03 to 2013-05-24
2012-08-06 00:00:00+00:00,32.82423400878906,54.33000183105469,54.95000076293945,54.040000915527344,54.56999969482422,1363500,DF,2006-04-03 to 2013-05-24
2012-08-07 00:00:00+00:00,32.61276626586914,53.97999954223633,54.720001220703125,53.97999954223633,54.68000030517578,2377500,DF,2006-04-03 to 2013-05-24
2012-08-08 00:00:00+00:00,32.42548751831055,53.66999816894531,54.040000915527344,53.5,53.970001220703125,1514100,DF,2006-04-03 to 2013-05-24
2012-08-09 00:00:00+00:00,32.40132522583008,53.630001068115234,53.720001220703125,53.45000076293945,53.52000045776367,1380400,DF,2006-04-03 to 2013-05-24
2012-08-10 00:00:00+00:00,32.4556884765625,53.720001220703125,53.83000183105469,53.349998474121094,53.59000015258789,1381000,DF,2006-04-03 to 2013-05-24
2012-08-13 00:00:00+00:00,32.29255294799805,53.45000076293945,53.86000061035156,53.29999923706055,53.650001525878906,1251500,DF,2006-04-03 to 2013-05-24
2012-08-14 00:00:00+00:00,32.322784423828125,53.5,53.75,53.38999938964844,53.54999923706055,1546000,DF,2006-04-03 to 2013-05-24
2012-08-15 00:00:00+00:00,32.51005554199219,53.810001373291016,53.9900016784668,53.36000061035156,53.529998779296875,1413400,DF,2006-04-03 to 2013-05-24
2012-08-16 00:00:00+00:00,32.59465408325195,53.95000076293945,54.16999816894531,53.560001373291016,53.790000915527344,5901700,DF,2006-04-03 to 2013-05-24
2012-08-17 00:00:00+00:00,32.5765266418457,53.91999816894531,53.970001220703125,53.709999084472656,53.91999816894531,1628900,DF,2006-04-03 to 2013-05-24
2012-08-20 00:00:00+00:00,32.69735336303711,54.119998931884766,54.13999938964844,53.630001068115234,53.7400016784668,1339500,DF,2006-04-03 to 2013-05-24
2012-08-21 00:00:00+00:00,32.5040168762207,53.79999923706055,54.310001373291016,53.790000915527344,54.060001373291016,1565000,DF,2006-04-03 to 2013-05-24
2012-08-22 00:00:00+00:00,32.38923645019531,53.61000061035156,53.79999923706055,53.45000076293945,53.61000061035156,1647400,DF,2006-04-03 to 2013-05-24
2012-08-23 00:00:00+00:00,32.10527038574219,53.13999938964844,53.58000183105469,52.95000076293945,53.54999923706055,1432500,DF,2006-04-03 to 2013-05-24
2012-08-24 00:00:00+00:00,32.31673049926758,53.4900016784668,53.560001373291016,53.0,53.0099983215332,1261500,DF,2006-04-03 to 2013-05-24
2012-08-27 00:00:00+00:00,32.655052185058594,54.04999923706055,54.20000076293945,53.5,53.70000076293945,2514900,DF,2006-04-03 to 2013-05-24
2012-08-28 00:00:00+00:00,32.59465408325195,53.95000076293945,54.11000061035156,53.84000015258789,53.959999084472656,2020500,DF,2006-04-03 to 2013-05-24
2012-08-29 00:00:00+00:00,32.31886291503906,52.970001220703125,53.41999816894531,52.90999984741211,53.34000015258789,1610800,DF,2006-04-03 to 2013-05-24
2012-08-30 00:00:00+00:00,32.04430389404297,52.52000045776367,52.900001525878906,52.5,52.83000183105469,1267000,DF,2006-04-03 to 2013-05-24
2012-08-31 00:00:00+00:00,32.0198974609375,52.47999954223633,52.869998931884766,52.290000915527344,52.709999084472656,1585900,DF,2006-04-03 to 2013-05-24
2012-09-04 00:00:00+00:00,32.03819274902344,52.5099983215332,52.66999816894531,52.150001525878906,52.349998474121094,1872400,DF,2006-04-03 to 2013-05-24
2012-09-05 00:00:00+00:00,32.0321044921875,52.5,52.810001373291016,52.400001525878906,52.619998931884766,1524000,DF,2006-04-03 to 2013-05-24
2012-09-06 00:00:00+00:00,32.806976318359375,53.77000045776367,53.79999923706055,52.58000183105469,52.66999816894531,2460800,DF,2006-04-03 to 2013-05-24
2012-09-07 00:00:00+00:00,32.43478012084961,53.15999984741211,53.849998474121094,53.119998931884766,53.720001220703125,2011800,DF,2006-04-03 to 2013-05-24
2012-09-10 00:00:00+00:00,32.50800323486328,53.279998779296875,53.5,53.20000076293945,53.41999816894531,1242700,DF,2006-04-03 to 2013-05-24
2012-09-11 00:00:00+00:00,32.30056381225586,52.939998626708984,53.38999938964844,52.939998626708984,53.279998779296875,1253700,DF,2006-04-03 to 2013-05-24
2012-09-12 00:00:00+00:00,32.190738677978516,52.7599983215332,53.119998931884766,52.68000030517578,53.06999969482422,1409300,DF,2006-04-03 to 2013-05-24
2012-09-13 00:00:00+00:00,32.697147369384766,53.59000015258789,53.599998474121094,52.709999084472656,52.709999084472656,1852400,DF,2006-04-03 to 2013-05-24
2012-09-14 00:00:00+00:00,32.227333068847656,52.81999969482422,53.630001068115234,52.689998626708984,53.560001373291016,2169700,DF,2006-04-03 to 2013-05-24
2012-09-17 00:00:00+00:00,32.09920883178711,52.61000061035156,53.029998779296875,52.439998626708984,52.849998474121094,1566700,DF,2006-04-03 to 2013-05-24
2012-09-18 00:00:00+00:00,31.879566192626953,52.25,52.689998626708984,52.16999816894531,52.58000183105469,1532900,DF,2006-04-03 to 2013-05-24
2012-09-19 00:00:00+00:00,31.946678161621094,52.36000061035156,52.77000045776367,52.20000076293945,52.45000076293945,1453700,DF,2006-04-03 to 2013-05-24
2012-09-20 00:00:00+00:00,32.16633605957031,52.720001220703125,52.849998474121094,52.209999084472656,52.540000915527344,1715600,DF,2006-04-03 to 2013-05-24
2012-09-21 00:00:00+00:00,32.15412521362305,52.70000076293945,52.97999954223633,52.529998779296875,52.84000015258789,2667600,DF,2006-04-03 to 2013-05-24
2012-09-24 00:00:00+00:00,32.404273986816406,53.11000061035156,53.20000076293945,52.61000061035156,52.68000030517578,1300400,DF,2006-04-03 to 2013-05-24
2012-09-25 00:00:00+00:00,32.12363052368164,52.650001525878906,53.459999084472656,52.650001525878906,53.27000045776367,2156800,DF,2006-04-03 to 2013-05-24
2012-09-26 00:00:00+00:00,32.270057678222656,52.88999938964844,53.540000915527344,52.790000915527344,52.810001373291016,2075900,DF,2006-04-03 to 2013-05-24
2012-09-27 00:00:00+00:00,32.221256256103516,52.810001373291016,53.119998931884766,52.68000030517578,53.06999969482422,2061300,DF,2006-04-03 to 2013-05-24
2012-09-28 00:00:00+00:00,32.30056381225586,52.939998626708984,53.13999938964844,52.56999969482422,52.779998779296875,2392300,DF,2006-04-03 to 2013-05-24
2012-10-01 00:00:00+00:00,32.221256256103516,52.810001373291016,53.38999938964844,52.7400016784668,53.130001068115234,1548000,DF,2006-04-03 to 2013-05-24
2012-10-02 00:00:00+00:00,32.47749710083008,53.22999954223633,53.25,52.790000915527344,52.90999984741211,1439700,DF,2006-04-03 to 2013-05-24
2012-10-03 00:00:00+00:00,32.53851318359375,53.33000183105469,53.650001525878906,53.31999969482422,53.400001525878906,1627400,DF,2006-04-03 to 2013-05-24
2012-10-04 00:00:00+00:00,32.56901550292969,53.380001068115234,53.88999938964844,53.369998931884766,53.560001373291016,1912000,DF,2006-04-03 to 2013-05-24
2012-10-05 00:00:00+00:00,32.49580764770508,53.2599983215332,53.790000915527344,53.220001220703125,53.59000015258789,2764200,DF,2006-04-03 to 2013-05-24
2012-10-08 00:00:00+00:00,32.355464935302734,53.029998779296875,53.4900016784668,52.709999084472656,53.22999954223633,2309500,DF,2006-04-03 to 2013-05-24
2012-10-09 00:00:00+00:00,32.227333068847656,52.81999969482422,53.189998626708984,52.68000030517578,53.0099983215332,1997200,DF,2006-04-03 to 2013-05-24
2012-10-10 00:00:00+00:00,32.47140121459961,53.220001220703125,53.380001068115234,52.939998626708984,53.060001373291016,2261100,DF,2006-04-03 to 2013-05-24
2012-10-11 00:00:00+00:00,32.355464935302734,53.029998779296875,53.45000076293945,52.90999984741211,53.43000030517578,1328000,DF,2006-04-03 to 2013-05-24
2012-10-12 00:00:00+00:00,32.141937255859375,52.68000030517578,53.25,52.599998474121094,53.15999984741211,1558100,DF,2006-04-03 to 2013-05-24
2012-10-15 00:00:00+00:00,32.190738677978516,52.7599983215332,52.83000183105469,52.40999984741211,52.65999984741211,1346300,DF,2006-04-03 to 2013-05-24
2012-10-16 00:00:00+00:00,32.129722595214844,52.65999984741211,52.97999954223633,52.439998626708984,52.959999084472656,1504700,DF,2006-04-03 to 2013-05-24
2012-10-17 00:00:00+00:00,32.550716400146484,53.349998474121094,53.380001068115234,52.720001220703125,52.79999923706055,1432600,DF,2006-04-03 to 2013-05-24
2012-10-18 00:00:00+00:00,32.69104766845703,53.58000183105469,53.63999938964844,53.119998931884766,53.31999969482422,1630300,DF,2006-04-03 to 2013-05-24
2012-10-19 00:00:00+00:00,32.648338317871094,53.5099983215332,53.70000076293945,53.34000015258789,53.529998779296875,2206600,DF,2006-04-03 to 2013-05-24
2012-10-22 00:00:00+00:00,32.31276321411133,52.959999084472656,53.56999969482422,52.650001525878906,53.40999984741211,1688000,DF,2006-04-03 to 2013-05-24
2012-10-23 00:00:00+00:00,32.14802169799805,52.689998626708984,52.959999084472656,52.439998626708984,52.599998474121094,1909500,DF,2006-04-03 to 2013-05-24
2012-10-24 00:00:00+00:00,32.001590728759766,52.45000076293945,52.79999923706055,52.29999923706055,52.66999816894531,1700200,DF,2006-04-03 to 2013-05-24
2012-10-25 00:00:00+00:00,31.6965274810791,51.95000076293945,52.36000061035156,51.02000045776367,52.36000061035156,4925200,DF,2006-04-03 to 2013-05-24
2012-10-26 00:00:00+00:00,31.76974868774414,52.06999969482422,52.16999816894531,51.5,51.900001525878906,2752100,DF,2006-04-03 to 2013-05-24
2012-10-31 00:00:00+00:00,32.202938079833984,52.779998779296875,52.849998474121094,52.0,52.33000183105469,2744600,DF,2006-04-03 to 2013-05-24
2012-11-01 00:00:00+00:00,31.739242553710938,52.02000045776367,52.90999984741211,51.95000076293945,52.880001068115234,3493800,DF,2006-04-03 to 2013-05-24
2012-11-02 00:00:00+00:00,31.54400062561035,51.70000076293945,52.34000015258789,51.599998474121094,52.34000015258789,2311700,DF,2006-04-03 to 2013-05-24
2012-11-05 00:00:00+00:00,31.07419204711914,50.93000030517578,51.529998779296875,50.65999984741211,51.459999084472656,1990100,DF,2006-04-03 to 2013-05-24
2012-11-06 00:00:00+00:00,31.098604202270508,50.970001220703125,51.220001220703125,50.75,50.93000030517578,1626400,DF,2006-04-03 to 2013-05-24
2012-11-07 00:00:00+00:00,30.421340942382812,49.86000061035156,50.75,49.529998779296875,50.68000030517578,2457800,DF,2006-04-03 to 2013-05-24
2012-11-08 00:00:00+00:00,30.158987045288086,49.43000030517578,50.5,49.43000030517578,49.79999923706055,2502200,DF,2006-04-03 to 2013-05-24
2012-11-09 00:00:00+00:00,30.097991943359375,49.33000183105469,49.560001373291016,49.029998779296875,49.22999954223633,2232400,DF,2006-04-03 to 2013-05-24
2012-11-12 00:00:00+00:00,30.012544631958008,49.189998626708984,49.38999938964844,48.970001220703125,49.29999923706055,2088500,DF,2006-04-03 to 2013-05-24
2012-11-13 00:00:00+00:00,30.634891510009766,50.209999084472656,50.36000061035156,48.939998626708984,49.04999923706055,4078000,DF,2006-04-03 to 2013-05-24
2012-11-14 00:00:00+00:00,30.43963050842285,49.88999938964844,50.43000030517578,49.79999923706055,50.220001220703125,2832900,DF,2006-04-03 to 2013-05-24
2012-11-15 00:00:00+00:00,30.31151008605957,49.68000030517578,50.16999816894531,49.290000915527344,49.86000061035156,2417900,DF,2006-04-03 to 2013-05-24
2012-11-16 00:00:00+00:00,30.598291397094727,50.150001525878906,50.2400016784668,49.5,49.7400016784668,2409800,DF,2006-04-03 to 2013-05-24
2012-11-19 00:00:00+00:00,30.677597045898438,50.279998779296875,50.459999084472656,49.91999816894531,50.459999084472656,2497300,DF,2006-04-03 to 2013-05-24
2012-11-20 00:00:00+00:00,30.71421241760254,50.34000015258789,50.36000061035156,49.75,50.279998779296875,2031700,DF,2006-04-03 to 2013-05-24
2012-11-21 00:00:00+00:00,30.60438346862793,50.15999984741211,50.4900016784668,49.63999938964844,50.349998474121094,2003800,DF,2006-04-03 to 2013-05-24
2012-11-23 00:00:00+00:00,30.57997703552246,50.119998931884766,50.290000915527344,49.79999923706055,50.220001220703125,1053900,DF,2006-04-03 to 2013-05-24
2012-11-26 00:00:00+00:00,30.903358459472656,50.650001525878906,50.88999938964844,49.95000076293945,50.02000045776367,1798300,DF,2006-04-03 to 2013-05-24
2012-11-27 00:00:00+00:00,30.836244583129883,50.540000915527344,51.0,50.5,50.59000015258789,2800500,DF,2006-04-03 to 2013-05-24
2012-11-28 00:00:00+00:00,31.093347549438477,50.43000030517578,50.459999084472656,49.849998474121094,50.060001373291016,2865900,DF,2006-04-03 to 2013-05-24
2012-11-29 00:00:00+00:00,31.24130630493164,50.66999816894531,50.849998474121094,50.369998931884766,50.540000915527344,2296900,DF,2006-04-03 to 2013-05-24
2012-11-30 00:00:00+00:00,31.512609481811523,51.11000061035156,51.11000061035156,50.58000183105469,50.7400016784668,2853500,DF,2006-04-03 to 2013-05-24
2012-12-03 00:00:00+00:00,31.290634155273438,50.75,51.15999984741211,50.540000915527344,51.15999984741211,2372600,DF,2006-04-03 to 2013-05-24
2012-12-04 00:00:00+00:00,31.074844360351562,50.400001525878906,50.810001373291016,50.36000061035156,50.75,1729500,DF,2006-04-03 to 2013-05-24
2012-12-05 00:00:00+00:00,31.89487075805664,51.72999954223633,51.880001068115234,50.43000030517578,50.47999954223633,3365300,DF,2006-04-03 to 2013-05-24
2012-12-06 00:00:00+00:00,31.77772331237793,51.540000915527344,52.04999923706055,51.349998474121094,51.79999923706055,2036100,DF,2006-04-03 to 2013-05-24
2012-12-07 00:00:00+00:00,31.870203018188477,51.689998626708984,51.97999954223633,51.45000076293945,51.810001373291016,1713800,DF,2006-04-03 to 2013-05-24
2012-12-10 00:00:00+00:00,31.80854606628418,51.59000015258789,51.79999923706055,51.5099983215332,51.630001068115234,1338700,DF,2006-04-03 to 2013-05-24
2012-12-11 00:00:00+00:00,31.814725875854492,51.599998474121094,51.869998931884766,51.439998626708984,51.630001068115234,1616500,DF,2006-04-03 to 2013-05-24
2012-12-12 00:00:00+00:00,31.79006576538086,51.560001373291016,51.849998474121094,51.439998626708984,51.7400016784668,1969300,DF,2006-04-03 to 2013-05-24
2012-12-13 00:00:00+00:00,31.6544246673584,51.34000015258789,51.619998931884766,51.15999984741211,51.4900016784668,1196500,DF,2006-04-03 to 2013-05-24
2012-12-14 00:00:00+00:00,31.561939239501953,51.189998626708984,51.369998931884766,50.959999084472656,51.29999923706055,1609400,DF,2006-04-03 to 2013-05-24
2012-12-17 00:00:00+00:00,32.03668212890625,51.959999084472656,52.040000915527344,51.2599983215332,51.33000183105469,1931900,DF,2006-04-03 to 2013-05-24
2012-12-18 00:00:00+00:00,32.203155517578125,52.22999954223633,52.29999923706055,51.7599983215332,51.880001068115234,2197400,DF,2006-04-03 to 2013-05-24
2012-12-19 00:00:00+00:00,31.93804359436035,51.79999923706055,52.220001220703125,51.75,52.16999816894531,2017000,DF,2006-04-03 to 2013-05-24
2012-12-20 00:00:00+00:00,32.18465805053711,52.20000076293945,52.400001525878906,51.91999816894531,52.189998626708984,2170700,DF,2006-04-03 to 2013-05-24
2012-12-21 00:00:00+00:00,32.02436447143555,51.939998626708984,52.29999923706055,51.77000045776367,52.02000045776367,4139800,DF,2006-04-03 to 2013-05-24
2012-12-24 00:00:00+00:00,32.02436447143555,51.939998626708984,52.029998779296875,51.5,51.849998474121094,953900,DF,2006-04-03 to 2013-05-24
2012-12-26 00:00:00+00:00,31.882543563842773,51.709999084472656,52.06999969482422,51.63999938964844,52.0,1828800,DF,2006-04-03 to 2013-05-24
2012-12-27 00:00:00+00:00,31.827064514160156,51.619998931884766,51.84000015258789,51.209999084472656,51.65999984741211,2493400,DF,2006-04-03 to 2013-05-24
2012-12-28 00:00:00+00:00,31.494115829467773,51.08000183105469,51.7400016784668,51.060001373291016,51.38999938964844,1696300,DF,2006-04-03 to 2013-05-24
2012-12-31 00:00:00+00:00,31.93804359436035,51.79999923706055,51.869998931884766,50.75,50.93000030517578,2152700,DF,2006-04-03 to 2013-05-24
2013-01-02 00:00:00+00:00,32.62858581542969,52.91999816894531,52.959999084472656,52.36000061035156,52.36000061035156,2330900,DF,2006-04-03 to 2013-05-24
2013-01-03 00:00:00+00:00,32.66557693481445,52.97999954223633,53.16999816894531,52.630001068115234,52.86000061035156,1540700,DF,2006-04-03 to 2013-05-24
2013-01-04 00:00:00+00:00,33.010868072509766,53.540000915527344,53.97999954223633,52.970001220703125,53.0,2881100,DF,2006-04-03 to 2013-05-24
2013-01-07 00:00:00+00:00,32.46827697753906,52.65999984741211,53.220001220703125,52.54999923706055,53.189998626708984,2076600,DF,2006-04-03 to 2013-05-24
2013-01-08 00:00:00+00:00,32.28947830200195,52.369998931884766,52.84000015258789,52.189998626708984,52.5,1911500,DF,2006-04-03 to 2013-05-24
2013-01-09 00:00:00+00:00,32.18465805053711,52.20000076293945,52.38999938964844,51.91999816894531,52.349998474121094,1643900,DF,2006-04-03 to 2013-05-24
2013-01-10 00:00:00+00:00,32.196998596191406,52.220001220703125,52.380001068115234,52.04999923706055,52.31999969482422,2484000,DF,2006-04-03 to 2013-05-24
2013-01-11 00:00:00+00:00,32.32646942138672,52.43000030517578,52.43000030517578,52.15999984741211,52.209999084472656,2290900,DF,2006-04-03 to 2013-05-24
2013-01-14 00:00:00+00:00,32.30180358886719,52.38999938964844,52.540000915527344,52.25,52.45000076293945,1237300,DF,2006-04-03 to 2013-05-24
2013-01-15 00:00:00+00:00,32.38813400268555,52.529998779296875,52.540000915527344,52.130001068115234,52.310001373291016,1840000,DF,2006-04-03 to 2013-05-24
2013-01-16 00:00:00+00:00,32.30797576904297,52.400001525878906,52.650001525878906,52.2599983215332,52.540000915527344,2380200,DF,2006-04-03 to 2013-05-24
2013-01-17 00:00:00+00:00,32.31413269042969,52.40999984741211,52.709999084472656,52.33000183105469,52.54999923706055,1538800,DF,2006-04-03 to 2013-05-24
2013-01-18 00:00:00+00:00,32.62858581542969,52.91999816894531,52.91999816894531,52.349998474121094,52.470001220703125,2425700,DF,2006-04-03 to 2013-05-24
2013-01-22 00:00:00+00:00,32.85670852661133,53.290000915527344,53.380001068115234,52.650001525878906,52.849998474121094,1481500,DF,2006-04-03 to 2013-05-24
2013-01-23 00:00:00+00:00,32.899879455566406,53.36000061035156,53.47999954223633,52.900001525878906,53.119998931884766,2047600,DF,2006-04-03 to 2013-05-24
2013-01-24 00:00:00+00:00,33.16499710083008,53.790000915527344,53.88999938964844,53.41999816894531,53.47999954223633,1418200,DF,2006-04-03 to 2013-05-24
2013-01-25 00:00:00+00:00,33.22049331665039,53.880001068115234,54.09000015258789,53.400001525878906,53.86000061035156,1674500,DF,2006-04-03 to 2013-05-24
2013-01-28 00:00:00+00:00,33.14033508300781,53.75,53.9900016784668,53.56999969482422,53.939998626708984,1332300,DF,2006-04-03 to 2013-05-24
2013-01-29 00:00:00+00:00,33.516441345214844,54.36000061035156,54.36000061035156,53.75,53.75,2273500,DF,2006-04-03 to 2013-05-24
2013-01-30 00:00:00+00:00,33.61508560180664,54.52000045776367,54.540000915527344,54.060001373291016,54.29999923706055,2083500,DF,2006-04-03 to 2013-05-24
2013-01-31 00:00:00+00:00,33.36228561401367,54.11000061035156,54.5,53.869998931884766,54.400001525878906,3246600,DF,2006-04-03 to 2013-05-24
2013-02-01 00:00:00+00:00,33.3992919921875,54.16999816894531,54.43000030517578,54.040000915527344,54.31999969482422,1791400,DF,2006-04-03 to 2013-05-24
2013-02-04 00:00:00+00:00,33.33763122558594,54.06999969482422,54.150001525878906,53.970001220703125,54.0099983215332,1770300,DF,2006-04-03 to 2013-05-24
2013-02-05 00:00:00+00:00,33.48561096191406,54.310001373291016,54.709999084472656,54.2400016784668,54.310001373291016,1561200,DF,2006-04-03 to 2013-05-24
2013-02-06 00:00:00+00:00,33.5102653503418,54.349998474121094,54.40999984741211,53.900001525878906,54.11000061035156,1536300,DF,2006-04-03 to 2013-05-24
2013-02-07 00:00:00+00:00,33.48561096191406,54.310001373291016,54.630001068115234,54.08000183105469,54.41999816894531,1484900,DF,2006-04-03 to 2013-05-24
2013-02-08 00:00:00+00:00,33.48561096191406,54.310001373291016,54.36000061035156,54.0,54.16999816894531,1265700,DF,2006-04-03 to 2013-05-24
2013-02-11 00:00:00+00:00,33.497955322265625,54.33000183105469,54.40999984741211,54.209999084472656,54.25,951100,DF,2006-04-03 to 2013-05-24
2013-02-12 00:00:00+00:00,33.68292236328125,54.630001068115234,54.630001068115234,54.15999984741211,54.2400016784668,1564900,DF,2006-04-03 to 2013-05-24
2013-02-13 00:00:00+00:00,33.71990203857422,54.689998626708984,54.79999923706055,54.560001373291016,54.619998931884766,1481500,DF,2006-04-03 to 2013-05-24
2013-02-14 00:00:00+00:00,33.58426284790039,54.470001220703125,54.709999084472656,54.15999984741211,54.56999969482422,2418700,DF,2006-04-03 to 2013-05-24
2013-02-15 00:00:00+00:00,33.861724853515625,54.91999816894531,55.0,54.630001068115234,54.650001525878906,3188200,DF,2006-04-03 to 2013-05-24
2013-02-19 00:00:00+00:00,34.27481460571289,55.59000015258789,55.66999816894531,54.97999954223633,55.02000045776367,2812700,DF,2006-04-03 to 2013-05-24
2013-02-20 00:00:00+00:00,34.45979309082031,55.88999938964844,56.380001068115234,55.540000915527344,55.56999969482422,2417000,DF,2006-04-03 to 2013-05-24
2013-02-21 00:00:00+00:00,34.342647552490234,55.70000076293945,55.91999816894531,55.619998931884766,55.810001373291016,1973500,DF,2006-04-03 to 2013-05-24
2013-02-22 00:00:00+00:00,34.761905670166016,56.380001068115234,56.38999938964844,55.70000076293945,55.790000915527344,1356400,DF,2006-04-03 to 2013-05-24
2013-02-25 00:00:00+00:00,34.34880447387695,55.709999084472656,57.189998626708984,55.68000030517578,56.75,3328200,DF,2006-04-03 to 2013-05-24
2013-02-26 00:00:00+00:00,34.431640625,55.279998779296875,55.900001525878906,55.0,55.27000045776367,2497200,DF,2006-04-03 to 2013-05-24
2013-02-27 00:00:00+00:00,34.761756896972656,55.810001373291016,55.900001525878906,55.279998779296875,55.400001525878906,1812800,DF,2006-04-03 to 2013-05-24
2013-02-28 00:00:00+00:00,34.88011169433594,56.0,56.27000045776367,55.63999938964844,55.849998474121094,2527200,DF,2006-04-03 to 2013-05-24
2013-03-01 00:00:00+00:00,35.14169692993164,56.41999816894531,56.439998626708984,55.5,55.83000183105469,2239700,DF,2006-04-03 to 2013-05-24
2013-03-04 00:00:00+00:00,35.135467529296875,56.40999984741211,56.56999969482422,56.029998779296875,56.380001068115234,3792700,DF,2006-04-03 to 2013-05-24
2013-03-05 00:00:00+00:00,35.1977424621582,56.5099983215332,56.880001068115234,56.40999984741211,56.68000030517578,2731700,DF,2006-04-03 to 2013-05-24
2013-03-06 00:00:00+00:00,35.16661834716797,56.459999084472656,56.779998779296875,56.22999954223633,56.63999938964844,1718100,DF,2006-04-03 to 2013-05-24
2013-03-07 00:00:00+00:00,34.799137115478516,55.869998931884766,56.61000061035156,55.849998474121094,56.5,2064500,DF,2006-04-03 to 2013-05-24
2013-03-08 00:00:00+00:00,34.799137115478516,55.869998931884766,55.970001220703125,55.45000076293945,55.88999938964844,2671700,DF,2006-04-03 to 2013-05-24
2013-03-11 00:00:00+00:00,35.06696319580078,56.29999923706055,56.29999923706055,55.869998931884766,55.900001525878906,1681400,DF,2006-04-03 to 2013-05-24
2013-03-12 00:00:00+00:00,34.89255142211914,56.02000045776367,56.29999923706055,55.79999923706055,56.29999923706055,1154100,DF,2006-04-03 to 2013-05-24
2013-03-13 00:00:00+00:00,35.09187698364258,56.34000015258789,56.5,55.83000183105469,56.0,1922500,DF,2006-04-03 to 2013-05-24
2013-03-14 00:00:00+00:00,35.09809875488281,56.349998474121094,56.5,56.209999084472656,56.400001525878906,2076200,DF,2006-04-03 to 2013-05-24
2013-03-15 00:00:00+00:00,35.37215805053711,56.790000915527344,57.060001373291016,55.91999816894531,56.119998931884766,4006900,DF,2006-04-03 to 2013-05-24
2013-03-18 00:00:00+00:00,35.147926330566406,56.43000030517578,56.65999984741211,56.310001373291016,56.36000061035156,1380500,DF,2006-04-03 to 2013-05-24
2013-03-19 00:00:00+00:00,35.34101867675781,56.7400016784668,56.869998931884766,56.38999938964844,56.4900016784668,1683800,DF,2006-04-03 to 2013-05-24
2013-03-20 00:00:00+00:00,35.62752914428711,57.20000076293945,57.310001373291016,56.93000030517578,56.93000030517578,2168700,DF,2006-04-03 to 2013-05-24
2013-03-21 00:00:00+00:00,35.4531364440918,56.91999816894531,57.4900016784668,56.84000015258789,57.0,2032500,DF,2006-04-03 to 2013-05-24
2013-03-22 00:00:00+00:00,35.359703063964844,56.77000045776367,57.040000915527344,56.65999984741211,56.900001525878906,1901400,DF,2006-04-03 to 2013-05-24
2013-03-25 00:00:00+00:00,35.415767669677734,56.86000061035156,57.130001068115234,56.540000915527344,57.0,2199100,DF,2006-04-03 to 2013-05-24
2013-03-26 00:00:00+00:00,35.87044143676758,57.59000015258789,57.75,56.88999938964844,56.959999084472656,1960700,DF,2006-04-03 to 2013-05-24
2013-03-27 00:00:00+00:00,35.83308410644531,57.529998779296875,57.70000076293945,57.279998779296875,57.439998626708984,1423000,DF,2006-04-03 to 2013-05-24
2013-03-28 00:00:00+00:00,36.23793029785156,58.18000030517578,58.25,57.540000915527344,57.58000183105469,1832300,DF,2006-04-03 to 2013-05-24
2013-04-01 00:00:00+00:00,36.24415969848633,58.189998626708984,58.279998779296875,57.939998626708984,58.16999816894531,1124300,DF,2006-04-03 to 2013-05-24
2013-04-02 00:00:00+00:00,36.51198959350586,58.619998931884766,58.689998626708984,58.25,58.31999969482422,1525500,DF,2006-04-03 to 2013-05-24
2013-04-03 00:00:00+00:00,36.59297180175781,58.75,58.97999954223633,58.599998474121094,58.79999923706055,2210500,DF,2006-04-03 to 2013-05-24
2013-04-04 00:00:00+00:00,37.05388259887695,59.4900016784668,59.56999969482422,58.83000183105469,58.83000183105469,2275900,DF,2006-04-03 to 2013-05-24
2013-04-05 00:00:00+00:00,37.14107131958008,59.630001068115234,59.66999816894531,59.11000061035156,59.150001525878906,2656500,DF,2006-04-03 to 2013-05-24
2013-04-08 00:00:00+00:00,37.415138244628906,60.06999969482422,60.08000183105469,59.33000183105469,59.599998474121094,1257600,DF,2006-04-03 to 2013-05-24
2013-04-09 00:00:00+00:00,37.27812194824219,59.849998474121094,60.790000915527344,59.810001373291016,60.7599983215332,1891600,DF,2006-04-03 to 2013-05-24
2013-04-10 00:00:00+00:00,37.47742462158203,60.16999816894531,60.52000045776367,59.86000061035156,59.86000061035156,2514100,DF,2006-04-03 to 2013-05-24
2013-04-11 00:00:00+00:00,37.365299224853516,59.9900016784668,60.459999084472656,59.9900016784668,60.2400016784668,2910300,DF,2006-04-03 to 2013-05-24
2013-04-12 00:00:00+00:00,37.44628143310547,60.119998931884766,60.209999084472656,59.88999938964844,59.970001220703125,3001600,DF,2006-04-03 to 2013-05-24
2013-04-15 00:00:00+00:00,36.9168586730957,59.27000045776367,60.349998474121094,59.27000045776367,60.0,1915200,DF,2006-04-03 to 2013-05-24
2013-04-16 00:00:00+00:00,37.259429931640625,59.81999969482422,59.849998474121094,58.7599983215332,59.41999816894531,1535100,DF,2006-04-03 to 2013-05-24
2013-04-17 00:00:00+00:00,36.954227447509766,59.33000183105469,59.66999816894531,59.02000045776367,59.61000061035156,1723200,DF,2006-04-03 to 2013-05-24
2013-04-18 00:00:00+00:00,37.24696731567383,59.79999923706055,59.900001525878906,59.209999084472656,59.459999084472656,1889200,DF,2006-04-03 to 2013-05-24
2013-04-19 00:00:00+00:00,38.038002014160156,61.06999969482422,61.09000015258789,59.709999084472656,59.900001525878906,2953200,DF,2006-04-03 to 2013-05-24
2013-04-22 00:00:00+00:00,37.969482421875,60.959999084472656,61.22999954223633,60.65999984741211,61.040000915527344,1628500,DF,2006-04-03 to 2013-05-24
2013-04-23 00:00:00+00:00,38.0006217956543,61.0099983215332,61.209999084472656,60.4900016784668,61.09000015258789,1271800,DF,2006-04-03 to 2013-05-24
2013-04-24 00:00:00+00:00,38.06913375854492,61.119998931884766,61.36000061035156,60.630001068115234,61.130001068115234,1320200,DF,2006-04-03 to 2013-05-24
2013-04-25 00:00:00+00:00,37.83867645263672,60.75,61.099998474121094,60.310001373291016,61.0099983215332,2704200,DF,2006-04-03 to 2013-05-24
2013-04-26 00:00:00+00:00,38.0006217956543,61.0099983215332,61.56999969482422,60.529998779296875,60.720001220703125,1641700,DF,2006-04-03 to 2013-05-24
2013-04-29 00:00:00+00:00,38.12519454956055,61.209999084472656,61.41999816894531,60.2400016784668,60.560001373291016,1672400,DF,2006-04-03 to 2013-05-24
2013-04-30 00:00:00+00:00,38.41794967651367,61.68000030517578,61.720001220703125,61.0,61.099998474121094,2092200,DF,2006-04-03 to 2013-05-24
2013-05-01 00:00:00+00:00,38.08158493041992,61.13999938964844,61.849998474121094,61.0099983215332,61.7599983215332,1476600,DF,2006-04-03 to 2013-05-24
2013-05-02 00:00:00+00:00,38.06291198730469,61.11000061035156,61.369998931884766,60.790000915527344,61.150001525878906,1681800,DF,2006-04-03 to 2013-05-24
2013-05-03 00:00:00+00:00,37.93833923339844,60.90999984741211,61.5,60.650001525878906,61.36000061035156,2238200,DF,2006-04-03 to 2013-05-24
2013-05-06 00:00:00+00:00,37.66428756713867,60.470001220703125,61.150001525878906,60.439998626708984,61.060001373291016,1674800,DF,2006-04-03 to 2013-05-24
2013-05-07 00:00:00+00:00,37.95079040527344,60.93000030517578,60.97999954223633,60.36000061035156,60.45000076293945,1788600,DF,2006-04-03 to 2013-05-24
2013-05-08 00:00:00+00:00,37.6829719543457,60.5,61.0,60.34000015258789,60.7599983215332,1446500,DF,2006-04-03 to 2013-05-24
2013-05-09 00:00:00+00:00,37.028961181640625,59.45000076293945,60.72999954223633,59.220001220703125,60.56999969482422,2806000,DF,2006-04-03 to 2013-05-24
2013-05-10 00:00:00+00:00,37.2158203125,59.75,59.790000915527344,59.220001220703125,59.439998626708984,1724900,DF,2006-04-03 to 2013-05-24
2013-05-13 00:00:00+00:00,37.17844772338867,59.689998626708984,59.939998626708984,59.22999954223633,59.599998474121094,1711400,DF,2006-04-03 to 2013-05-24
2013-05-14 00:00:00+00:00,37.65805435180664,60.459999084472656,60.59000015258789,59.709999084472656,59.77000045776367,2328700,DF,2006-04-03 to 2013-05-24
2013-05-15 00:00:00+00:00,37.78260803222656,60.65999984741211,61.0,60.11000061035156,60.2599983215332,2092000,DF,2006-04-03 to 2013-05-24
2013-05-16 00:00:00+00:00,37.60822296142578,60.380001068115234,60.779998779296875,60.279998779296875,60.560001373291016,1650500,DF,2006-04-03 to 2013-05-24
2013-05-17 00:00:00+00:00,38.10027313232422,61.16999816894531,61.220001220703125,60.4900016784668,60.529998779296875,2057700,DF,2006-04-03 to 2013-05-24
2013-05-20 00:00:00+00:00,37.83867645263672,60.75,61.20000076293945,60.529998779296875,61.150001525878906,1371900,DF,2006-04-03 to 2013-05-24
2013-05-21 00:00:00+00:00,37.80130386352539,60.689998626708984,61.08000183105469,60.380001068115234,60.7400016784668,1587900,DF,2006-04-03 to 2013-05-24
2013-05-22 00:00:00+00:00,36.910606384277344,59.2599983215332,60.619998931884766,59.0099983215332,60.560001373291016,3058200,DF,2006-04-03 to 2013-05-24
2013-05-23 00:00:00+00:00,36.717533111572266,58.95000076293945,59.2599983215332,57.56999969482422,58.630001068115234,7343600,DF,2006-04-03 to 2013-05-24
