Price,Adj Close,Close,High,Low,Open,Volume,Ticker,Time Frame
Ticker,M,M,M,M,M,M,,
Date,,,,,,,,
1996-07-19 00:00:00+00:00,8.480541229248047,15.4375,15.625,15.3125,15.5625,2421200,MTG,1996-07-19 to 2008-10-31
1996-07-22 00:00:00+00:00,8.343208312988281,15.1875,15.5,15.1875,15.5,1572800,MTG,1996-07-19 to 2008-10-31
1996-07-23 00:00:00+00:00,8.24020004272461,15.0,15.3125,14.8125,15.25,1824400,MTG,1996-07-19 to 2008-10-31
1996-07-24 00:00:00+00:00,8.137199401855469,14.8125,15.0625,14.6875,14.875,1837600,MTG,1996-07-19 to 2008-10-31
1996-07-25 00:00:00+00:00,8.2745361328125,15.0625,15.0625,14.9375,15.0,1175200,MTG,1996-07-19 to 2008-10-31
1996-07-26 00:00:00+00:00,8.24020004272461,15.0,15.125,14.9375,15.0625,1280800,MTG,1996-07-19 to 2008-10-31
1996-07-29 00:00:00+00:00,8.24020004272461,15.0,15.3125,15.0,15.0,1222200,MTG,1996-07-19 to 2008-10-31
1996-07-30 00:00:00+00:00,8.343208312988281,15.1875,15.3125,15.0,15.3125,777800,MTG,1996-07-19 to 2008-10-31
1996-07-31 00:00:00+00:00,8.308874130249023,15.125,15.25,14.875,15.1875,1096000,MTG,1996-07-19 to 2008-10-31
1996-08-01 00:00:00+00:00,8.411871910095215,15.3125,15.5625,15.1875,15.1875,1487000,MTG,1996-07-19 to 2008-10-31
1996-08-02 00:00:00+00:00,8.789549827575684,16.0,16.0,15.5,15.5625,2104800,MTG,1996-07-19 to 2008-10-31
1996-08-05 00:00:00+00:00,8.755216598510742,15.9375,16.0625,15.8125,16.0,1787400,MTG,1996-07-19 to 2008-10-31
1996-08-06 00:00:00+00:00,8.652215957641602,15.75,16.0,15.6875,15.9375,913200,MTG,1996-07-19 to 2008-10-31
1996-08-07 00:00:00+00:00,8.617879867553711,15.6875,15.8125,15.5625,15.8125,1524600,MTG,1996-07-19 to 2008-10-31
1996-08-08 00:00:00+00:00,8.789549827575684,16.0,16.3125,15.6875,15.6875,2677200,MTG,1996-07-19 to 2008-10-31
1996-08-09 00:00:00+00:00,8.961222648620605,16.3125,16.4375,16.1875,16.25,3145200,MTG,1996-07-19 to 2008-10-31
1996-08-12 00:00:00+00:00,9.064223289489746,16.5,16.5625,16.25,16.5,1443600,MTG,1996-07-19 to 2008-10-31
1996-08-13 00:00:00+00:00,9.029884338378906,16.4375,16.5,16.3125,16.375,1748800,MTG,1996-07-19 to 2008-10-31
1996-08-14 00:00:00+00:00,9.270227432250977,16.875,17.0,16.625,16.625,3555400,MTG,1996-07-19 to 2008-10-31
1996-08-15 00:00:00+00:00,9.407567024230957,17.125,17.1875,16.875,16.9375,2343400,MTG,1996-07-19 to 2008-10-31
1996-08-16 00:00:00+00:00,9.544902801513672,17.375,17.4375,17.125,17.125,1614800,MTG,1996-07-19 to 2008-10-31
1996-08-19 00:00:00+00:00,9.510567665100098,17.3125,17.375,17.1875,17.3125,1131600,MTG,1996-07-19 to 2008-10-31
1996-08-20 00:00:00+00:00,9.510567665100098,17.3125,17.4375,17.3125,17.375,1280800,MTG,1996-07-19 to 2008-10-31
1996-08-21 00:00:00+00:00,9.613568305969238,17.5,17.5,17.1875,17.3125,2886400,MTG,1996-07-19 to 2008-10-31
1996-08-22 00:00:00+00:00,9.579235076904297,17.4375,17.5,17.375,17.4375,1162000,MTG,1996-07-19 to 2008-10-31
1996-08-23 00:00:00+00:00,9.44189739227295,17.1875,17.4375,17.125,17.3125,471800,MTG,1996-07-19 to 2008-10-31
1996-08-26 00:00:00+00:00,9.304558753967285,16.9375,17.25,16.875,17.25,1184800,MTG,1996-07-19 to 2008-10-31
1996-08-27 00:00:00+00:00,9.44189739227295,17.1875,17.1875,16.875,17.0625,860000,MTG,1996-07-19 to 2008-10-31
1996-08-28 00:00:00+00:00,9.64790153503418,17.5625,17.5625,17.25,17.25,1514000,MTG,1996-07-19 to 2008-10-31
1996-08-29 00:00:00+00:00,9.544902801513672,17.375,17.6875,17.3125,17.4375,1570800,MTG,1996-07-19 to 2008-10-31
1996-08-30 00:00:00+00:00,9.510567665100098,17.3125,17.5,17.0625,17.5,649000,MTG,1996-07-19 to 2008-10-31
1996-09-03 00:00:00+00:00,9.338897705078125,17.0,17.0625,16.6875,17.0,1530600,MTG,1996-07-19 to 2008-10-31
1996-09-04 00:00:00+00:00,9.407567024230957,17.125,17.125,16.75,16.875,1804600,MTG,1996-07-19 to 2008-10-31
1996-09-05 00:00:00+00:00,9.029884338378906,16.4375,17.0,16.375,17.0,1624800,MTG,1996-07-19 to 2008-10-31
1996-09-06 00:00:00+00:00,9.029884338378906,16.4375,16.75,16.3125,16.5,2502000,MTG,1996-07-19 to 2008-10-31
1996-09-09 00:00:00+00:00,9.132890701293945,16.625,16.8125,16.5,16.5,1966800,MTG,1996-07-19 to 2008-10-31
1996-09-10 00:00:00+00:00,9.132890701293945,16.625,16.8125,16.5625,16.6875,4055200,MTG,1996-07-19 to 2008-10-31
1996-09-11 00:00:00+00:00,9.373229026794434,17.0625,17.0625,16.3125,16.5,2687600,MTG,1996-07-19 to 2008-10-31
1996-09-12 00:00:00+00:00,9.64790153503418,17.5625,17.5625,17.1875,17.375,1110800,MTG,1996-07-19 to 2008-10-31
1996-09-13 00:00:00+00:00,9.544902801513672,17.375,18.0625,17.375,18.0625,2906800,MTG,1996-07-19 to 2008-10-31
1996-09-16 00:00:00+00:00,9.544902801513672,17.375,17.5625,17.375,17.5,2251600,MTG,1996-07-19 to 2008-10-31
1996-09-17 00:00:00+00:00,9.373229026794434,17.0625,17.375,16.9375,17.375,1727200,MTG,1996-07-19 to 2008-10-31
1996-09-18 00:00:00+00:00,9.270227432250977,16.875,17.25,16.875,17.0625,1380200,MTG,1996-07-19 to 2008-10-31
1996-09-19 00:00:00+00:00,9.373229026794434,17.0625,17.0625,16.625,16.625,1999600,MTG,1996-07-19 to 2008-10-31
1996-09-20 00:00:00+00:00,9.270227432250977,16.875,17.1875,16.8125,17.1875,1925200,MTG,1996-07-19 to 2008-10-31
1996-09-23 00:00:00+00:00,9.304558753967285,16.9375,17.0,16.8125,16.9375,1259000,MTG,1996-07-19 to 2008-10-31
1996-09-24 00:00:00+00:00,9.47623062133789,17.25,17.4375,16.9375,16.9375,2224200,MTG,1996-07-19 to 2008-10-31
1996-09-25 00:00:00+00:00,9.304558753967285,16.9375,17.4375,16.9375,17.3125,2378000,MTG,1996-07-19 to 2008-10-31
1996-09-26 00:00:00+00:00,9.201560974121094,16.75,16.9375,16.6875,16.9375,1423000,MTG,1996-07-19 to 2008-10-31
1996-09-27 00:00:00+00:00,9.064223289489746,16.5,16.75,16.4375,16.75,1288400,MTG,1996-07-19 to 2008-10-31
1996-09-30 00:00:00+00:00,9.201560974121094,16.75,16.9375,16.3125,16.5,2772400,MTG,1996-07-19 to 2008-10-31
1996-10-01 00:00:00+00:00,9.167224884033203,16.6875,16.875,16.5,16.8125,2747600,MTG,1996-07-19 to 2008-10-31
1996-10-02 00:00:00+00:00,9.132890701293945,16.625,16.8125,16.5625,16.75,1368400,MTG,1996-07-19 to 2008-10-31
1996-10-03 00:00:00+00:00,9.064223289489746,16.5,16.625,16.3125,16.625,1698400,MTG,1996-07-19 to 2008-10-31
1996-10-04 00:00:00+00:00,9.235895156860352,16.8125,17.0,16.5625,16.5625,1781800,MTG,1996-07-19 to 2008-10-31
1996-10-07 00:00:00+00:00,9.373229026794434,17.0625,17.3125,16.875,16.875,2848400,MTG,1996-07-19 to 2008-10-31
1996-10-08 00:00:00+00:00,9.201560974121094,16.75,17.125,16.625,17.125,2472200,MTG,1996-07-19 to 2008-10-31
1996-10-09 00:00:00+00:00,9.029884338378906,16.4375,16.9375,16.375,16.875,1922400,MTG,1996-07-19 to 2008-10-31
1996-10-10 00:00:00+00:00,9.098554611206055,16.5625,16.8125,16.4375,16.4375,1879400,MTG,1996-07-19 to 2008-10-31
1996-10-11 00:00:00+00:00,9.098554611206055,16.5625,16.625,16.5,16.625,2265200,MTG,1996-07-19 to 2008-10-31
1996-10-14 00:00:00+00:00,8.961222648620605,16.3125,16.6875,16.25,16.6875,1527600,MTG,1996-07-19 to 2008-10-31
1996-10-15 00:00:00+00:00,8.926885604858398,16.25,16.5625,16.125,16.4375,2582600,MTG,1996-07-19 to 2008-10-31
1996-10-16 00:00:00+00:00,9.098554611206055,16.5625,16.75,16.25,16.3125,2440800,MTG,1996-07-19 to 2008-10-31
1996-10-17 00:00:00+00:00,9.407567024230957,17.125,17.1875,16.5,16.6875,3738200,MTG,1996-07-19 to 2008-10-31
1996-10-18 00:00:00+00:00,9.544902801513672,17.375,17.5,17.1875,17.375,2509400,MTG,1996-07-19 to 2008-10-31
1996-10-21 00:00:00+00:00,9.407567024230957,17.125,17.4375,17.0,17.375,993200,MTG,1996-07-19 to 2008-10-31
1996-10-22 00:00:00+00:00,9.270227432250977,16.875,17.25,16.8125,17.25,1154000,MTG,1996-07-19 to 2008-10-31
1996-10-23 00:00:00+00:00,9.201560974121094,16.75,16.8125,16.625,16.8125,1196000,MTG,1996-07-19 to 2008-10-31
1996-10-24 00:00:00+00:00,9.47623062133789,17.25,17.3125,16.8125,16.8125,946000,MTG,1996-07-19 to 2008-10-31
1996-10-25 00:00:00+00:00,9.510567665100098,17.3125,17.5,17.1875,17.1875,1313200,MTG,1996-07-19 to 2008-10-31
1996-10-28 00:00:00+00:00,9.407567024230957,17.125,17.5625,17.0625,17.4375,902600,MTG,1996-07-19 to 2008-10-31
1996-10-29 00:00:00+00:00,9.201560974121094,16.75,17.1875,16.6875,17.1875,1377800,MTG,1996-07-19 to 2008-10-31
1996-10-30 00:00:00+00:00,8.89255142211914,16.1875,16.625,16.0625,16.625,3597400,MTG,1996-07-19 to 2008-10-31
1996-10-31 00:00:00+00:00,9.064223289489746,16.5,16.6875,16.375,16.4375,1752200,MTG,1996-07-19 to 2008-10-31
1996-11-01 00:00:00+00:00,8.926885604858398,16.25,16.6875,16.1875,16.5625,2391600,MTG,1996-07-19 to 2008-10-31
1996-11-04 00:00:00+00:00,8.755216598510742,15.9375,16.25,15.9375,16.25,3113200,MTG,1996-07-19 to 2008-10-31
1996-11-05 00:00:00+00:00,9.098554611206055,16.5625,16.5625,16.0,16.0,3292200,MTG,1996-07-19 to 2008-10-31
1996-11-06 00:00:00+00:00,9.167224884033203,16.6875,17.03125,16.3125,16.5,2155400,MTG,1996-07-19 to 2008-10-31
1996-11-07 00:00:00+00:00,9.304558753967285,16.9375,17.0,16.625,16.75,5559800,MTG,1996-07-19 to 2008-10-31
1996-11-08 00:00:00+00:00,9.613568305969238,17.5,17.5625,16.9375,17.0,2813400,MTG,1996-07-19 to 2008-10-31
1996-11-11 00:00:00+00:00,9.888239860534668,18.0,18.0,17.625,17.75,2339400,MTG,1996-07-19 to 2008-10-31
1996-11-12 00:00:00+00:00,9.819570541381836,17.875,18.25,17.8125,18.0,2363000,MTG,1996-07-19 to 2008-10-31
1996-11-13 00:00:00+00:00,9.510567665100098,17.3125,17.6875,17.125,17.6875,4240800,MTG,1996-07-19 to 2008-10-31
1996-11-14 00:00:00+00:00,9.029884338378906,16.4375,17.125,16.25,16.8125,7190200,MTG,1996-07-19 to 2008-10-31
1996-11-15 00:00:00+00:00,9.132890701293945,16.625,16.875,16.5,16.625,3180000,MTG,1996-07-19 to 2008-10-31
1996-11-18 00:00:00+00:00,8.995556831359863,16.375,16.75,16.375,16.75,1549400,MTG,1996-07-19 to 2008-10-31
1996-11-19 00:00:00+00:00,9.064223289489746,16.5,16.6875,16.3125,16.625,1483200,MTG,1996-07-19 to 2008-10-31
1996-11-20 00:00:00+00:00,9.098554611206055,16.5625,16.6875,16.5,16.5,1895600,MTG,1996-07-19 to 2008-10-31
1996-11-21 00:00:00+00:00,9.077096939086914,16.5234375,16.6875,16.4375,16.6875,2069400,MTG,1996-07-19 to 2008-10-31
1996-11-22 00:00:00+00:00,9.270227432250977,16.875,16.875,16.4375,16.5,2495600,MTG,1996-07-19 to 2008-10-31
1996-11-25 00:00:00+00:00,9.373229026794434,17.0625,17.0625,16.375,16.9375,1920000,MTG,1996-07-19 to 2008-10-31
1996-11-26 00:00:00+00:00,9.544902801513672,17.375,17.375,16.9375,17.0,3162200,MTG,1996-07-19 to 2008-10-31
1996-11-27 00:00:00+00:00,9.304558753967285,16.9375,17.5,16.9375,17.375,1210600,MTG,1996-07-19 to 2008-10-31
1996-11-29 00:00:00+00:00,9.373229026794434,17.0625,17.125,17.0,17.125,490000,MTG,1996-07-19 to 2008-10-31
1996-12-02 00:00:00+00:00,9.819570541381836,17.875,17.875,17.3125,17.5,2405400,MTG,1996-07-19 to 2008-10-31
1996-12-03 00:00:00+00:00,9.956912994384766,18.125,18.25,17.875,17.9375,2224400,MTG,1996-07-19 to 2008-10-31
1996-12-04 00:00:00+00:00,9.87536907196045,17.9765625,18.125,17.8125,18.0625,1702200,MTG,1996-07-19 to 2008-10-31
1996-12-05 00:00:00+00:00,9.750909805297852,17.75,18.5,17.625,18.25,3099200,MTG,1996-07-19 to 2008-10-31
1996-12-06 00:00:00+00:00,9.613568305969238,17.5,17.6875,17.125,17.5,1494400,MTG,1996-07-19 to 2008-10-31
1996-12-09 00:00:00+00:00,9.579235076904297,17.4375,17.6875,17.3125,17.6875,1647800,MTG,1996-07-19 to 2008-10-31
1996-12-10 00:00:00+00:00,9.338897705078125,17.0,17.4375,16.9375,17.4375,4259000,MTG,1996-07-19 to 2008-10-31
1996-12-11 00:00:00+00:00,9.167224884033203,16.6875,16.875,16.625,16.6875,1815800,MTG,1996-07-19 to 2008-10-31
1996-12-12 00:00:00+00:00,9.167224884033203,16.6875,16.8125,16.5,16.75,3394800,MTG,1996-07-19 to 2008-10-31
1996-12-13 00:00:00+00:00,8.995556831359863,16.375,16.625,16.375,16.375,3834800,MTG,1996-07-19 to 2008-10-31
1996-12-16 00:00:00+00:00,8.789549827575684,16.0,16.5,16.0,16.375,2312600,MTG,1996-07-19 to 2008-10-31
1996-12-17 00:00:00+00:00,8.789549827575684,16.0,16.25,15.75,16.0625,3765200,MTG,1996-07-19 to 2008-10-31
1996-12-18 00:00:00+00:00,8.926885604858398,16.25,16.5625,16.0625,16.0625,3282600,MTG,1996-07-19 to 2008-10-31
1996-12-19 00:00:00+00:00,9.201560974121094,16.75,16.875,16.3125,16.3125,2351600,MTG,1996-07-19 to 2008-10-31
1996-12-20 00:00:00+00:00,9.270227432250977,16.875,17.3125,16.875,17.3125,3727400,MTG,1996-07-19 to 2008-10-31
1996-12-23 00:00:00+00:00,9.270227432250977,16.875,17.0,16.5625,16.5625,1634200,MTG,1996-07-19 to 2008-10-31
1996-12-24 00:00:00+00:00,9.338897705078125,17.0,17.0625,16.9375,17.0,816400,MTG,1996-07-19 to 2008-10-31
1996-12-26 00:00:00+00:00,9.235895156860352,16.8125,17.1875,16.75,16.9375,1179200,MTG,1996-07-19 to 2008-10-31
1996-12-27 00:00:00+00:00,9.270227432250977,16.875,16.9375,16.625,16.75,952600,MTG,1996-07-19 to 2008-10-31
1996-12-30 00:00:00+00:00,9.44189739227295,17.1875,17.25,16.75,16.9375,1503200,MTG,1996-07-19 to 2008-10-31
1996-12-31 00:00:00+00:00,9.373229026794434,17.0625,17.1875,17.0625,17.1875,1637400,MTG,1996-07-19 to 2008-10-31
1997-01-02 00:00:00+00:00,9.235895156860352,16.8125,16.9375,16.5,16.875,1604000,MTG,1996-07-19 to 2008-10-31
1997-01-03 00:00:00+00:00,9.167224884033203,16.6875,16.875,16.5,16.8125,1883800,MTG,1996-07-19 to 2008-10-31
1997-01-06 00:00:00+00:00,8.961222648620605,16.3125,16.625,16.25,16.5625,3056800,MTG,1996-07-19 to 2008-10-31
1997-01-07 00:00:00+00:00,8.961222648620605,16.3125,16.3125,16.0,16.125,3968600,MTG,1996-07-19 to 2008-10-31
1997-01-08 00:00:00+00:00,8.823883056640625,16.0625,16.5,16.0,16.3125,1902200,MTG,1996-07-19 to 2008-10-31
1997-01-09 00:00:00+00:00,8.720882415771484,15.875,16.0625,15.8125,16.0625,2898000,MTG,1996-07-19 to 2008-10-31
1997-01-10 00:00:00+00:00,8.617879867553711,15.6875,15.875,15.5625,15.5625,3400800,MTG,1996-07-19 to 2008-10-31
1997-01-13 00:00:00+00:00,8.686545372009277,15.8125,16.0625,15.75,15.875,2167000,MTG,1996-07-19 to 2008-10-31
1997-01-14 00:00:00+00:00,8.514876365661621,15.5,16.0625,15.375,15.875,2922600,MTG,1996-07-19 to 2008-10-31
1997-01-15 00:00:00+00:00,8.686545372009277,15.8125,15.875,15.5,15.5,3859000,MTG,1996-07-19 to 2008-10-31
1997-01-16 00:00:00+00:00,8.514876365661621,15.5,15.875,15.4375,15.8125,3853800,MTG,1996-07-19 to 2008-10-31
1997-01-17 00:00:00+00:00,8.37753677368164,15.25,15.625,15.0,15.5,8139400,MTG,1996-07-19 to 2008-10-31
1997-01-20 00:00:00+00:00,8.480541229248047,15.4375,15.6875,15.1875,15.4375,4505800,MTG,1996-07-19 to 2008-10-31
1997-01-21 00:00:00+00:00,8.686545372009277,15.8125,15.9375,15.375,15.5,3839400,MTG,1996-07-19 to 2008-10-31
1997-01-22 00:00:00+00:00,8.720882415771484,15.875,16.0625,15.6875,15.75,2428800,MTG,1996-07-19 to 2008-10-31
1997-01-23 00:00:00+00:00,8.480541229248047,15.4375,15.9375,15.25,15.8125,6756600,MTG,1996-07-19 to 2008-10-31
1997-01-24 00:00:00+00:00,8.514876365661621,15.5,15.5625,15.25,15.5,4394200,MTG,1996-07-19 to 2008-10-31
1997-01-27 00:00:00+00:00,8.308874130249023,15.125,15.5,15.125,15.5,1981200,MTG,1996-07-19 to 2008-10-31
1997-01-28 00:00:00+00:00,8.308874130249023,15.125,15.5625,15.125,15.375,4991400,MTG,1996-07-19 to 2008-10-31
1997-01-29 00:00:00+00:00,8.686545372009277,15.8125,15.9375,15.25,15.25,4390800,MTG,1996-07-19 to 2008-10-31
1997-01-30 00:00:00+00:00,8.823883056640625,16.0625,16.3125,15.875,15.9375,5201200,MTG,1996-07-19 to 2008-10-31
1997-01-31 00:00:00+00:00,9.029884338378906,16.4375,16.5,16.1875,16.1875,5203600,MTG,1996-07-19 to 2008-10-31
1997-02-03 00:00:00+00:00,9.132890701293945,16.625,16.625,16.1875,16.4375,3682400,MTG,1996-07-19 to 2008-10-31
1997-02-04 00:00:00+00:00,9.029884338378906,16.4375,16.6875,16.3125,16.5625,2380600,MTG,1996-07-19 to 2008-10-31
1997-02-05 00:00:00+00:00,9.132890701293945,16.625,16.75,16.5,16.5,2579200,MTG,1996-07-19 to 2008-10-31
1997-02-06 00:00:00+00:00,9.270227432250977,16.875,16.9375,16.625,16.75,3308000,MTG,1996-07-19 to 2008-10-31
1997-02-07 00:00:00+00:00,9.304558753967285,16.9375,17.0625,16.6875,17.0625,1471200,MTG,1996-07-19 to 2008-10-31
1997-02-10 00:00:00+00:00,9.407567024230957,17.125,17.3125,16.875,16.875,3185200,MTG,1996-07-19 to 2008-10-31
1997-02-11 00:00:00+00:00,9.510567665100098,17.3125,17.34375,17.0625,17.0625,2114000,MTG,1996-07-19 to 2008-10-31
1997-02-12 00:00:00+00:00,9.613568305969238,17.5,17.5,17.1875,17.3125,1778000,MTG,1996-07-19 to 2008-10-31
1997-02-13 00:00:00+00:00,9.613568305969238,17.5,17.5625,17.25,17.5,2483200,MTG,1996-07-19 to 2008-10-31
1997-02-14 00:00:00+00:00,9.613568305969238,17.5,17.5625,17.375,17.4375,1648800,MTG,1996-07-19 to 2008-10-31
1997-02-18 00:00:00+00:00,9.64790153503418,17.5625,17.625,17.3125,17.5,3265400,MTG,1996-07-19 to 2008-10-31
1997-02-19 00:00:00+00:00,9.44189739227295,17.1875,17.5625,17.1875,17.5,3056600,MTG,1996-07-19 to 2008-10-31
1997-02-20 00:00:00+00:00,9.373229026794434,17.0625,17.3125,17.0625,17.125,3789200,MTG,1996-07-19 to 2008-10-31
1997-02-21 00:00:00+00:00,9.373229026794434,17.0625,17.3125,17.0625,17.125,2860800,MTG,1996-07-19 to 2008-10-31
1997-02-24 00:00:00+00:00,9.407567024230957,17.125,17.1875,16.9375,17.0625,1113600,MTG,1996-07-19 to 2008-10-31
1997-02-25 00:00:00+00:00,9.682236671447754,17.625,17.6875,17.0625,17.125,2919400,MTG,1996-07-19 to 2008-10-31
1997-02-26 00:00:00+00:00,9.613568305969238,17.5,17.6875,17.25,17.625,1625800,MTG,1996-07-19 to 2008-10-31
1997-02-27 00:00:00+00:00,9.579235076904297,17.4375,17.5,17.375,17.4375,900800,MTG,1996-07-19 to 2008-10-31
1997-02-28 00:00:00+00:00,9.544902801513672,17.375,17.4375,17.1875,17.3125,1011600,MTG,1996-07-19 to 2008-10-31
1997-03-03 00:00:00+00:00,9.64790153503418,17.5625,17.5625,17.25,17.375,1317200,MTG,1996-07-19 to 2008-10-31
1997-03-04 00:00:00+00:00,9.750909805297852,17.75,18.0625,17.75,17.8125,4900800,MTG,1996-07-19 to 2008-10-31
1997-03-05 00:00:00+00:00,9.85390853881836,17.9375,18.0625,17.875,17.9375,5723200,MTG,1996-07-19 to 2008-10-31
1997-03-06 00:00:00+00:00,9.888239860534668,18.0,18.0625,17.8125,17.9375,2856600,MTG,1996-07-19 to 2008-10-31
1997-03-07 00:00:00+00:00,9.750909805297852,17.75,18.0,17.6875,18.0,1974400,MTG,1996-07-19 to 2008-10-31
1997-03-10 00:00:00+00:00,9.85390853881836,17.9375,18.0625,17.75,17.8125,1585400,MTG,1996-07-19 to 2008-10-31
1997-03-11 00:00:00+00:00,10.16291332244873,18.5,18.5,17.8125,17.8125,3271600,MTG,1996-07-19 to 2008-10-31
1997-03-12 00:00:00+00:00,10.094243049621582,18.375,18.8125,18.375,18.375,4058200,MTG,1996-07-19 to 2008-10-31
1997-03-13 00:00:00+00:00,10.025581359863281,18.25,18.6875,18.25,18.4375,2975400,MTG,1996-07-19 to 2008-10-31
1997-03-14 00:00:00+00:00,10.16291332244873,18.5,18.5625,18.3125,18.375,2713800,MTG,1996-07-19 to 2008-10-31
1997-03-17 00:00:00+00:00,10.16291332244873,18.5,18.6875,18.25,18.25,3435200,MTG,1996-07-19 to 2008-10-31
1997-03-18 00:00:00+00:00,10.094243049621582,18.375,18.5625,18.3125,18.4375,2856200,MTG,1996-07-19 to 2008-10-31
1997-03-19 00:00:00+00:00,10.403257369995117,18.9375,19.0,18.3125,18.3125,3669600,MTG,1996-07-19 to 2008-10-31
1997-03-20 00:00:00+00:00,10.403257369995117,18.9375,19.125,18.8125,19.0,5199800,MTG,1996-07-19 to 2008-10-31
1997-03-21 00:00:00+00:00,10.197249412536621,18.5625,18.9375,18.4375,18.9375,2178000,MTG,1996-07-19 to 2008-10-31
1997-03-24 00:00:00+00:00,10.094243049621582,18.375,18.5,18.28125,18.5,3399000,MTG,1996-07-19 to 2008-10-31
1997-03-25 00:00:00+00:00,9.85390853881836,17.9375,18.4375,17.875,18.3125,2382600,MTG,1996-07-19 to 2008-10-31
1997-03-26 00:00:00+00:00,9.682236671447754,17.625,18.0,17.375,18.0,3604800,MTG,1996-07-19 to 2008-10-31
1997-03-27 00:00:00+00:00,9.44189739227295,17.1875,17.75,17.1875,17.625,1826200,MTG,1996-07-19 to 2008-10-31
1997-03-31 00:00:00+00:00,9.098554611206055,16.5625,17.375,16.4375,17.375,2698000,MTG,1996-07-19 to 2008-10-31
1997-04-01 00:00:00+00:00,9.338897705078125,17.0,17.0625,16.625,16.75,3178200,MTG,1996-07-19 to 2008-10-31
1997-04-02 00:00:00+00:00,9.304558753967285,16.9375,17.1875,16.875,16.9375,1804200,MTG,1996-07-19 to 2008-10-31
1997-04-03 00:00:00+00:00,9.098554611206055,16.5625,17.0,16.4375,16.875,2352400,MTG,1996-07-19 to 2008-10-31
1997-04-04 00:00:00+00:00,9.201560974121094,16.75,16.875,16.5,16.5,1129600,MTG,1996-07-19 to 2008-10-31
1997-04-07 00:00:00+00:00,9.304558753967285,16.9375,17.09375,16.875,17.0625,2333000,MTG,1996-07-19 to 2008-10-31
1997-04-08 00:00:00+00:00,9.544902801513672,17.375,17.5,16.9375,16.9375,2344200,MTG,1996-07-19 to 2008-10-31
1997-04-09 00:00:00+00:00,9.510567665100098,17.3125,17.5,17.25,17.3125,1106200,MTG,1996-07-19 to 2008-10-31
1997-04-10 00:00:00+00:00,9.304558753967285,16.9375,17.3125,16.875,17.25,1753000,MTG,1996-07-19 to 2008-10-31
1997-04-11 00:00:00+00:00,9.064223289489746,16.5,16.875,16.4375,16.8125,1527000,MTG,1996-07-19 to 2008-10-31
1997-04-14 00:00:00+00:00,9.098554611206055,16.5625,16.6875,16.375,16.625,1081600,MTG,1996-07-19 to 2008-10-31
1997-04-15 00:00:00+00:00,9.201560974121094,16.75,16.75,16.5625,16.5625,2505800,MTG,1996-07-19 to 2008-10-31
1997-04-16 00:00:00+00:00,9.270227432250977,16.875,16.9375,16.5625,16.625,1174400,MTG,1996-07-19 to 2008-10-31
1997-04-17 00:00:00+00:00,9.098554611206055,16.5625,17.0,16.5,16.9375,1630800,MTG,1996-07-19 to 2008-10-31
1997-04-18 00:00:00+00:00,9.270227432250977,16.875,16.875,16.5,16.75,813600,MTG,1996-07-19 to 2008-10-31
1997-04-21 00:00:00+00:00,9.167224884033203,16.6875,16.875,16.5625,16.875,1945400,MTG,1996-07-19 to 2008-10-31
1997-04-22 00:00:00+00:00,9.270227432250977,16.875,17.0,16.5,16.6875,1614000,MTG,1996-07-19 to 2008-10-31
1997-04-23 00:00:00+00:00,9.098554611206055,16.5625,16.75,16.375,16.5,2927000,MTG,1996-07-19 to 2008-10-31
1997-04-24 00:00:00+00:00,8.995556831359863,16.375,16.6875,16.375,16.625,3120400,MTG,1996-07-19 to 2008-10-31
1997-04-25 00:00:00+00:00,8.926885604858398,16.25,16.4375,16.125,16.4375,1968800,MTG,1996-07-19 to 2008-10-31
1997-04-28 00:00:00+00:00,8.686545372009277,15.8125,16.25,15.8125,16.25,3250200,MTG,1996-07-19 to 2008-10-31
1997-04-29 00:00:00+00:00,9.235895156860352,16.8125,16.8125,16.1875,16.3125,2031200,MTG,1996-07-19 to 2008-10-31
1997-04-30 00:00:00+00:00,9.338897705078125,17.0,17.375,16.625,16.8125,2045000,MTG,1996-07-19 to 2008-10-31
1997-05-01 00:00:00+00:00,9.235895156860352,16.8125,17.1875,16.625,17.125,1312000,MTG,1996-07-19 to 2008-10-31
1997-05-02 00:00:00+00:00,9.47623062133789,17.25,17.5,16.875,16.875,1573800,MTG,1996-07-19 to 2008-10-31
1997-05-05 00:00:00+00:00,9.819570541381836,17.875,17.9375,17.375,17.5,2601200,MTG,1996-07-19 to 2008-10-31
1997-05-06 00:00:00+00:00,9.64790153503418,17.5625,18.125,17.5625,17.875,2194800,MTG,1996-07-19 to 2008-10-31
1997-05-07 00:00:00+00:00,9.613568305969238,17.5,17.75,17.4375,17.5625,1376800,MTG,1996-07-19 to 2008-10-31
1997-05-08 00:00:00+00:00,9.785242080688477,17.8125,18.0625,17.5,17.5,1306000,MTG,1996-07-19 to 2008-10-31
1997-05-09 00:00:00+00:00,9.716575622558594,17.6875,18.0625,17.375,17.9375,2298000,MTG,1996-07-19 to 2008-10-31
1997-05-12 00:00:00+00:00,9.922577857971191,18.0625,18.1875,17.71875,17.71875,1687000,MTG,1996-07-19 to 2008-10-31
1997-05-13 00:00:00+00:00,10.094243049621582,18.375,18.4375,18.1875,18.25,2517200,MTG,1996-07-19 to 2008-10-31
1997-05-14 00:00:00+00:00,10.643595695495605,19.375,19.5,18.75,19.125,5904400,MTG,1996-07-19 to 2008-10-31
1997-05-15 00:00:00+00:00,10.506254196166992,19.125,19.25,19.0,19.25,1777600,MTG,1996-07-19 to 2008-10-31
1997-05-16 00:00:00+00:00,10.334587097167969,18.8125,18.9375,18.8125,18.9375,1702800,MTG,1996-07-19 to 2008-10-31
1997-05-19 00:00:00+00:00,10.712263107299805,19.5,19.5625,18.8125,18.8125,2226200,MTG,1996-07-19 to 2008-10-31
1997-05-20 00:00:00+00:00,10.609260559082031,19.3125,19.5625,19.1875,19.5625,1884000,MTG,1996-07-19 to 2008-10-31
1997-05-21 00:00:00+00:00,10.368925094604492,18.875,19.3125,18.8125,19.1875,2162200,MTG,1996-07-19 to 2008-10-31
1997-05-22 00:00:00+00:00,10.334587097167969,18.8125,19.125,18.75,19.0,2201800,MTG,1996-07-19 to 2008-10-31
1997-05-23 00:00:00+00:00,10.231584548950195,18.625,18.8125,18.375,18.75,1730000,MTG,1996-07-19 to 2008-10-31
1997-05-27 00:00:00+00:00,10.16291332244873,18.5,18.8125,18.125,18.3125,1503600,MTG,1996-07-19 to 2008-10-31
1997-05-28 00:00:00+00:00,10.128582954406738,18.4375,18.875,18.375,18.5,2239000,MTG,1996-07-19 to 2008-10-31
1997-05-29 00:00:00+00:00,10.05991268157959,18.3125,18.4375,18.125,18.3125,1700000,MTG,1996-07-19 to 2008-10-31
1997-05-30 00:00:00+00:00,10.16291332244873,18.5,18.625,17.8125,17.875,2264200,MTG,1996-07-19 to 2008-10-31
1997-06-02 00:00:00+00:00,10.197249412536621,18.5625,18.75,18.5,18.6875,2888200,MTG,1996-07-19 to 2008-10-31
1997-06-03 00:00:00+00:00,10.16291332244873,18.5,18.75,18.375,18.375,1693000,MTG,1996-07-19 to 2008-10-31
1997-06-04 00:00:00+00:00,9.922577857971191,18.0625,18.625,18.0,18.5,2096800,MTG,1996-07-19 to 2008-10-31
1997-06-05 00:00:00+00:00,9.922577857971191,18.0625,18.375,18.0625,18.375,1469200,MTG,1996-07-19 to 2008-10-31
1997-06-06 00:00:00+00:00,9.991244316101074,18.1875,18.3125,18.0625,18.0625,979600,MTG,1996-07-19 to 2008-10-31
1997-06-09 00:00:00+00:00,9.956912994384766,18.125,18.375,18.125,18.25,1115600,MTG,1996-07-19 to 2008-10-31
1997-06-10 00:00:00+00:00,10.094243049621582,18.375,18.6875,18.1875,18.25,2049600,MTG,1996-07-19 to 2008-10-31
1997-06-11 00:00:00+00:00,10.26591968536377,18.6875,18.75,18.375,18.4375,1566800,MTG,1996-07-19 to 2008-10-31
1997-06-12 00:00:00+00:00,10.197249412536621,18.5625,18.8125,18.5,18.8125,1438800,MTG,1996-07-19 to 2008-10-31
1997-06-13 00:00:00+00:00,10.094243049621582,18.375,18.8125,18.375,18.8125,1695400,MTG,1996-07-19 to 2008-10-31
1997-06-16 00:00:00+00:00,10.094243049621582,18.375,18.6875,18.375,18.375,1192600,MTG,1996-07-19 to 2008-10-31
1997-06-17 00:00:00+00:00,10.368925094604492,18.875,18.9375,18.3125,18.375,2040000,MTG,1996-07-19 to 2008-10-31
1997-06-18 00:00:00+00:00,10.128582954406738,18.4375,19.3125,18.375,19.3125,2317000,MTG,1996-07-19 to 2008-10-31
1997-06-19 00:00:00+00:00,10.197249412536621,18.5625,18.75,18.4375,18.5625,1676000,MTG,1996-07-19 to 2008-10-31
1997-06-20 00:00:00+00:00,10.26591968536377,18.6875,18.875,18.5,18.5625,2292200,MTG,1996-07-19 to 2008-10-31
1997-06-23 00:00:00+00:00,9.922577857971191,18.0625,18.75,18.0,18.6875,1554400,MTG,1996-07-19 to 2008-10-31
1997-06-24 00:00:00+00:00,9.888239860534668,18.0,18.3125,18.0,18.25,2604800,MTG,1996-07-19 to 2008-10-31
1997-06-25 00:00:00+00:00,9.510567665100098,17.3125,17.96875,17.3125,17.90625,2997400,MTG,1996-07-19 to 2008-10-31
1997-06-26 00:00:00+00:00,9.613568305969238,17.5,17.71875,17.34375,17.53125,3385400,MTG,1996-07-19 to 2008-10-31
1997-06-27 00:00:00+00:00,9.733739852905273,17.71875,17.84375,17.375,17.6875,2225200,MTG,1996-07-19 to 2008-10-31
1997-06-30 00:00:00+00:00,9.544902801513672,17.375,18.0625,17.375,17.8125,7298200,MTG,1996-07-19 to 2008-10-31
1997-07-01 00:00:00+00:00,9.716575622558594,17.6875,17.75,17.4375,17.625,7200400,MTG,1996-07-19 to 2008-10-31
1997-07-02 00:00:00+00:00,9.64790153503418,17.5625,17.8125,17.5,17.8125,12177600,MTG,1996-07-19 to 2008-10-31
1997-07-03 00:00:00+00:00,9.750909805297852,17.75,18.0,17.75,17.84375,3108600,MTG,1996-07-19 to 2008-10-31
1997-07-07 00:00:00+00:00,9.888239860534668,18.0,18.1875,17.875,17.90625,3666400,MTG,1996-07-19 to 2008-10-31
1997-07-08 00:00:00+00:00,10.077081680297852,18.34375,18.4375,18.25,18.375,3062400,MTG,1996-07-19 to 2008-10-31
1997-07-09 00:00:00+00:00,9.93974781036377,18.09375,18.46875,18.0625,18.46875,3363800,MTG,1996-07-19 to 2008-10-31
1997-07-10 00:00:00+00:00,10.094243049621582,18.375,18.40625,18.0625,18.0625,2499600,MTG,1996-07-19 to 2008-10-31
1997-07-11 00:00:00+00:00,10.042744636535645,18.28125,18.6875,18.28125,18.5,1845800,MTG,1996-07-19 to 2008-10-31
1997-07-14 00:00:00+00:00,10.16291332244873,18.5,18.59375,18.125,18.5,1888000,MTG,1996-07-19 to 2008-10-31
1997-07-15 00:00:00+00:00,10.042744636535645,18.28125,18.5,18.21875,18.5,1591600,MTG,1996-07-19 to 2008-10-31
1997-07-16 00:00:00+00:00,10.16291332244873,18.5,18.59375,18.3125,18.375,1785600,MTG,1996-07-19 to 2008-10-31
1997-07-17 00:00:00+00:00,10.128582954406738,18.4375,18.5625,18.25,18.5,1690000,MTG,1996-07-19 to 2008-10-31
1997-07-18 00:00:00+00:00,10.16291332244873,18.5,18.71875,18.21875,18.46875,1118000,MTG,1996-07-19 to 2008-10-31
1997-07-21 00:00:00+00:00,10.025581359863281,18.25,18.4375,18.125,18.40625,832800,MTG,1996-07-19 to 2008-10-31
1997-07-22 00:00:00+00:00,10.197249412536621,18.5625,18.59375,17.90625,18.28125,8258000,MTG,1996-07-19 to 2008-10-31
1997-07-23 00:00:00+00:00,10.677928924560547,19.4375,19.5,18.71875,18.8125,4261000,MTG,1996-07-19 to 2008-10-31
1997-07-24 00:00:00+00:00,11.107107162475586,20.21875,20.40625,19.59375,19.625,4833600,MTG,1996-07-19 to 2008-10-31
1997-07-25 00:00:00+00:00,11.17578125,20.34375,20.5625,20.21875,20.21875,3268000,MTG,1996-07-19 to 2008-10-31
1997-07-28 00:00:00+00:00,11.124268531799316,20.25,20.5625,20.21875,20.5,2080800,MTG,1996-07-19 to 2008-10-31
1997-07-29 00:00:00+00:00,11.501945495605469,20.9375,20.9375,20.40625,20.40625,2558200,MTG,1996-07-19 to 2008-10-31
1997-07-30 00:00:00+00:00,11.501945495605469,20.9375,20.9375,20.65625,20.9375,3519800,MTG,1996-07-19 to 2008-10-31
1997-07-31 00:00:00+00:00,11.982624053955078,21.8125,22.0625,20.875,20.875,5424600,MTG,1996-07-19 to 2008-10-31
1997-08-01 00:00:00+00:00,12.034131050109863,21.90625,21.90625,21.3125,21.5625,3702400,MTG,1996-07-19 to 2008-10-31
1997-08-04 00:00:00+00:00,11.86246109008789,21.59375,21.84375,21.4375,21.5,1920600,MTG,1996-07-19 to 2008-10-31
1997-08-05 00:00:00+00:00,12.034131050109863,21.90625,22.0,21.4375,21.46875,2897000,MTG,1996-07-19 to 2008-10-31
1997-08-06 00:00:00+00:00,11.879629135131836,21.625,21.875,21.46875,21.6875,4402200,MTG,1996-07-19 to 2008-10-31
1997-08-07 00:00:00+00:00,11.965456008911133,21.78125,21.9375,21.5,21.5625,2977800,MTG,1996-07-19 to 2008-10-31
1997-08-08 00:00:00+00:00,11.913958549499512,21.6875,21.75,21.1875,21.28125,1820200,MTG,1996-07-19 to 2008-10-31
1997-08-11 00:00:00+00:00,11.570616722106934,21.0625,21.65625,21.0,21.59375,2106400,MTG,1996-07-19 to 2008-10-31
1997-08-12 00:00:00+00:00,11.828125953674316,21.53125,21.96875,20.9375,20.9375,2819000,MTG,1996-07-19 to 2008-10-31
1997-08-13 00:00:00+00:00,11.810956954956055,21.5,22.25,20.84375,22.25,5778600,MTG,1996-07-19 to 2008-10-31
1997-08-14 00:00:00+00:00,12.016956329345703,21.875,21.890625,21.25,21.25,2867800,MTG,1996-07-19 to 2008-10-31
1997-08-15 00:00:00+00:00,11.673623085021973,21.25,21.78125,21.25,21.625,1491200,MTG,1996-07-19 to 2008-10-31
1997-08-18 00:00:00+00:00,11.53628158569336,21.0,21.1875,20.875,20.9375,1834000,MTG,1996-07-19 to 2008-10-31
1997-08-19 00:00:00+00:00,11.793787956237793,21.46875,21.46875,20.75,21.1875,2729200,MTG,1996-07-19 to 2008-10-31
1997-08-20 00:00:00+00:00,11.845288276672363,21.5625,21.625,21.25,21.46875,1509200,MTG,1996-07-19 to 2008-10-31
1997-08-21 00:00:00+00:00,11.725123405456543,21.34375,21.6875,21.3125,21.625,1569000,MTG,1996-07-19 to 2008-10-31
1997-08-22 00:00:00+00:00,11.673623085021973,21.25,21.46875,21.03125,21.34375,1036800,MTG,1996-07-19 to 2008-10-31
1997-08-25 00:00:00+00:00,11.6907958984375,21.28125,21.59375,21.09375,21.375,1392600,MTG,1996-07-19 to 2008-10-31
1997-08-26 00:00:00+00:00,11.53628158569336,21.0,21.1875,20.75,21.0625,1819800,MTG,1996-07-19 to 2008-10-31
1997-08-27 00:00:00+00:00,11.70795726776123,21.3125,21.375,20.625,20.875,2004600,MTG,1996-07-19 to 2008-10-31
1997-08-28 00:00:00+00:00,11.484780311584473,20.90625,21.25,20.875,21.25,937600,MTG,1996-07-19 to 2008-10-31
1997-08-29 00:00:00+00:00,11.53628158569336,21.0,21.1875,20.625,20.65625,615400,MTG,1996-07-19 to 2008-10-31
1997-09-02 00:00:00+00:00,11.845288276672363,21.5625,21.640625,21.125,21.125,1751400,MTG,1996-07-19 to 2008-10-31
1997-09-03 00:00:00+00:00,11.913958549499512,21.6875,21.84375,21.59375,21.59375,1282200,MTG,1996-07-19 to 2008-10-31
1997-09-04 00:00:00+00:00,11.810956954956055,21.5,22.03125,21.4375,21.625,3114800,MTG,1996-07-19 to 2008-10-31
1997-09-05 00:00:00+00:00,11.86246109008789,21.59375,21.65625,21.125,21.5,2174800,MTG,1996-07-19 to 2008-10-31
1997-09-08 00:00:00+00:00,11.948294639587402,21.75,21.90625,21.5625,21.71875,1010200,MTG,1996-07-19 to 2008-10-31
1997-09-09 00:00:00+00:00,11.913958549499512,21.6875,21.8125,21.53125,21.8125,1342200,MTG,1996-07-19 to 2008-10-31
1997-09-10 00:00:00+00:00,11.931126594543457,21.71875,21.9375,21.5,21.65625,1011200,MTG,1996-07-19 to 2008-10-31
1997-09-11 00:00:00+00:00,11.759451866149902,21.40625,21.65625,21.25,21.65625,935400,MTG,1996-07-19 to 2008-10-31
1997-09-12 00:00:00+00:00,11.879629135131836,21.625,21.71875,21.1875,21.28125,1245000,MTG,1996-07-19 to 2008-10-31
1997-09-15 00:00:00+00:00,11.8967924118042,21.65625,21.84375,21.53125,21.625,550000,MTG,1996-07-19 to 2008-10-31
1997-09-16 00:00:00+00:00,12.154303550720215,22.125,22.125,21.71875,22.125,2396400,MTG,1996-07-19 to 2008-10-31
1997-09-17 00:00:00+00:00,12.308802604675293,22.40625,22.5,22.125,22.125,1988800,MTG,1996-07-19 to 2008-10-31
1997-09-18 00:00:00+00:00,12.343135833740234,22.46875,22.5625,22.375,22.46875,2833000,MTG,1996-07-19 to 2008-10-31
1997-09-19 00:00:00+00:00,12.394639015197754,22.5625,22.625,22.34375,22.40625,2160400,MTG,1996-07-19 to 2008-10-31
1997-09-22 00:00:00+00:00,12.411802291870117,22.59375,22.6875,22.4375,22.4375,2305200,MTG,1996-07-19 to 2008-10-31
1997-09-23 00:00:00+00:00,12.034131050109863,21.90625,22.5,21.65625,22.4375,1234000,MTG,1996-07-19 to 2008-10-31
1997-09-24 00:00:00+00:00,12.222965240478516,22.25,22.375,21.8125,21.90625,1945000,MTG,1996-07-19 to 2008-10-31
1997-09-25 00:00:00+00:00,11.999797821044922,21.84375,22.1875,21.625,22.1875,948400,MTG,1996-07-19 to 2008-10-31
1997-09-26 00:00:00+00:00,11.913958549499512,21.6875,21.8125,21.5,21.71875,634200,MTG,1996-07-19 to 2008-10-31
1997-09-29 00:00:00+00:00,11.999797821044922,21.84375,21.96875,21.5625,21.625,1110600,MTG,1996-07-19 to 2008-10-31
1997-09-30 00:00:00+00:00,11.845288276672363,21.5625,21.78125,21.25,21.6875,1621400,MTG,1996-07-19 to 2008-10-31
1997-10-01 00:00:00+00:00,11.759451866149902,21.40625,21.71875,21.28125,21.65625,2056000,MTG,1996-07-19 to 2008-10-31
1997-10-02 00:00:00+00:00,11.467616081237793,20.875,21.375,20.75,21.34375,2886600,MTG,1996-07-19 to 2008-10-31
1997-10-03 00:00:00+00:00,11.587788581848145,21.09375,21.5625,21.0,21.0,2245000,MTG,1996-07-19 to 2008-10-31
1997-10-06 00:00:00+00:00,11.62212085723877,21.15625,21.5625,21.15625,21.40625,1362000,MTG,1996-07-19 to 2008-10-31
1997-10-07 00:00:00+00:00,11.501945495605469,20.9375,21.125,20.8125,21.03125,2227800,MTG,1996-07-19 to 2008-10-31
1997-10-08 00:00:00+00:00,11.53628158569336,21.0,21.0,20.59375,20.90625,2367600,MTG,1996-07-19 to 2008-10-31
1997-10-09 00:00:00+00:00,11.845288276672363,21.5625,21.625,20.625,20.625,1982800,MTG,1996-07-19 to 2008-10-31
1997-10-10 00:00:00+00:00,12.137134552001953,22.09375,22.25,21.4375,21.5625,1405400,MTG,1996-07-19 to 2008-10-31
1997-10-13 00:00:00+00:00,12.29163646697998,22.375,22.59375,22.25,22.3125,1334800,MTG,1996-07-19 to 2008-10-31
1997-10-14 00:00:00+00:00,12.37746810913086,22.53125,22.71875,22.0625,22.5,1126000,MTG,1996-07-19 to 2008-10-31
1997-10-15 00:00:00+00:00,12.137134552001953,22.09375,22.1875,21.9375,22.0,1267000,MTG,1996-07-19 to 2008-10-31
1997-10-16 00:00:00+00:00,11.982624053955078,21.8125,22.46875,21.625,22.21875,2530200,MTG,1996-07-19 to 2008-10-31
1997-10-17 00:00:00+00:00,11.8967924118042,21.65625,21.6875,21.0,21.5,1749600,MTG,1996-07-19 to 2008-10-31
1997-10-20 00:00:00+00:00,11.742287635803223,21.375,21.53125,20.78125,21.53125,1346800,MTG,1996-07-19 to 2008-10-31
1997-10-21 00:00:00+00:00,11.965456008911133,21.78125,21.78125,21.375,21.375,1789000,MTG,1996-07-19 to 2008-10-31
1997-10-22 00:00:00+00:00,11.982624053955078,21.8125,21.96875,21.5625,21.78125,1267800,MTG,1996-07-19 to 2008-10-31
1997-10-23 00:00:00+00:00,11.810956954956055,21.5,21.53125,21.1875,21.5,2453000,MTG,1996-07-19 to 2008-10-31
1997-10-24 00:00:00+00:00,12.016956329345703,21.875,22.09375,21.5625,21.875,2018600,MTG,1996-07-19 to 2008-10-31
1997-10-27 00:00:00+00:00,11.227274894714355,20.4375,21.84375,20.4375,21.65625,936800,MTG,1996-07-19 to 2008-10-31
1997-10-28 00:00:00+00:00,11.347445487976074,20.65625,20.75,19.65625,19.75,4332200,MTG,1996-07-19 to 2008-10-31
1997-10-29 00:00:00+00:00,11.70795726776123,21.3125,21.71875,20.96875,20.96875,2078000,MTG,1996-07-19 to 2008-10-31
1997-10-30 00:00:00+00:00,11.845288276672363,21.5625,21.9375,20.875,21.0,1586600,MTG,1996-07-19 to 2008-10-31
1997-10-31 00:00:00+00:00,12.102800369262695,22.03125,22.03125,21.125,21.75,1584400,MTG,1996-07-19 to 2008-10-31
1997-11-03 00:00:00+00:00,12.583475112915039,22.90625,23.0,22.25,22.25,3015200,MTG,1996-07-19 to 2008-10-31
1997-11-04 00:00:00+00:00,12.617810249328613,22.96875,23.03125,22.65625,22.78125,2735600,MTG,1996-07-19 to 2008-10-31
1997-11-05 00:00:00+00:00,12.617810249328613,22.96875,23.0,22.53125,22.96875,1529600,MTG,1996-07-19 to 2008-10-31
1997-11-06 00:00:00+00:00,12.63498306274414,23.0,23.125,22.65625,22.84375,1739000,MTG,1996-07-19 to 2008-10-31
1997-11-07 00:00:00+00:00,12.428975105285645,22.625,22.78125,22.40625,22.46875,937800,MTG,1996-07-19 to 2008-10-31
1997-11-10 00:00:00+00:00,12.137134552001953,22.09375,22.75,22.03125,22.71875,1074600,MTG,1996-07-19 to 2008-10-31
1997-11-11 00:00:00+00:00,12.428975105285645,22.625,22.90625,22.15625,22.1875,964200,MTG,1996-07-19 to 2008-10-31
1997-11-12 00:00:00+00:00,12.085631370544434,22.0,22.8125,22.0,22.53125,2568400,MTG,1996-07-19 to 2008-10-31
1997-11-13 00:00:00+00:00,12.325970649719238,22.4375,22.53125,21.875,21.875,2370000,MTG,1996-07-19 to 2008-10-31
1997-11-14 00:00:00+00:00,12.566307067871094,22.875,22.9375,22.46875,22.46875,1640800,MTG,1996-07-19 to 2008-10-31
1997-11-17 00:00:00+00:00,12.97831916809082,23.625,23.90625,23.3125,23.5,2375600,MTG,1996-07-19 to 2008-10-31
1997-11-18 00:00:00+00:00,12.943982124328613,23.5625,23.65625,23.3125,23.625,2584600,MTG,1996-07-19 to 2008-10-31
1997-11-19 00:00:00+00:00,13.02982234954834,23.71875,23.8125,23.3125,23.5625,1511600,MTG,1996-07-19 to 2008-10-31
1997-11-20 00:00:00+00:00,13.04698657989502,23.75,23.875,23.71875,23.875,1020800,MTG,1996-07-19 to 2008-10-31
1997-11-21 00:00:00+00:00,12.99548053741455,23.65625,23.8125,23.5625,23.75,1490000,MTG,1996-07-19 to 2008-10-31
1997-11-24 00:00:00+00:00,12.943982124328613,23.5625,23.90625,23.46875,23.625,1061400,MTG,1996-07-19 to 2008-10-31
1997-11-25 00:00:00+00:00,12.772315979003906,23.25,23.84375,23.0,23.8125,1086600,MTG,1996-07-19 to 2008-10-31
1997-11-26 00:00:00+00:00,12.411802291870117,22.59375,23.40625,22.46875,23.375,3511000,MTG,1996-07-19 to 2008-10-31
1997-11-28 00:00:00+00:00,12.51480770111084,22.78125,22.875,22.59375,22.59375,493000,MTG,1996-07-19 to 2008-10-31
1997-12-01 00:00:00+00:00,12.909652709960938,23.5,23.5,23.0625,23.3125,1113200,MTG,1996-07-19 to 2008-10-31
1997-12-02 00:00:00+00:00,12.99548053741455,23.65625,24.0,23.375,23.5,3460400,MTG,1996-07-19 to 2008-10-31
1997-12-03 00:00:00+00:00,13.201494216918945,24.03125,24.15625,23.9375,23.9375,2425600,MTG,1996-07-19 to 2008-10-31
1997-12-04 00:00:00+00:00,13.081319808959961,23.8125,23.9375,23.34375,23.78125,2445800,MTG,1996-07-19 to 2008-10-31
1997-12-05 00:00:00+00:00,13.149992942810059,23.9375,24.0,23.71875,23.875,1619800,MTG,1996-07-19 to 2008-10-31
1997-12-08 00:00:00+00:00,13.04698657989502,23.75,24.03125,23.65625,24.03125,1155000,MTG,1996-07-19 to 2008-10-31
1997-12-09 00:00:00+00:00,13.218660354614258,24.0625,24.0625,23.59375,23.75,2015000,MTG,1996-07-19 to 2008-10-31
1997-12-10 00:00:00+00:00,13.04698657989502,23.75,24.4375,23.75,24.34375,1926000,MTG,1996-07-19 to 2008-10-31
1997-12-11 00:00:00+00:00,12.549144744873047,22.84375,23.5625,22.625,23.5,2229600,MTG,1996-07-19 to 2008-10-31
1997-12-12 00:00:00+00:00,12.428975105285645,22.625,23.0,22.53125,22.875,1653200,MTG,1996-07-19 to 2008-10-31
1997-12-15 00:00:00+00:00,12.583475112915039,22.90625,23.25,22.734375,22.875,2809800,MTG,1996-07-19 to 2008-10-31
1997-12-16 00:00:00+00:00,12.308802604675293,22.40625,22.96875,21.9375,22.84375,2263600,MTG,1996-07-19 to 2008-10-31
1997-12-17 00:00:00+00:00,12.257299423217773,22.3125,22.5625,22.25,22.5,2232200,MTG,1996-07-19 to 2008-10-31
1997-12-18 00:00:00+00:00,11.8967924118042,21.65625,22.3125,21.65625,22.25,1042200,MTG,1996-07-19 to 2008-10-31
1997-12-19 00:00:00+00:00,11.519116401672363,20.96875,21.34375,20.75,21.3125,3342800,MTG,1996-07-19 to 2008-10-31
1997-12-22 00:00:00+00:00,11.244441986083984,20.46875,21.125,20.375,20.96875,2982200,MTG,1996-07-19 to 2008-10-31
1997-12-23 00:00:00+00:00,11.19294548034668,20.375,20.625,20.375,20.5625,2074600,MTG,1996-07-19 to 2008-10-31
1997-12-24 00:00:00+00:00,11.158609390258789,20.3125,20.5625,20.3125,20.5,1341800,MTG,1996-07-19 to 2008-10-31
1997-12-26 00:00:00+00:00,11.055604934692383,20.125,20.21875,19.84375,20.1875,1399600,MTG,1996-07-19 to 2008-10-31
1997-12-29 00:00:00+00:00,11.26160717010498,20.5,20.71875,19.96875,20.03125,2450200,MTG,1996-07-19 to 2008-10-31
1997-12-30 00:00:00+00:00,11.6907958984375,21.28125,21.4375,20.71875,20.71875,2196200,MTG,1996-07-19 to 2008-10-31
1997-12-31 00:00:00+00:00,11.828125953674316,21.53125,21.6875,21.3125,21.34375,1159200,MTG,1996-07-19 to 2008-10-31
1998-01-02 00:00:00+00:00,11.62212085723877,21.15625,21.90625,21.15625,21.75,1254600,MTG,1996-07-19 to 2008-10-31
1998-01-05 00:00:00+00:00,11.501945495605469,20.9375,21.21875,20.875,21.1875,2226600,MTG,1996-07-19 to 2008-10-31
1998-01-06 00:00:00+00:00,11.398947715759277,20.75,21.15625,20.75,20.9375,1704600,MTG,1996-07-19 to 2008-10-31
1998-01-07 00:00:00+00:00,11.3817777633667,20.71875,20.75,20.53125,20.75,2077400,MTG,1996-07-19 to 2008-10-31
1998-01-08 00:00:00+00:00,11.8967924118042,21.65625,21.65625,20.6875,20.75,2488600,MTG,1996-07-19 to 2008-10-31
1998-01-09 00:00:00+00:00,11.484780311584473,20.90625,21.75,20.71875,21.75,2058600,MTG,1996-07-19 to 2008-10-31
1998-01-12 00:00:00+00:00,11.433281898498535,20.8125,21.21875,20.65625,20.65625,1345000,MTG,1996-07-19 to 2008-10-31
1998-01-13 00:00:00+00:00,11.793787956237793,21.46875,21.5,20.78125,20.8125,965000,MTG,1996-07-19 to 2008-10-31
1998-01-14 00:00:00+00:00,11.673623085021973,21.25,21.5625,21.03125,21.5,1311600,MTG,1996-07-19 to 2008-10-31
1998-01-15 00:00:00+00:00,11.793787956237793,21.46875,21.625,21.15625,21.28125,1617600,MTG,1996-07-19 to 2008-10-31
1998-01-16 00:00:00+00:00,11.828125953674316,21.53125,21.59375,21.21875,21.46875,2816000,MTG,1996-07-19 to 2008-10-31
1998-01-20 00:00:00+00:00,12.119963645935059,22.0625,22.125,21.625,21.75,2033200,MTG,1996-07-19 to 2008-10-31
1998-01-21 00:00:00+00:00,12.051297187805176,21.9375,22.21875,21.59375,22.0,2237600,MTG,1996-07-19 to 2008-10-31
1998-01-22 00:00:00+00:00,12.016956329345703,21.875,22.0,21.4375,21.84375,1825800,MTG,1996-07-19 to 2008-10-31
1998-01-23 00:00:00+00:00,11.982624053955078,21.8125,22.0625,21.53125,22.0625,1439000,MTG,1996-07-19 to 2008-10-31
1998-01-26 00:00:00+00:00,11.604950904846191,21.125,21.90625,21.0625,21.8125,1578000,MTG,1996-07-19 to 2008-10-31
1998-01-27 00:00:00+00:00,11.398947715759277,20.75,20.75,20.375,20.5,4869000,MTG,1996-07-19 to 2008-10-31
1998-01-28 00:00:00+00:00,11.347445487976074,20.65625,20.75,20.09375,20.75,5119400,MTG,1996-07-19 to 2008-10-31
1998-01-29 00:00:00+00:00,11.553457260131836,21.03125,21.40625,20.75,20.75,2079400,MTG,1996-07-19 to 2008-10-31
1998-01-30 00:00:00+00:00,11.62212085723877,21.15625,21.5,21.125,21.25,1986000,MTG,1996-07-19 to 2008-10-31
1998-02-02 00:00:00+00:00,11.999797821044922,21.84375,21.84375,21.375,21.5,1944400,MTG,1996-07-19 to 2008-10-31
1998-02-03 00:00:00+00:00,12.137134552001953,22.09375,22.125,22.0,22.0,1400800,MTG,1996-07-19 to 2008-10-31
1998-02-04 00:00:00+00:00,12.102800369262695,22.03125,22.15625,21.875,22.09375,1188000,MTG,1996-07-19 to 2008-10-31
1998-02-05 00:00:00+00:00,12.205798149108887,22.21875,22.40625,22.03125,22.03125,984200,MTG,1996-07-19 to 2008-10-31
1998-02-06 00:00:00+00:00,12.549144744873047,22.84375,22.84375,22.34375,22.34375,2604600,MTG,1996-07-19 to 2008-10-31
1998-02-09 00:00:00+00:00,12.394639015197754,22.5625,22.875,22.375,22.84375,1513200,MTG,1996-07-19 to 2008-10-31
1998-02-10 00:00:00+00:00,12.446142196655273,22.65625,22.8125,22.53125,22.5625,1651200,MTG,1996-07-19 to 2008-10-31
1998-02-11 00:00:00+00:00,12.480477333068848,22.71875,22.90625,22.5,22.90625,885800,MTG,1996-07-19 to 2008-10-31
1998-02-12 00:00:00+00:00,12.669316291809082,23.0625,23.21875,22.6875,22.6875,1953000,MTG,1996-07-19 to 2008-10-31
1998-02-13 00:00:00+00:00,12.652145385742188,23.03125,23.25,22.90625,23.0625,1762800,MTG,1996-07-19 to 2008-10-31
1998-02-17 00:00:00+00:00,12.840981483459473,23.375,23.6875,23.15625,23.15625,1969800,MTG,1996-07-19 to 2008-10-31
1998-02-18 00:00:00+00:00,12.720812797546387,23.15625,23.28125,23.0625,23.1875,3456600,MTG,1996-07-19 to 2008-10-31
1998-02-19 00:00:00+00:00,12.772315979003906,23.25,23.28125,23.09375,23.25,1704200,MTG,1996-07-19 to 2008-10-31
1998-02-20 00:00:00+00:00,12.892481803894043,23.46875,23.5,23.15625,23.15625,1142600,MTG,1996-07-19 to 2008-10-31
1998-02-23 00:00:00+00:00,13.201494216918945,24.03125,24.03125,23.625,23.6875,1246800,MTG,1996-07-19 to 2008-10-31
1998-02-24 00:00:00+00:00,13.098490715026855,23.84375,23.9375,23.40625,23.9375,2439200,MTG,1996-07-19 to 2008-10-31
1998-02-25 00:00:00+00:00,13.33882999420166,24.28125,24.5,23.9375,23.96875,1396000,MTG,1996-07-19 to 2008-10-31
1998-02-26 00:00:00+00:00,13.02982234954834,23.71875,24.21875,23.5,24.09375,1525200,MTG,1996-07-19 to 2008-10-31
1998-02-27 00:00:00+00:00,12.87531852722168,23.4375,23.71875,23.1875,23.71875,1098800,MTG,1996-07-19 to 2008-10-31
1998-03-02 00:00:00+00:00,12.7379789352417,23.1875,23.8125,23.03125,23.375,1295600,MTG,1996-07-19 to 2008-10-31
1998-03-03 00:00:00+00:00,13.149992942810059,23.9375,23.96875,23.4375,23.5,1532000,MTG,1996-07-19 to 2008-10-31
1998-03-04 00:00:00+00:00,13.802336692810059,25.125,25.28125,24.375,24.5,6465400,MTG,1996-07-19 to 2008-10-31
1998-03-05 00:00:00+00:00,13.63066577911377,24.8125,25.1875,24.75,24.875,1832600,MTG,1996-07-19 to 2008-10-31
1998-03-06 00:00:00+00:00,13.647839546203613,24.84375,25.5,24.625,24.75,3919600,MTG,1996-07-19 to 2008-10-31
1998-03-09 00:00:00+00:00,13.493330955505371,24.5625,24.78125,24.5,24.625,3095600,MTG,1996-07-19 to 2008-10-31
1998-03-10 00:00:00+00:00,13.699334144592285,24.9375,24.96875,24.65625,24.78125,2020400,MTG,1996-07-19 to 2008-10-31
1998-03-11 00:00:00+00:00,13.647839546203613,24.84375,25.25,24.65625,25.0,2102000,MTG,1996-07-19 to 2008-10-31
1998-03-12 00:00:00+00:00,13.836676597595215,25.1875,25.3125,24.90625,24.96875,3051200,MTG,1996-07-19 to 2008-10-31
1998-03-13 00:00:00+00:00,13.871009826660156,25.25,25.5,25.09375,25.34375,1491800,MTG,1996-07-19 to 2008-10-31
1998-03-16 00:00:00+00:00,14.077014923095703,25.625,25.6875,25.21875,25.25,1928000,MTG,1996-07-19 to 2008-10-31
1998-03-17 00:00:00+00:00,14.300186157226562,26.03125,26.3125,25.875,26.25,1489000,MTG,1996-07-19 to 2008-10-31
1998-03-18 00:00:00+00:00,14.025518417358398,25.53125,25.90625,25.5,25.84375,1201200,MTG,1996-07-19 to 2008-10-31
1998-03-19 00:00:00+00:00,14.008347511291504,25.5,25.875,25.5,25.53125,1449600,MTG,1996-07-19 to 2008-10-31
1998-03-20 00:00:00+00:00,14.09417724609375,25.65625,25.78125,25.5,25.625,1133000,MTG,1996-07-19 to 2008-10-31
1998-03-23 00:00:00+00:00,14.09417724609375,25.65625,25.6875,25.5,25.625,1091600,MTG,1996-07-19 to 2008-10-31
1998-03-24 00:00:00+00:00,14.40318775177002,26.21875,26.375,25.65625,25.65625,2543200,MTG,1996-07-19 to 2008-10-31
1998-03-25 00:00:00+00:00,14.008347511291504,25.5,26.5,25.1875,26.21875,1981000,MTG,1996-07-19 to 2008-10-31
1998-03-26 00:00:00+00:00,14.077014923095703,25.625,25.96875,25.53125,25.59375,927400,MTG,1996-07-19 to 2008-10-31
1998-03-27 00:00:00+00:00,13.956840515136719,25.40625,25.78125,25.40625,25.78125,3088400,MTG,1996-07-19 to 2008-10-31
1998-03-30 00:00:00+00:00,13.836676597595215,25.1875,25.59375,25.125,25.40625,1664800,MTG,1996-07-19 to 2008-10-31
1998-03-31 00:00:00+00:00,14.231520652770996,25.90625,26.4375,25.3125,25.3125,2524800,MTG,1996-07-19 to 2008-10-31
1998-04-01 00:00:00+00:00,14.40318775177002,26.21875,26.25,25.65625,25.875,756000,MTG,1996-07-19 to 2008-10-31
1998-04-02 00:00:00+00:00,14.265847206115723,25.96875,26.3125,25.9375,26.25,774000,MTG,1996-07-19 to 2008-10-31
1998-04-03 00:00:00+00:00,14.265847206115723,25.96875,26.1875,25.875,26.1875,2321600,MTG,1996-07-19 to 2008-10-31
1998-04-06 00:00:00+00:00,14.351688385009766,26.125,26.125,25.75,26.09375,2588400,MTG,1996-07-19 to 2008-10-31
1998-04-07 00:00:00+00:00,14.09417724609375,25.65625,26.125,25.484375,26.125,1405200,MTG,1996-07-19 to 2008-10-31
1998-04-08 00:00:00+00:00,13.819512367248535,25.15625,25.875,25.03125,25.875,1978800,MTG,1996-07-19 to 2008-10-31
1998-04-09 00:00:00+00:00,13.974014282226562,25.4375,25.75,25.25,25.34375,2074200,MTG,1996-07-19 to 2008-10-31
1998-04-13 00:00:00+00:00,13.939678192138672,25.375,25.4375,25.25,25.4375,1175600,MTG,1996-07-19 to 2008-10-31
1998-04-14 00:00:00+00:00,13.836676597595215,25.1875,25.3125,25.03125,25.25,1295000,MTG,1996-07-19 to 2008-10-31
1998-04-15 00:00:00+00:00,13.956840515136719,25.40625,25.9375,24.9375,25.21875,1741000,MTG,1996-07-19 to 2008-10-31
1998-04-16 00:00:00+00:00,13.853840827941895,25.21875,25.4375,25.1875,25.40625,958200,MTG,1996-07-19 to 2008-10-31
1998-04-17 00:00:00+00:00,13.750836372375488,25.03125,25.28125,24.875,25.28125,915200,MTG,1996-07-19 to 2008-10-31
1998-04-20 00:00:00+00:00,13.613502502441406,24.78125,24.96875,24.625,24.75,1113400,MTG,1996-07-19 to 2008-10-31
1998-04-21 00:00:00+00:00,13.407498359680176,24.40625,24.71875,24.28125,24.71875,2955600,MTG,1996-07-19 to 2008-10-31
1998-04-22 00:00:00+00:00,13.424665451049805,24.4375,24.78125,24.375,24.40625,1439400,MTG,1996-07-19 to 2008-10-31
1998-04-23 00:00:00+00:00,13.424665451049805,24.4375,24.625,24.375,24.375,1199000,MTG,1996-07-19 to 2008-10-31
1998-04-24 00:00:00+00:00,13.201494216918945,24.03125,24.5,23.84375,24.375,2186400,MTG,1996-07-19 to 2008-10-31
1998-04-27 00:00:00+00:00,12.87531852722168,23.4375,24.09375,23.1875,23.78125,1697200,MTG,1996-07-19 to 2008-10-31
1998-04-28 00:00:00+00:00,13.081319808959961,23.8125,24.09375,23.65625,24.09375,1904600,MTG,1996-07-19 to 2008-10-31
1998-04-29 00:00:00+00:00,13.459001541137695,24.5,24.5625,23.8125,23.8125,2196200,MTG,1996-07-19 to 2008-10-31
1998-04-30 00:00:00+00:00,13.596329689025879,24.75,25.25,24.34375,24.5,1303400,MTG,1996-07-19 to 2008-10-31
1998-05-01 00:00:00+00:00,13.527667999267578,24.625,24.875,24.46875,24.6875,643600,MTG,1996-07-19 to 2008-10-31
1998-05-04 00:00:00+00:00,13.888175964355469,25.28125,25.5,25.03125,25.125,1480800,MTG,1996-07-19 to 2008-10-31
1998-05-05 00:00:00+00:00,14.025518417358398,25.53125,25.59375,25.25,25.28125,2535800,MTG,1996-07-19 to 2008-10-31
1998-05-06 00:00:00+00:00,14.162850379943848,25.78125,25.875,25.53125,25.875,1612400,MTG,1996-07-19 to 2008-10-31
1998-05-07 00:00:00+00:00,13.991177558898926,25.46875,25.8125,25.28125,25.78125,2241600,MTG,1996-07-19 to 2008-10-31
1998-05-08 00:00:00+00:00,13.956840515136719,25.40625,25.53125,24.90625,25.40625,1330600,MTG,1996-07-19 to 2008-10-31
1998-05-11 00:00:00+00:00,14.059850692749023,25.59375,25.6875,25.0625,25.0625,1269400,MTG,1996-07-19 to 2008-10-31
1998-05-12 00:00:00+00:00,14.54051685333252,26.46875,26.5625,25.5,25.5,2791600,MTG,1996-07-19 to 2008-10-31
1998-05-13 00:00:00+00:00,14.574862480163574,26.53125,26.875,26.0625,26.8125,2602600,MTG,1996-07-19 to 2008-10-31
1998-05-14 00:00:00+00:00,14.780862808227539,26.90625,27.1875,26.65625,26.65625,1696600,MTG,1996-07-19 to 2008-10-31
1998-05-15 00:00:00+00:00,14.660697937011719,26.6875,27.09375,26.59375,27.09375,1505800,MTG,1996-07-19 to 2008-10-31
1998-05-18 00:00:00+00:00,14.54051685333252,26.46875,26.625,26.21875,26.625,1294600,MTG,1996-07-19 to 2008-10-31
1998-05-19 00:00:00+00:00,14.40318775177002,26.21875,26.8125,26.0625,26.46875,1915000,MTG,1996-07-19 to 2008-10-31
1998-05-20 00:00:00+00:00,14.420354843139648,26.25,26.25,25.875,26.21875,1150600,MTG,1996-07-19 to 2008-10-31
1998-05-21 00:00:00+00:00,14.592028617858887,26.5625,26.5625,26.125,26.1875,1530600,MTG,1996-07-19 to 2008-10-31
1998-05-22 00:00:00+00:00,14.54051685333252,26.46875,26.59375,26.3125,26.53125,946800,MTG,1996-07-19 to 2008-10-31
1998-05-26 00:00:00+00:00,14.231520652770996,25.90625,26.5625,25.90625,26.375,1080400,MTG,1996-07-19 to 2008-10-31
1998-05-27 00:00:00+00:00,14.09417724609375,25.65625,25.9375,25.21875,25.59375,1230200,MTG,1996-07-19 to 2008-10-31
1998-05-28 00:00:00+00:00,14.059850692749023,25.59375,26.0,25.25,25.625,1128600,MTG,1996-07-19 to 2008-10-31
1998-05-29 00:00:00+00:00,14.231520652770996,25.90625,26.34375,25.6875,25.6875,878800,MTG,1996-07-19 to 2008-10-31
1998-06-01 00:00:00+00:00,14.557689666748047,26.5,26.78125,25.875,25.90625,997600,MTG,1996-07-19 to 2008-10-31
1998-06-02 00:00:00+00:00,14.38602352142334,26.1875,26.90625,26.09375,26.78125,1028000,MTG,1996-07-19 to 2008-10-31
1998-06-03 00:00:00+00:00,14.12851619720459,25.71875,26.21875,25.59375,26.0625,750200,MTG,1996-07-19 to 2008-10-31
1998-06-04 00:00:00+00:00,14.162850379943848,25.78125,25.84375,25.375,25.71875,898800,MTG,1996-07-19 to 2008-10-31
1998-06-05 00:00:00+00:00,14.317350387573242,26.0625,26.15625,25.25,25.6875,963800,MTG,1996-07-19 to 2008-10-31
1998-06-08 00:00:00+00:00,14.40318775177002,26.21875,26.3125,25.90625,26.28125,1191000,MTG,1996-07-19 to 2008-10-31
1998-06-09 00:00:00+00:00,14.317350387573242,26.0625,26.21875,25.6875,26.21875,1100400,MTG,1996-07-19 to 2008-10-31
1998-06-10 00:00:00+00:00,14.506182670593262,26.40625,26.625,25.65625,25.65625,1614800,MTG,1996-07-19 to 2008-10-31
1998-06-11 00:00:00+00:00,14.660697937011719,26.6875,27.0,26.3125,26.46875,3236400,MTG,1996-07-19 to 2008-10-31
1998-06-12 00:00:00+00:00,14.695024490356445,26.75,26.84375,26.46875,26.6875,1678000,MTG,1996-07-19 to 2008-10-31
1998-06-15 00:00:00+00:00,14.368856430053711,26.15625,26.5,26.0625,26.34375,1271200,MTG,1996-07-19 to 2008-10-31
1998-06-16 00:00:00+00:00,14.368856430053711,26.15625,26.5625,25.5,26.3125,1633800,MTG,1996-07-19 to 2008-10-31
1998-06-17 00:00:00+00:00,14.489028930664062,26.375,26.6875,26.15625,26.375,1927000,MTG,1996-07-19 to 2008-10-31
1998-06-18 00:00:00+00:00,14.471857070922852,26.34375,26.46875,26.1875,26.3125,1056600,MTG,1996-07-19 to 2008-10-31
1998-06-19 00:00:00+00:00,14.626363754272461,26.625,27.15625,26.53125,26.53125,1593000,MTG,1996-07-19 to 2008-10-31
1998-06-22 00:00:00+00:00,14.471857070922852,26.34375,27.03125,26.28125,26.75,1325400,MTG,1996-07-19 to 2008-10-31
1998-06-23 00:00:00+00:00,14.454691886901855,26.3125,26.46875,26.09375,26.46875,1091600,MTG,1996-07-19 to 2008-10-31
1998-06-24 00:00:00+00:00,14.592028617858887,26.5625,26.625,26.0,26.125,1234200,MTG,1996-07-19 to 2008-10-31
1998-06-25 00:00:00+00:00,14.197181701660156,25.84375,26.53125,25.8125,26.4375,2344800,MTG,1996-07-19 to 2008-10-31
1998-06-26 00:00:00+00:00,14.454691886901855,26.3125,26.3125,26.0,26.03125,1118200,MTG,1996-07-19 to 2008-10-31
1998-06-29 00:00:00+00:00,14.695024490356445,26.75,27.75,26.4375,26.5,3431800,MTG,1996-07-19 to 2008-10-31
1998-06-30 00:00:00+00:00,14.780862808227539,26.90625,27.125,26.65625,26.8125,3283400,MTG,1996-07-19 to 2008-10-31
1998-07-01 00:00:00+00:00,14.815200805664062,26.96875,27.21875,26.8125,27.03125,1423600,MTG,1996-07-19 to 2008-10-31
1998-07-02 00:00:00+00:00,14.729358673095703,26.8125,26.96875,26.6875,26.96875,2169000,MTG,1996-07-19 to 2008-10-31
1998-07-06 00:00:00+00:00,14.866695404052734,27.0625,27.3125,26.875,26.875,2561000,MTG,1996-07-19 to 2008-10-31
1998-07-07 00:00:00+00:00,15.261547088623047,27.78125,28.09375,27.1875,27.1875,1831000,MTG,1996-07-19 to 2008-10-31
1998-07-08 00:00:00+00:00,15.313040733337402,27.875,27.875,27.5625,27.75,1514800,MTG,1996-07-19 to 2008-10-31
1998-07-09 00:00:00+00:00,14.969697952270508,27.25,27.875,27.09375,27.875,1896600,MTG,1996-07-19 to 2008-10-31
1998-07-10 00:00:00+00:00,15.004036903381348,27.3125,27.65625,26.90625,27.21875,976800,MTG,1996-07-19 to 2008-10-31
1998-07-13 00:00:00+00:00,15.158543586730957,27.59375,27.65625,27.15625,27.4375,1756000,MTG,1996-07-19 to 2008-10-31
1998-07-14 00:00:00+00:00,15.295879364013672,27.84375,27.9375,27.53125,27.59375,1136000,MTG,1996-07-19 to 2008-10-31
1998-07-15 00:00:00+00:00,15.158543586730957,27.59375,27.875,27.46875,27.46875,1654000,MTG,1996-07-19 to 2008-10-31
1998-07-16 00:00:00+00:00,15.210041999816895,27.6875,27.78125,27.40625,27.5,1131400,MTG,1996-07-19 to 2008-10-31
1998-07-17 00:00:00+00:00,14.969697952270508,27.25,27.6875,27.25,27.625,764000,MTG,1996-07-19 to 2008-10-31
1998-07-20 00:00:00+00:00,15.107044219970703,27.5,27.8125,27.25,27.25,728600,MTG,1996-07-19 to 2008-10-31
1998-07-21 00:00:00+00:00,14.952532768249512,27.21875,28.0625,26.96875,27.5,1912400,MTG,1996-07-19 to 2008-10-31
1998-07-22 00:00:00+00:00,14.557689666748047,26.5,27.46875,26.1875,27.34375,3520000,MTG,1996-07-19 to 2008-10-31
1998-07-23 00:00:00+00:00,14.025518417358398,25.53125,26.5,25.5,26.5,3734400,MTG,1996-07-19 to 2008-10-31
1998-07-24 00:00:00+00:00,14.351688385009766,26.125,26.3125,25.5,25.75,2631000,MTG,1996-07-19 to 2008-10-31
1998-07-27 00:00:00+00:00,14.351688385009766,26.125,26.34375,25.9375,25.96875,2122600,MTG,1996-07-19 to 2008-10-31
1998-07-28 00:00:00+00:00,14.283019065856934,26.0,26.15625,25.71875,26.125,1535600,MTG,1996-07-19 to 2008-10-31
1998-07-29 00:00:00+00:00,14.420354843139648,26.25,26.59375,26.15625,26.34375,2354600,MTG,1996-07-19 to 2008-10-31
1998-07-30 00:00:00+00:00,14.780862808227539,26.90625,26.90625,26.5,26.5625,1518400,MTG,1996-07-19 to 2008-10-31
1998-07-31 00:00:00+00:00,14.54051685333252,26.46875,27.0,26.46875,26.78125,1445200,MTG,1996-07-19 to 2008-10-31
1998-08-03 00:00:00+00:00,14.351688385009766,26.125,26.65625,25.90625,26.5625,1232800,MTG,1996-07-19 to 2008-10-31
1998-08-04 00:00:00+00:00,13.527667999267578,24.625,26.46875,24.625,26.28125,2289200,MTG,1996-07-19 to 2008-10-31
1998-08-05 00:00:00+00:00,13.802336692810059,25.125,25.5,24.375,24.75,3139000,MTG,1996-07-19 to 2008-10-31
1998-08-06 00:00:00+00:00,13.682171821594238,24.90625,25.25,24.78125,24.8125,2812000,MTG,1996-07-19 to 2008-10-31
1998-08-07 00:00:00+00:00,13.459001541137695,24.5,25.28125,24.5,24.6875,2302800,MTG,1996-07-19 to 2008-10-31
1998-08-10 00:00:00+00:00,13.716504096984863,24.96875,25.125,24.125,24.125,2137200,MTG,1996-07-19 to 2008-10-31
1998-08-11 00:00:00+00:00,13.802336692810059,25.125,25.1875,24.125,25.125,2550200,MTG,1996-07-19 to 2008-10-31
1998-08-12 00:00:00+00:00,13.974014282226562,25.4375,25.5625,24.78125,25.5,2658000,MTG,1996-07-19 to 2008-10-31
1998-08-13 00:00:00+00:00,13.974014282226562,25.4375,25.78125,25.4375,25.5625,1984600,MTG,1996-07-19 to 2008-10-31
1998-08-14 00:00:00+00:00,13.544831275939941,24.65625,25.71875,24.375,25.4375,1286200,MTG,1996-07-19 to 2008-10-31
1998-08-17 00:00:00+00:00,13.716504096984863,24.96875,25.03125,24.5,24.5625,1535000,MTG,1996-07-19 to 2008-10-31
1998-08-18 00:00:00+00:00,13.939678192138672,25.375,25.53125,24.90625,25.0625,1626000,MTG,1996-07-19 to 2008-10-31
1998-08-19 00:00:00+00:00,13.819512367248535,25.15625,25.625,25.125,25.59375,1456600,MTG,1996-07-19 to 2008-10-31
1998-08-20 00:00:00+00:00,13.613502502441406,24.78125,25.15625,24.71875,25.15625,1288200,MTG,1996-07-19 to 2008-10-31
1998-08-21 00:00:00+00:00,13.4418363571167,24.46875,24.75,23.9375,24.40625,1624800,MTG,1996-07-19 to 2008-10-31
1998-08-24 00:00:00+00:00,14.042675971984863,25.5625,25.5625,24.46875,24.46875,1600000,MTG,1996-07-19 to 2008-10-31
1998-08-25 00:00:00+00:00,14.40318775177002,26.21875,26.65625,25.84375,26.0,2580200,MTG,1996-07-19 to 2008-10-31
1998-08-26 00:00:00+00:00,13.888175964355469,25.28125,26.03125,25.21875,25.9375,2310000,MTG,1996-07-19 to 2008-10-31
1998-08-27 00:00:00+00:00,13.235823631286621,24.09375,25.125,23.875,24.9375,1914000,MTG,1996-07-19 to 2008-10-31
1998-08-28 00:00:00+00:00,12.7379789352417,23.1875,24.375,23.0,24.125,4921000,MTG,1996-07-19 to 2008-10-31
1998-08-31 00:00:00+00:00,12.085631370544434,22.0,23.5625,21.75,23.15625,2310200,MTG,1996-07-19 to 2008-10-31
1998-09-01 00:00:00+00:00,12.37746810913086,22.53125,22.875,21.0625,21.8125,3917200,MTG,1996-07-19 to 2008-10-31
1998-09-02 00:00:00+00:00,12.085631370544434,22.0,23.0,22.0,22.59375,2272400,MTG,1996-07-19 to 2008-10-31
1998-09-03 00:00:00+00:00,11.845288276672363,21.5625,22.125,21.21875,22.0,3978400,MTG,1996-07-19 to 2008-10-31
1998-09-04 00:00:00+00:00,11.828125953674316,21.53125,22.5,21.3125,22.5,2673400,MTG,1996-07-19 to 2008-10-31
1998-09-08 00:00:00+00:00,12.686481475830078,23.09375,23.15625,21.875,22.0,2328000,MTG,1996-07-19 to 2008-10-31
1998-09-09 00:00:00+00:00,12.222965240478516,22.25,22.875,21.875,22.875,3136800,MTG,1996-07-19 to 2008-10-31
1998-09-10 00:00:00+00:00,11.53628158569336,21.0,21.75,20.375,21.75,3849800,MTG,1996-07-19 to 2008-10-31
1998-09-11 00:00:00+00:00,11.879629135131836,21.625,22.25,21.5625,21.84375,3709200,MTG,1996-07-19 to 2008-10-31
1998-09-14 00:00:00+00:00,12.188631057739258,22.1875,22.53125,21.90625,21.9375,2452600,MTG,1996-07-19 to 2008-10-31
1998-09-15 00:00:00+00:00,12.63498306274414,23.0,23.09375,22.4375,22.4375,1190400,MTG,1996-07-19 to 2008-10-31
1998-09-16 00:00:00+00:00,12.51480770111084,22.78125,23.28125,22.78125,23.25,2335200,MTG,1996-07-19 to 2008-10-31
1998-09-17 00:00:00+00:00,12.37746810913086,22.53125,22.71875,22.21875,22.34375,1943200,MTG,1996-07-19 to 2008-10-31
1998-09-18 00:00:00+00:00,12.600642204284668,22.9375,22.9375,22.46875,22.5625,1730200,MTG,1996-07-19 to 2008-10-31
1998-09-21 00:00:00+00:00,12.823812484741211,23.34375,23.53125,22.25,22.5,2886000,MTG,1996-07-19 to 2008-10-31
1998-09-22 00:00:00+00:00,11.982624053955078,21.8125,23.3125,21.59375,23.3125,4017800,MTG,1996-07-19 to 2008-10-31
1998-09-23 00:00:00+00:00,12.240138053894043,22.28125,22.28125,21.46875,21.96875,4533400,MTG,1996-07-19 to 2008-10-31
1998-09-24 00:00:00+00:00,11.450451850891113,20.84375,22.125,20.3125,22.125,4433800,MTG,1996-07-19 to 2008-10-31
1998-09-25 00:00:00+00:00,11.124268531799316,20.25,20.875,20.0,20.78125,5018800,MTG,1996-07-19 to 2008-10-31
1998-09-28 00:00:00+00:00,10.83243179321289,19.71875,20.5625,19.71875,20.25,5441000,MTG,1996-07-19 to 2008-10-31
1998-09-29 00:00:00+00:00,10.111414909362793,18.40625,19.375,18.40625,19.0625,5910600,MTG,1996-07-19 to 2008-10-31
1998-09-30 00:00:00+00:00,9.991244316101074,18.1875,18.71875,18.0625,18.40625,5654000,MTG,1996-07-19 to 2008-10-31
1998-10-01 00:00:00+00:00,9.338897705078125,17.0,18.1875,16.75,18.1875,6677600,MTG,1996-07-19 to 2008-10-31
1998-10-02 00:00:00+00:00,9.510567665100098,17.3125,17.6875,16.8125,17.125,8831400,MTG,1996-07-19 to 2008-10-31
1998-10-05 00:00:00+00:00,9.253055572509766,16.84375,16.96875,16.46875,16.96875,3497200,MTG,1996-07-19 to 2008-10-31
1998-10-06 00:00:00+00:00,9.424734115600586,17.15625,17.40625,16.53125,17.0,3769400,MTG,1996-07-19 to 2008-10-31
1998-10-07 00:00:00+00:00,9.52773380279541,17.34375,17.59375,17.1875,17.34375,2705800,MTG,1996-07-19 to 2008-10-31
1998-10-08 00:00:00+00:00,9.510567665100098,17.3125,17.375,16.40625,17.09375,9966200,MTG,1996-07-19 to 2008-10-31
1998-10-09 00:00:00+00:00,10.094243049621582,18.375,18.46875,17.5625,18.09375,3013000,MTG,1996-07-19 to 2008-10-31
1998-10-12 00:00:00+00:00,10.489091873168945,19.09375,19.5,18.75,19.0,2727600,MTG,1996-07-19 to 2008-10-31
1998-10-13 00:00:00+00:00,10.31741714477539,18.78125,19.21875,18.65625,19.09375,1933200,MTG,1996-07-19 to 2008-10-31
1998-10-14 00:00:00+00:00,10.506254196166992,19.125,19.1875,18.625,18.65625,2606000,MTG,1996-07-19 to 2008-10-31
1998-10-15 00:00:00+00:00,10.9869384765625,20.0,20.0,18.875,19.125,5803000,MTG,1996-07-19 to 2008-10-31
1998-10-16 00:00:00+00:00,11.278775215148926,20.53125,20.53125,20.0,20.03125,5264000,MTG,1996-07-19 to 2008-10-31
1998-10-19 00:00:00+00:00,11.072774887084961,20.15625,20.78125,20.15625,20.78125,1822200,MTG,1996-07-19 to 2008-10-31
1998-10-20 00:00:00+00:00,11.501945495605469,20.9375,21.25,20.5625,20.59375,4098200,MTG,1996-07-19 to 2008-10-31
1998-10-21 00:00:00+00:00,11.467616081237793,20.875,21.40625,20.34375,20.9375,2866400,MTG,1996-07-19 to 2008-10-31
1998-10-22 00:00:00+00:00,11.673623085021973,21.25,21.28125,20.6875,20.90625,1705600,MTG,1996-07-19 to 2008-10-31
1998-10-23 00:00:00+00:00,11.398947715759277,20.75,21.25,20.6875,21.25,4128200,MTG,1996-07-19 to 2008-10-31
1998-10-26 00:00:00+00:00,10.83243179321289,19.71875,20.84375,19.625,20.84375,3266400,MTG,1996-07-19 to 2008-10-31
1998-10-27 00:00:00+00:00,10.42042350769043,18.96875,20.125,18.96875,19.875,3193000,MTG,1996-07-19 to 2008-10-31
1998-10-28 00:00:00+00:00,10.506254196166992,19.125,19.59375,19.0625,19.0625,1817400,MTG,1996-07-19 to 2008-10-31
1998-10-29 00:00:00+00:00,10.42042350769043,18.96875,19.3125,18.6875,19.25,2517200,MTG,1996-07-19 to 2008-10-31
1998-10-30 00:00:00+00:00,10.557760238647461,19.21875,20.0,18.4375,18.4375,4655000,MTG,1996-07-19 to 2008-10-31
1998-11-02 00:00:00+00:00,10.197249412536621,18.5625,19.0,18.25,19.0,6270600,MTG,1996-07-19 to 2008-10-31
1998-11-03 00:00:00+00:00,9.888239860534668,18.0,18.75,17.96875,18.625,8173800,MTG,1996-07-19 to 2008-10-31
1998-11-04 00:00:00+00:00,10.300256729125977,18.75,19.3125,18.25,18.3125,6525800,MTG,1996-07-19 to 2008-10-31
1998-11-05 00:00:00+00:00,10.815265655517578,19.6875,19.90625,18.71875,18.78125,2616400,MTG,1996-07-19 to 2008-10-31
1998-11-06 00:00:00+00:00,10.952603340148926,19.9375,20.34375,19.875,19.875,3802000,MTG,1996-07-19 to 2008-10-31
1998-11-09 00:00:00+00:00,10.9869384765625,20.0,20.6875,19.90625,19.90625,3199600,MTG,1996-07-19 to 2008-10-31
1998-11-10 00:00:00+00:00,10.454760551452637,19.03125,20.3125,19.0,20.25,4042200,MTG,1996-07-19 to 2008-10-31
1998-11-11 00:00:00+00:00,10.540589332580566,19.1875,20.3125,19.09375,20.25,3681800,MTG,1996-07-19 to 2008-10-31
1998-11-12 00:00:00+00:00,10.592095375061035,19.28125,19.5,19.03125,19.125,1564800,MTG,1996-07-19 to 2008-10-31
1998-11-13 00:00:00+00:00,11.089941024780273,20.1875,20.21875,19.59375,19.59375,2192200,MTG,1996-07-19 to 2008-10-31
1998-11-16 00:00:00+00:00,11.53628158569336,21.0,21.125,20.59375,20.8125,2269600,MTG,1996-07-19 to 2008-10-31
1998-11-17 00:00:00+00:00,11.3131103515625,20.59375,21.375,20.09375,21.375,1941800,MTG,1996-07-19 to 2008-10-31
1998-11-18 00:00:00+00:00,11.450451850891113,20.84375,21.03125,20.65625,20.65625,2420000,MTG,1996-07-19 to 2008-10-31
1998-11-19 00:00:00+00:00,11.278775215148926,20.53125,20.875,20.0625,20.875,756400,MTG,1996-07-19 to 2008-10-31
1998-11-20 00:00:00+00:00,11.656454086303711,21.21875,21.53125,20.75,20.84375,1736200,MTG,1996-07-19 to 2008-10-31
1998-11-23 00:00:00+00:00,11.70795726776123,21.3125,21.59375,21.25,21.59375,1688600,MTG,1996-07-19 to 2008-10-31
1998-11-24 00:00:00+00:00,11.62212085723877,21.15625,21.625,20.75,21.21875,3190200,MTG,1996-07-19 to 2008-10-31
1998-11-25 00:00:00+00:00,11.759451866149902,21.40625,21.5,21.09375,21.09375,1840200,MTG,1996-07-19 to 2008-10-31
1998-11-27 00:00:00+00:00,11.8967924118042,21.65625,21.71875,21.53125,21.625,541200,MTG,1996-07-19 to 2008-10-31
1998-11-30 00:00:00+00:00,11.450451850891113,20.84375,21.75,20.8125,21.375,3432800,MTG,1996-07-19 to 2008-10-31
1998-12-01 00:00:00+00:00,11.398947715759277,20.75,20.875,20.25,20.25,3422200,MTG,1996-07-19 to 2008-10-31
1998-12-02 00:00:00+00:00,11.072774887084961,20.15625,20.625,19.875,20.625,2876600,MTG,1996-07-19 to 2008-10-31
1998-12-03 00:00:00+00:00,10.7294340133667,19.53125,20.625,19.53125,20.21875,3020000,MTG,1996-07-19 to 2008-10-31
1998-12-04 00:00:00+00:00,10.918267250061035,19.875,20.25,19.78125,19.78125,1500800,MTG,1996-07-19 to 2008-10-31
1998-12-07 00:00:00+00:00,10.9869384765625,20.0,20.09375,19.59375,19.9375,2215400,MTG,1996-07-19 to 2008-10-31
1998-12-08 00:00:00+00:00,10.901102066040039,19.84375,20.0,19.71875,20.0,2199600,MTG,1996-07-19 to 2008-10-31
1998-12-09 00:00:00+00:00,10.83243179321289,19.71875,19.96875,19.375,19.84375,2478600,MTG,1996-07-19 to 2008-10-31
1998-12-10 00:00:00+00:00,10.815265655517578,19.6875,19.8125,19.40625,19.59375,2468400,MTG,1996-07-19 to 2008-10-31
1998-12-11 00:00:00+00:00,11.02127456665039,20.0625,20.125,19.75,20.0625,2382800,MTG,1996-07-19 to 2008-10-31
1998-12-14 00:00:00+00:00,11.00410270690918,20.03125,20.625,19.96875,20.0,3144600,MTG,1996-07-19 to 2008-10-31
1998-12-15 00:00:00+00:00,11.26160717010498,20.5,20.625,20.0625,20.125,2749400,MTG,1996-07-19 to 2008-10-31
1998-12-16 00:00:00+00:00,11.072774887084961,20.15625,20.75,20.15625,20.53125,1764200,MTG,1996-07-19 to 2008-10-31
1998-12-17 00:00:00+00:00,10.935433387756348,19.90625,20.9375,19.84375,20.375,2771200,MTG,1996-07-19 to 2008-10-31
1998-12-18 00:00:00+00:00,10.386090278625488,18.90625,19.9375,18.6875,19.84375,3349600,MTG,1996-07-19 to 2008-10-31
1998-12-21 00:00:00+00:00,10.42042350769043,18.96875,19.875,18.96875,19.09375,3136800,MTG,1996-07-19 to 2008-10-31
1998-12-22 00:00:00+00:00,10.403257369995117,18.9375,19.21875,18.65625,18.96875,2383600,MTG,1996-07-19 to 2008-10-31
1998-12-23 00:00:00+00:00,10.540589332580566,19.1875,19.4375,19.09375,19.25,2702600,MTG,1996-07-19 to 2008-10-31
1998-12-24 00:00:00+00:00,10.815265655517578,19.6875,19.71875,19.40625,19.4375,390800,MTG,1996-07-19 to 2008-10-31
1998-12-28 00:00:00+00:00,11.467616081237793,20.875,20.96875,19.6875,19.6875,4719400,MTG,1996-07-19 to 2008-10-31
1998-12-29 00:00:00+00:00,12.034131050109863,21.90625,22.5625,20.625,20.90625,3575600,MTG,1996-07-19 to 2008-10-31
1998-12-30 00:00:00+00:00,11.931126594543457,21.71875,22.125,21.625,21.875,1649400,MTG,1996-07-19 to 2008-10-31
1998-12-31 00:00:00+00:00,11.965456008911133,21.78125,21.9375,21.71875,21.9375,1044600,MTG,1996-07-19 to 2008-10-31
1999-01-04 00:00:00+00:00,12.29163646697998,22.375,22.5,21.75,22.1875,3047800,MTG,1996-07-19 to 2008-10-31
1999-01-05 00:00:00+00:00,12.360305786132812,22.5,22.75,21.8125,22.25,3012600,MTG,1996-07-19 to 2008-10-31
1999-01-06 00:00:00+00:00,12.652145385742188,23.03125,23.125,22.125,22.75,2110200,MTG,1996-07-19 to 2008-10-31
1999-01-07 00:00:00+00:00,12.343135833740234,22.46875,23.1875,22.375,23.1875,2291800,MTG,1996-07-19 to 2008-10-31
1999-01-08 00:00:00+00:00,12.119963645935059,22.0625,22.40625,21.6875,21.875,2705600,MTG,1996-07-19 to 2008-10-31
1999-01-11 00:00:00+00:00,12.016956329345703,21.875,22.3125,21.5,21.5,2007000,MTG,1996-07-19 to 2008-10-31
1999-01-12 00:00:00+00:00,11.6907958984375,21.28125,22.25,21.28125,21.90625,1435600,MTG,1996-07-19 to 2008-10-31
1999-01-13 00:00:00+00:00,11.673623085021973,21.25,21.5625,20.6875,20.6875,1972800,MTG,1996-07-19 to 2008-10-31
1999-01-14 00:00:00+00:00,11.501945495605469,20.9375,21.34375,20.78125,21.21875,1523800,MTG,1996-07-19 to 2008-10-31
1999-01-15 00:00:00+00:00,11.6907958984375,21.28125,21.34375,20.96875,21.1875,1420200,MTG,1996-07-19 to 2008-10-31
1999-01-19 00:00:00+00:00,11.450451850891113,20.84375,21.875,20.84375,21.40625,1643200,MTG,1996-07-19 to 2008-10-31
1999-01-20 00:00:00+00:00,11.330281257629395,20.625,20.96875,20.375,20.96875,2340600,MTG,1996-07-19 to 2008-10-31
1999-01-21 00:00:00+00:00,10.9869384765625,20.0,20.65625,19.71875,20.375,3636600,MTG,1996-07-19 to 2008-10-31
1999-01-22 00:00:00+00:00,11.17578125,20.34375,20.34375,19.375,19.4375,2421400,MTG,1996-07-19 to 2008-10-31
1999-01-25 00:00:00+00:00,10.969770431518555,19.96875,20.40625,19.6875,20.375,2395600,MTG,1996-07-19 to 2008-10-31
1999-01-26 00:00:00+00:00,10.712263107299805,19.5,20.1875,19.5,19.90625,3781600,MTG,1996-07-19 to 2008-10-31
1999-01-27 00:00:00+00:00,11.124268531799316,20.25,20.625,19.6875,19.6875,2636000,MTG,1996-07-19 to 2008-10-31
1999-01-28 00:00:00+00:00,10.969770431518555,19.96875,20.46875,19.75,20.25,3880000,MTG,1996-07-19 to 2008-10-31
1999-01-29 00:00:00+00:00,11.484780311584473,20.90625,21.0,20.0625,20.09375,2928800,MTG,1996-07-19 to 2008-10-31
1999-02-01 00:00:00+00:00,11.948294639587402,21.75,22.0,20.53125,21.1875,3762400,MTG,1996-07-19 to 2008-10-31
1999-02-02 00:00:00+00:00,12.188631057739258,22.1875,22.25,21.34375,21.71875,4515800,MTG,1996-07-19 to 2008-10-31
1999-02-03 00:00:00+00:00,12.205798149108887,22.21875,22.4375,21.75,22.25,2267200,MTG,1996-07-19 to 2008-10-31
1999-02-04 00:00:00+00:00,12.171465873718262,22.15625,22.34375,21.8125,22.1875,2309800,MTG,1996-07-19 to 2008-10-31
1999-02-05 00:00:00+00:00,12.016956329345703,21.875,22.34375,21.84375,22.1875,1350800,MTG,1996-07-19 to 2008-10-31
1999-02-08 00:00:00+00:00,12.154303550720215,22.125,22.34375,21.875,21.875,1914800,MTG,1996-07-19 to 2008-10-31
1999-02-09 00:00:00+00:00,11.673623085021973,21.25,22.125,21.0625,22.03125,1248800,MTG,1996-07-19 to 2008-10-31
1999-02-10 00:00:00+00:00,11.673623085021973,21.25,21.375,21.125,21.25,1491000,MTG,1996-07-19 to 2008-10-31
1999-02-11 00:00:00+00:00,10.901102066040039,19.84375,21.25,19.75,21.25,8641800,MTG,1996-07-19 to 2008-10-31
1999-02-12 00:00:00+00:00,10.351753234863281,18.84375,19.59375,18.84375,19.4375,6003600,MTG,1996-07-19 to 2008-10-31
1999-02-16 00:00:00+00:00,10.16291332244873,18.5,19.1875,18.25,19.125,7551000,MTG,1996-07-19 to 2008-10-31
1999-02-17 00:00:00+00:00,10.042744636535645,18.28125,18.6875,18.21875,18.375,7060600,MTG,1996-07-19 to 2008-10-31
1999-02-18 00:00:00+00:00,10.042744636535645,18.28125,18.625,18.25,18.5625,3902800,MTG,1996-07-19 to 2008-10-31
1999-02-19 00:00:00+00:00,10.231584548950195,18.625,18.6875,18.34375,18.40625,4168800,MTG,1996-07-19 to 2008-10-31
1999-02-22 00:00:00+00:00,10.506254196166992,19.125,19.5,18.6875,18.75,4003400,MTG,1996-07-19 to 2008-10-31
1999-02-23 00:00:00+00:00,10.351753234863281,18.84375,19.625,18.78125,19.59375,2391800,MTG,1996-07-19 to 2008-10-31
1999-02-24 00:00:00+00:00,10.57492446899414,19.25,19.71875,19.0,19.0,1802800,MTG,1996-07-19 to 2008-10-31
1999-02-25 00:00:00+00:00,10.454760551452637,19.03125,19.25,18.75,19.25,2276800,MTG,1996-07-19 to 2008-10-31
1999-02-26 00:00:00+00:00,10.471922874450684,19.0625,19.71875,18.96875,19.71875,1805000,MTG,1996-07-19 to 2008-10-31
1999-03-01 00:00:00+00:00,10.798103332519531,19.65625,19.9375,19.1875,19.1875,2380600,MTG,1996-07-19 to 2008-10-31
1999-03-02 00:00:00+00:00,11.00410270690918,20.03125,20.625,19.6875,20.0625,4467200,MTG,1996-07-19 to 2008-10-31
1999-03-03 00:00:00+00:00,10.969770431518555,19.96875,20.75,19.8125,20.5,3709200,MTG,1996-07-19 to 2008-10-31
1999-03-04 00:00:00+00:00,10.83243179321289,19.71875,20.25,19.65625,20.15625,2854800,MTG,1996-07-19 to 2008-10-31
1999-03-05 00:00:00+00:00,10.969770431518555,19.96875,20.5,19.9375,20.375,2827200,MTG,1996-07-19 to 2008-10-31
1999-03-08 00:00:00+00:00,10.7294340133667,19.53125,19.96875,19.28125,19.8125,4084200,MTG,1996-07-19 to 2008-10-31
1999-03-09 00:00:00+00:00,10.901102066040039,19.84375,19.875,19.25,19.5,2757600,MTG,1996-07-19 to 2008-10-31
1999-03-10 00:00:00+00:00,10.815265655517578,19.6875,20.0625,19.46875,19.875,2132000,MTG,1996-07-19 to 2008-10-31
1999-03-11 00:00:00+00:00,10.57492446899414,19.25,19.75,19.0,19.6875,2846400,MTG,1996-07-19 to 2008-10-31
1999-03-12 00:00:00+00:00,10.523423194885254,19.15625,19.5,19.09375,19.4375,1544400,MTG,1996-07-19 to 2008-10-31
1999-03-15 00:00:00+00:00,10.935433387756348,19.90625,20.03125,19.15625,19.15625,2243400,MTG,1996-07-19 to 2008-10-31
1999-03-16 00:00:00+00:00,11.00410270690918,20.03125,20.15625,19.8125,19.84375,2103200,MTG,1996-07-19 to 2008-10-31
1999-03-17 00:00:00+00:00,10.866767883300781,19.78125,19.96875,19.4375,19.9375,1558200,MTG,1996-07-19 to 2008-10-31
1999-03-18 00:00:00+00:00,10.9869384765625,20.0,20.1875,19.875,19.90625,1412800,MTG,1996-07-19 to 2008-10-31
1999-03-19 00:00:00+00:00,10.780932426452637,19.625,20.0625,19.28125,20.0625,1870200,MTG,1996-07-19 to 2008-10-31
1999-03-22 00:00:00+00:00,10.695099830627441,19.46875,19.59375,19.25,19.53125,1830600,MTG,1996-07-19 to 2008-10-31
1999-03-23 00:00:00+00:00,10.437585830688477,19.0,19.34375,18.78125,19.3125,1469400,MTG,1996-07-19 to 2008-10-31
1999-03-24 00:00:00+00:00,10.300256729125977,18.75,19.09375,18.5,19.0,2138200,MTG,1996-07-19 to 2008-10-31
1999-03-25 00:00:00+00:00,10.454760551452637,19.03125,19.34375,18.5,18.8125,3545000,MTG,1996-07-19 to 2008-10-31
1999-03-26 00:00:00+00:00,10.31741714477539,18.78125,19.0625,18.59375,18.71875,2010000,MTG,1996-07-19 to 2008-10-31
1999-03-29 00:00:00+00:00,10.7294340133667,19.53125,19.53125,18.8125,19.125,4329800,MTG,1996-07-19 to 2008-10-31
1999-03-30 00:00:00+00:00,10.798103332519531,19.65625,20.0,19.34375,19.59375,3408600,MTG,1996-07-19 to 2008-10-31
1999-03-31 00:00:00+00:00,11.02127456665039,20.0625,20.25,19.75,19.78125,1968200,MTG,1996-07-19 to 2008-10-31
1999-04-01 00:00:00+00:00,10.83243179321289,19.71875,20.21875,19.375,20.09375,2791200,MTG,1996-07-19 to 2008-10-31
1999-04-05 00:00:00+00:00,10.849602699279785,19.75,19.75,19.40625,19.71875,2812800,MTG,1996-07-19 to 2008-10-31
1999-04-06 00:00:00+00:00,11.038437843322754,20.09375,20.59375,19.75,19.8125,2195400,MTG,1996-07-19 to 2008-10-31
1999-04-07 00:00:00+00:00,11.398947715759277,20.75,20.75,20.125,20.3125,1929000,MTG,1996-07-19 to 2008-10-31
1999-04-08 00:00:00+00:00,11.107107162475586,20.21875,20.75,20.0,20.75,3067000,MTG,1996-07-19 to 2008-10-31
1999-04-09 00:00:00+00:00,11.467616081237793,20.875,20.96875,20.1875,20.34375,1927800,MTG,1996-07-19 to 2008-10-31
1999-04-12 00:00:00+00:00,11.553457260131836,21.03125,21.0625,20.5,20.75,1724400,MTG,1996-07-19 to 2008-10-31
1999-04-13 00:00:00+00:00,11.776620864868164,21.4375,21.75,21.28125,21.40625,2771200,MTG,1996-07-19 to 2008-10-31
1999-04-14 00:00:00+00:00,11.398947715759277,20.75,21.71875,20.75,21.5625,1725800,MTG,1996-07-19 to 2008-10-31
1999-04-15 00:00:00+00:00,11.347445487976074,20.65625,20.90625,20.21875,20.75,1712000,MTG,1996-07-19 to 2008-10-31
1999-04-16 00:00:00+00:00,11.416116714477539,20.78125,20.8125,20.3125,20.53125,1589200,MTG,1996-07-19 to 2008-10-31
1999-04-19 00:00:00+00:00,11.244441986083984,20.46875,21.6875,20.40625,21.0,2683800,MTG,1996-07-19 to 2008-10-31
1999-04-20 00:00:00+00:00,11.759451866149902,21.40625,21.4375,20.46875,20.46875,1978800,MTG,1996-07-19 to 2008-10-31
1999-04-21 00:00:00+00:00,11.759451866149902,21.40625,21.53125,21.046875,21.34375,1697800,MTG,1996-07-19 to 2008-10-31
1999-04-22 00:00:00+00:00,11.639286994934082,21.1875,21.53125,20.84375,21.53125,1605400,MTG,1996-07-19 to 2008-10-31
1999-04-23 00:00:00+00:00,11.501945495605469,20.9375,21.3125,20.90625,21.25,671600,MTG,1996-07-19 to 2008-10-31
1999-04-26 00:00:00+00:00,12.119963645935059,22.0625,22.21875,21.65625,21.875,2573800,MTG,1996-07-19 to 2008-10-31
1999-04-27 00:00:00+00:00,12.119963645935059,22.0625,22.40625,21.65625,22.1875,1430400,MTG,1996-07-19 to 2008-10-31
1999-04-28 00:00:00+00:00,12.49764347076416,22.75,22.8125,22.21875,22.5,1783200,MTG,1996-07-19 to 2008-10-31
1999-04-29 00:00:00+00:00,12.806650161743164,23.3125,23.3125,22.5,22.78125,2131400,MTG,1996-07-19 to 2008-10-31
1999-04-30 00:00:00+00:00,12.823812484741211,23.34375,23.5625,23.03125,23.34375,2904600,MTG,1996-07-19 to 2008-10-31
1999-05-03 00:00:00+00:00,13.733670234680176,25.0,25.0,22.96875,23.25,2716400,MTG,1996-07-19 to 2008-10-31
1999-05-04 00:00:00+00:00,13.476165771484375,24.53125,25.25,24.3125,25.25,3173800,MTG,1996-07-19 to 2008-10-31
1999-05-05 00:00:00+00:00,13.321660995483398,24.25,24.75,24.0625,24.5625,1757800,MTG,1996-07-19 to 2008-10-31
1999-05-06 00:00:00+00:00,13.184321403503418,24.0,24.65625,23.75,24.375,2121200,MTG,1996-07-19 to 2008-10-31
1999-05-07 00:00:00+00:00,13.081319808959961,23.8125,23.84375,23.3125,23.4375,2213800,MTG,1996-07-19 to 2008-10-31
1999-05-10 00:00:00+00:00,13.201494216918945,24.03125,24.40625,24.0,24.03125,1675200,MTG,1996-07-19 to 2008-10-31
1999-05-11 00:00:00+00:00,14.008347511291504,25.5,25.53125,24.03125,24.125,2625800,MTG,1996-07-19 to 2008-10-31
1999-05-12 00:00:00+00:00,14.918200492858887,27.15625,27.46875,26.0,26.5,7342600,MTG,1996-07-19 to 2008-10-31
1999-05-13 00:00:00+00:00,15.124202728271484,27.53125,27.625,26.6875,27.15625,3651200,MTG,1996-07-19 to 2008-10-31
1999-05-14 00:00:00+00:00,15.124202728271484,27.53125,27.59375,27.125,27.25,3170000,MTG,1996-07-19 to 2008-10-31
1999-05-17 00:00:00+00:00,14.09417724609375,25.65625,27.3125,25.65625,27.25,3078400,MTG,1996-07-19 to 2008-10-31
1999-05-18 00:00:00+00:00,14.145682334899902,25.75,26.59375,25.40625,26.1875,2222200,MTG,1996-07-19 to 2008-10-31
1999-05-19 00:00:00+00:00,14.454691886901855,26.3125,26.3125,25.625,25.9375,1447800,MTG,1996-07-19 to 2008-10-31
1999-05-20 00:00:00+00:00,14.832371711730957,27.0,27.25,26.40625,26.5,4239800,MTG,1996-07-19 to 2008-10-31
1999-05-21 00:00:00+00:00,14.918200492858887,27.15625,27.3125,26.84375,27.125,2154600,MTG,1996-07-19 to 2008-10-31
1999-05-24 00:00:00+00:00,15.261547088623047,27.78125,28.15625,27.28125,27.5,3790800,MTG,1996-07-19 to 2008-10-31
1999-05-25 00:00:00+00:00,14.780862808227539,26.90625,27.78125,26.875,27.75,2401200,MTG,1996-07-19 to 2008-10-31
1999-05-26 00:00:00+00:00,14.420354843139648,26.25,26.6875,25.125,26.5625,2221600,MTG,1996-07-19 to 2008-10-31
1999-05-27 00:00:00+00:00,14.420354843139648,26.25,26.4375,25.53125,26.3125,2265400,MTG,1996-07-19 to 2008-10-31
1999-05-28 00:00:00+00:00,14.969697952270508,27.25,27.25,26.25,26.25,2347200,MTG,1996-07-19 to 2008-10-31
1999-06-01 00:00:00+00:00,15.07270336151123,27.4375,27.4375,26.96875,27.25,2654400,MTG,1996-07-19 to 2008-10-31
1999-06-02 00:00:00+00:00,14.643527030944824,26.65625,27.46875,26.40625,27.34375,2100600,MTG,1996-07-19 to 2008-10-31
1999-06-03 00:00:00+00:00,14.557689666748047,26.5,27.21875,26.46875,26.59375,1340600,MTG,1996-07-19 to 2008-10-31
1999-06-04 00:00:00+00:00,14.557689666748047,26.5,26.5625,26.40625,26.40625,1348000,MTG,1996-07-19 to 2008-10-31
1999-06-07 00:00:00+00:00,14.437515258789062,26.28125,26.5,26.0,26.5,1139400,MTG,1996-07-19 to 2008-10-31
1999-06-08 00:00:00+00:00,14.248687744140625,25.9375,26.625,25.84375,26.5,886000,MTG,1996-07-19 to 2008-10-31
1999-06-09 00:00:00+00:00,13.974014282226562,25.4375,26.125,25.21875,25.96875,1131400,MTG,1996-07-19 to 2008-10-31
1999-06-10 00:00:00+00:00,14.300186157226562,26.03125,26.03125,25.0625,25.0625,1818000,MTG,1996-07-19 to 2008-10-31
1999-06-11 00:00:00+00:00,14.162850379943848,25.78125,26.5,25.625,26.125,2587200,MTG,1996-07-19 to 2008-10-31
1999-06-14 00:00:00+00:00,14.145682334899902,25.75,26.09375,25.65625,25.75,1561400,MTG,1996-07-19 to 2008-10-31
1999-06-15 00:00:00+00:00,13.78516960144043,25.09375,25.84375,25.03125,25.75,1318800,MTG,1996-07-19 to 2008-10-31
1999-06-16 00:00:00+00:00,14.12851619720459,25.71875,25.8125,25.40625,25.5,2209200,MTG,1996-07-19 to 2008-10-31
1999-06-17 00:00:00+00:00,14.334516525268555,26.09375,26.15625,25.59375,25.59375,1400600,MTG,1996-07-19 to 2008-10-31
1999-06-18 00:00:00+00:00,14.368856430053711,26.15625,26.53125,26.09375,26.09375,1772600,MTG,1996-07-19 to 2008-10-31
1999-06-21 00:00:00+00:00,15.107044219970703,27.5,27.5625,26.3125,26.75,4593400,MTG,1996-07-19 to 2008-10-31
1999-06-22 00:00:00+00:00,14.901036262512207,27.125,27.5,27.0625,27.5,1858400,MTG,1996-07-19 to 2008-10-31
1999-06-23 00:00:00+00:00,14.609187126159668,26.59375,26.78125,26.4375,26.65625,1691000,MTG,1996-07-19 to 2008-10-31
1999-06-24 00:00:00+00:00,14.643527030944824,26.65625,26.84375,26.25,26.6875,2170400,MTG,1996-07-19 to 2008-10-31
1999-06-25 00:00:00+00:00,14.351688385009766,26.125,26.6875,25.8125,26.4375,1396600,MTG,1996-07-19 to 2008-10-31
1999-06-28 00:00:00+00:00,14.523355484008789,26.4375,26.5625,26.125,26.125,1924600,MTG,1996-07-19 to 2008-10-31
1999-06-29 00:00:00+00:00,14.798033714294434,26.9375,26.96875,26.4375,26.46875,1929800,MTG,1996-07-19 to 2008-10-31
1999-06-30 00:00:00+00:00,14.54051685333252,26.46875,27.0,26.375,26.96875,1581800,MTG,1996-07-19 to 2008-10-31
1999-07-01 00:00:00+00:00,14.918200492858887,27.15625,27.34375,26.375,26.46875,1351200,MTG,1996-07-19 to 2008-10-31
1999-07-02 00:00:00+00:00,15.107044219970703,27.5,27.5,26.9375,27.0,1226000,MTG,1996-07-19 to 2008-10-31
1999-07-06 00:00:00+00:00,15.501887321472168,28.21875,28.46875,27.5,27.5,3982600,MTG,1996-07-19 to 2008-10-31
1999-07-07 00:00:00+00:00,15.62204647064209,28.4375,28.46875,27.78125,28.21875,2594000,MTG,1996-07-19 to 2008-10-31
1999-07-08 00:00:00+00:00,15.141375541687012,27.5625,28.53125,27.5625,28.3125,3091000,MTG,1996-07-19 to 2008-10-31
1999-07-09 00:00:00+00:00,15.227208137512207,27.71875,27.96875,27.46875,27.5625,1764800,MTG,1996-07-19 to 2008-10-31
1999-07-12 00:00:00+00:00,15.158543586730957,27.59375,27.875,27.59375,27.71875,656800,MTG,1996-07-19 to 2008-10-31
1999-07-13 00:00:00+00:00,15.107044219970703,27.5,27.875,27.46875,27.46875,910800,MTG,1996-07-19 to 2008-10-31
1999-07-14 00:00:00+00:00,15.107044219970703,27.5,27.71875,26.96875,27.46875,1672800,MTG,1996-07-19 to 2008-10-31
1999-07-15 00:00:00+00:00,15.381714820861816,28.0,28.125,27.5,27.5,2992000,MTG,1996-07-19 to 2008-10-31
1999-07-16 00:00:00+00:00,15.484712600708008,28.1875,28.3125,27.8125,28.03125,1321000,MTG,1996-07-19 to 2008-10-31
1999-07-19 00:00:00+00:00,15.278706550598145,27.8125,28.28125,27.75,28.1875,1335000,MTG,1996-07-19 to 2008-10-31
1999-07-20 00:00:00+00:00,14.746530532836914,26.84375,27.9375,26.65625,27.9375,1361600,MTG,1996-07-19 to 2008-10-31
1999-07-21 00:00:00+00:00,14.300186157226562,26.03125,26.78125,26.0,26.71875,1614200,MTG,1996-07-19 to 2008-10-31
1999-07-22 00:00:00+00:00,14.283019065856934,26.0,26.46875,26.0,26.3125,1790400,MTG,1996-07-19 to 2008-10-31
1999-07-23 00:00:00+00:00,13.750836372375488,25.03125,26.09375,24.96875,26.0,2227200,MTG,1996-07-19 to 2008-10-31
1999-07-26 00:00:00+00:00,13.836676597595215,25.1875,25.5,24.78125,24.78125,1906600,MTG,1996-07-19 to 2008-10-31
1999-07-27 00:00:00+00:00,14.162850379943848,25.78125,25.96875,25.28125,25.5,1912800,MTG,1996-07-19 to 2008-10-31
1999-07-28 00:00:00+00:00,14.609187126159668,26.59375,26.71875,25.75,25.78125,1512800,MTG,1996-07-19 to 2008-10-31
1999-07-29 00:00:00+00:00,14.643527030944824,26.65625,26.90625,26.1875,26.28125,3386400,MTG,1996-07-19 to 2008-10-31
1999-07-30 00:00:00+00:00,14.09417724609375,25.65625,26.53125,25.28125,26.53125,1352200,MTG,1996-07-19 to 2008-10-31
1999-08-02 00:00:00+00:00,14.025518417358398,25.53125,26.4375,25.4375,25.65625,1586200,MTG,1996-07-19 to 2008-10-31
1999-08-03 00:00:00+00:00,14.231520652770996,25.90625,25.96875,25.3125,25.75,1381000,MTG,1996-07-19 to 2008-10-31
1999-08-04 00:00:00+00:00,13.974014282226562,25.4375,25.90625,25.3125,25.90625,1351000,MTG,1996-07-19 to 2008-10-31
1999-08-05 00:00:00+00:00,13.459001541137695,24.5,25.34375,24.25,25.3125,1595400,MTG,1996-07-19 to 2008-10-31
1999-08-06 00:00:00+00:00,13.424665451049805,24.4375,24.71875,24.34375,24.4375,1833200,MTG,1996-07-19 to 2008-10-31
1999-08-09 00:00:00+00:00,13.064148902893066,23.78125,24.65625,23.59375,24.5625,2070200,MTG,1996-07-19 to 2008-10-31
1999-08-10 00:00:00+00:00,13.459001541137695,24.5,24.5,22.9375,23.78125,2574800,MTG,1996-07-19 to 2008-10-31
1999-08-11 00:00:00+00:00,13.768006324768066,25.0625,25.125,24.25,24.5,2591000,MTG,1996-07-19 to 2008-10-31
1999-08-12 00:00:00+00:00,13.871009826660156,25.25,25.84375,25.0625,25.0625,1272600,MTG,1996-07-19 to 2008-10-31
1999-08-13 00:00:00+00:00,13.750836372375488,25.03125,25.625,25.03125,25.5,1232400,MTG,1996-07-19 to 2008-10-31
1999-08-16 00:00:00+00:00,13.956840515136719,25.40625,25.71875,24.84375,25.03125,918400,MTG,1996-07-19 to 2008-10-31
1999-08-17 00:00:00+00:00,13.991177558898926,25.46875,25.53125,25.125,25.5,1366400,MTG,1996-07-19 to 2008-10-31
1999-08-18 00:00:00+00:00,13.922514915466309,25.34375,25.46875,24.9375,25.46875,1383200,MTG,1996-07-19 to 2008-10-31
1999-08-19 00:00:00+00:00,13.802336692810059,25.125,25.28125,24.75,25.28125,873800,MTG,1996-07-19 to 2008-10-31
1999-08-20 00:00:00+00:00,13.716504096984863,24.96875,25.0625,24.65625,24.9375,991800,MTG,1996-07-19 to 2008-10-31
1999-08-23 00:00:00+00:00,13.716504096984863,24.96875,25.21875,24.890625,25.0,1237600,MTG,1996-07-19 to 2008-10-31
1999-08-24 00:00:00+00:00,13.321660995483398,24.25,24.625,23.875,24.5625,2106600,MTG,1996-07-19 to 2008-10-31
1999-08-25 00:00:00+00:00,13.149992942810059,23.9375,24.09375,23.0,23.0,4672400,MTG,1996-07-19 to 2008-10-31
1999-08-26 00:00:00+00:00,12.840981483459473,23.375,24.1875,23.34375,23.9375,1841000,MTG,1996-07-19 to 2008-10-31
1999-08-27 00:00:00+00:00,13.184321403503418,24.0,24.21875,23.46875,23.875,1485600,MTG,1996-07-19 to 2008-10-31
1999-08-30 00:00:00+00:00,12.892481803894043,23.46875,24.0625,23.46875,24.0,1204600,MTG,1996-07-19 to 2008-10-31
1999-08-31 00:00:00+00:00,12.63498306274414,23.0,23.5625,22.25,23.5625,2937200,MTG,1996-07-19 to 2008-10-31
1999-09-01 00:00:00+00:00,13.012657165527344,23.6875,23.75,23.125,23.1875,2403200,MTG,1996-07-19 to 2008-10-31
1999-09-02 00:00:00+00:00,12.29163646697998,22.375,22.71875,22.125,22.71875,3421200,MTG,1996-07-19 to 2008-10-31
1999-09-03 00:00:00+00:00,12.652145385742188,23.03125,23.15625,22.46875,23.0,2018600,MTG,1996-07-19 to 2008-10-31
1999-09-07 00:00:00+00:00,12.463308334350586,22.6875,23.46875,22.6875,22.9375,1151200,MTG,1996-07-19 to 2008-10-31
1999-09-08 00:00:00+00:00,12.549144744873047,22.84375,23.15625,22.625,22.6875,1090600,MTG,1996-07-19 to 2008-10-31
1999-09-09 00:00:00+00:00,12.583475112915039,22.90625,22.96875,22.5,22.96875,1657200,MTG,1996-07-19 to 2008-10-31
1999-09-10 00:00:00+00:00,12.772315979003906,23.25,23.625,23.21875,23.28125,1841600,MTG,1996-07-19 to 2008-10-31
1999-09-13 00:00:00+00:00,13.04698657989502,23.75,23.84375,23.125,23.25,2029000,MTG,1996-07-19 to 2008-10-31
1999-09-14 00:00:00+00:00,12.87531852722168,23.4375,24.5625,23.34375,24.0,2671800,MTG,1996-07-19 to 2008-10-31
1999-09-15 00:00:00+00:00,12.7379789352417,23.1875,23.625,22.78125,23.5,1294400,MTG,1996-07-19 to 2008-10-31
1999-09-16 00:00:00+00:00,12.51480770111084,22.78125,22.84375,22.5,22.8125,934600,MTG,1996-07-19 to 2008-10-31
1999-09-17 00:00:00+00:00,13.064148902893066,23.78125,23.9375,22.90625,22.9375,1595800,MTG,1996-07-19 to 2008-10-31
1999-09-20 00:00:00+00:00,12.755149841308594,23.21875,23.71875,22.78125,23.71875,1072800,MTG,1996-07-19 to 2008-10-31
1999-09-21 00:00:00+00:00,12.446142196655273,22.65625,23.21875,22.5,23.21875,1030000,MTG,1996-07-19 to 2008-10-31
1999-09-22 00:00:00+00:00,12.617810249328613,22.96875,23.1875,22.28125,22.40625,1964000,MTG,1996-07-19 to 2008-10-31
1999-09-23 00:00:00+00:00,12.154303550720215,22.125,22.96875,21.75,22.9375,2543200,MTG,1996-07-19 to 2008-10-31
1999-09-24 00:00:00+00:00,12.051297187805176,21.9375,22.625,21.9375,21.96875,2178400,MTG,1996-07-19 to 2008-10-31
1999-09-27 00:00:00+00:00,12.085631370544434,22.0,22.4375,21.96875,22.0,2849800,MTG,1996-07-19 to 2008-10-31
1999-09-28 00:00:00+00:00,11.965456008911133,21.78125,22.3125,21.28125,22.125,2666000,MTG,1996-07-19 to 2008-10-31
1999-09-29 00:00:00+00:00,11.879629135131836,21.625,21.90625,21.46875,21.78125,2343600,MTG,1996-07-19 to 2008-10-31
1999-09-30 00:00:00+00:00,11.999797821044922,21.84375,22.25,21.53125,21.625,2095600,MTG,1996-07-19 to 2008-10-31
1999-10-01 00:00:00+00:00,12.308802604675293,22.40625,22.4375,21.75,21.9375,2036400,MTG,1996-07-19 to 2008-10-31
1999-10-04 00:00:00+00:00,12.205798149108887,22.21875,22.71875,21.9375,22.5,2931800,MTG,1996-07-19 to 2008-10-31
1999-10-05 00:00:00+00:00,11.999797821044922,21.84375,22.46875,21.4375,21.875,2784000,MTG,1996-07-19 to 2008-10-31
1999-10-06 00:00:00+00:00,11.828125953674316,21.53125,21.9375,21.5,21.5,2514200,MTG,1996-07-19 to 2008-10-31
1999-10-07 00:00:00+00:00,11.982624053955078,21.8125,22.53125,21.75,21.75,2018000,MTG,1996-07-19 to 2008-10-31
1999-10-08 00:00:00+00:00,12.63498306274414,23.0,23.28125,21.875,21.9375,2236000,MTG,1996-07-19 to 2008-10-31
1999-10-11 00:00:00+00:00,12.531973838806152,22.8125,23.15625,22.65625,22.96875,1255600,MTG,1996-07-19 to 2008-10-31
1999-10-12 00:00:00+00:00,12.446142196655273,22.65625,23.0,22.375,22.9375,1326200,MTG,1996-07-19 to 2008-10-31
1999-10-13 00:00:00+00:00,12.137134552001953,22.09375,22.71875,22.0,22.59375,999400,MTG,1996-07-19 to 2008-10-31
1999-10-14 00:00:00+00:00,11.913958549499512,21.6875,22.09375,21.59375,22.0625,1267200,MTG,1996-07-19 to 2008-10-31
1999-10-15 00:00:00+00:00,11.501945495605469,20.9375,21.5625,20.75,21.5625,2019000,MTG,1996-07-19 to 2008-10-31
1999-10-18 00:00:00+00:00,11.467616081237793,20.875,21.15625,20.625,20.90625,1214800,MTG,1996-07-19 to 2008-10-31
1999-10-19 00:00:00+00:00,11.553457260131836,21.03125,21.28125,21.0,21.25,2266000,MTG,1996-07-19 to 2008-10-31
1999-10-20 00:00:00+00:00,11.501945495605469,20.9375,21.1875,20.8125,21.125,2173600,MTG,1996-07-19 to 2008-10-31
1999-10-21 00:00:00+00:00,11.398947715759277,20.75,21.46875,20.5625,21.1875,1816000,MTG,1996-07-19 to 2008-10-31
1999-10-22 00:00:00+00:00,11.793787956237793,21.46875,22.0,20.8125,20.875,2912000,MTG,1996-07-19 to 2008-10-31
1999-10-25 00:00:00+00:00,11.53628158569336,21.0,21.625,21.0,21.46875,1304800,MTG,1996-07-19 to 2008-10-31
1999-10-26 00:00:00+00:00,10.7294340133667,19.53125,21.21875,19.375,21.125,3575400,MTG,1996-07-19 to 2008-10-31
1999-10-27 00:00:00+00:00,10.849602699279785,19.75,19.84375,19.21875,19.78125,4191000,MTG,1996-07-19 to 2008-10-31
1999-10-28 00:00:00+00:00,11.433281898498535,20.8125,21.3125,20.25,20.25,3217800,MTG,1996-07-19 to 2008-10-31
1999-10-29 00:00:00+00:00,11.725123405456543,21.34375,21.84375,21.34375,21.625,3423800,MTG,1996-07-19 to 2008-10-31
1999-11-01 00:00:00+00:00,11.70795726776123,21.3125,21.9375,21.0625,21.59375,1665400,MTG,1996-07-19 to 2008-10-31
1999-11-02 00:00:00+00:00,12.240138053894043,22.28125,22.84375,21.625,21.71875,3913600,MTG,1996-07-19 to 2008-10-31
1999-11-03 00:00:00+00:00,12.085631370544434,22.0,22.75,21.96875,22.75,2491800,MTG,1996-07-19 to 2008-10-31
1999-11-04 00:00:00+00:00,12.085631370544434,22.0,22.5,21.8125,22.25,2267400,MTG,1996-07-19 to 2008-10-31
1999-11-05 00:00:00+00:00,12.308802604675293,22.40625,22.6875,22.25,22.25,1498400,MTG,1996-07-19 to 2008-10-31
1999-11-08 00:00:00+00:00,11.982624053955078,21.8125,22.21875,21.6875,22.1875,1613800,MTG,1996-07-19 to 2008-10-31
1999-11-09 00:00:00+00:00,11.433281898498535,20.8125,21.46875,20.65625,21.4375,2736400,MTG,1996-07-19 to 2008-10-31
1999-11-10 00:00:00+00:00,11.828125953674316,21.53125,21.8125,20.84375,21.09375,2194400,MTG,1996-07-19 to 2008-10-31
1999-11-11 00:00:00+00:00,11.553457260131836,21.03125,21.5625,21.0,21.5625,1963000,MTG,1996-07-19 to 2008-10-31
1999-11-12 00:00:00+00:00,11.725123405456543,21.34375,21.6875,21.15625,21.15625,1903200,MTG,1996-07-19 to 2008-10-31
1999-11-15 00:00:00+00:00,11.810956954956055,21.5,21.96875,21.25,21.34375,3286000,MTG,1996-07-19 to 2008-10-31
1999-11-16 00:00:00+00:00,11.53628158569336,21.0,21.75,20.46875,21.625,2529600,MTG,1996-07-19 to 2008-10-31
1999-11-17 00:00:00+00:00,11.3817777633667,20.71875,21.375,20.53125,20.875,2922600,MTG,1996-07-19 to 2008-10-31
1999-11-18 00:00:00+00:00,11.53628158569336,21.0,21.125,20.75,20.75,1188200,MTG,1996-07-19 to 2008-10-31
1999-11-19 00:00:00+00:00,11.776620864868164,21.4375,21.5,20.9375,21.125,1213800,MTG,1996-07-19 to 2008-10-31
1999-11-22 00:00:00+00:00,11.330281257629395,20.625,21.125,20.53125,21.125,2343400,MTG,1996-07-19 to 2008-10-31
1999-11-23 00:00:00+00:00,11.553457260131836,21.03125,21.4375,20.8125,20.96875,3963200,MTG,1996-07-19 to 2008-10-31
1999-11-24 00:00:00+00:00,11.484780311584473,20.90625,21.3125,20.8125,21.125,1946200,MTG,1996-07-19 to 2008-10-31
1999-11-26 00:00:00+00:00,11.6907958984375,21.28125,21.3125,20.84375,20.90625,821000,MTG,1996-07-19 to 2008-10-31
1999-11-29 00:00:00+00:00,12.531973838806152,22.8125,23.0625,21.34375,21.34375,3789200,MTG,1996-07-19 to 2008-10-31
1999-11-30 00:00:00+00:00,12.926819801330566,23.53125,23.5625,22.9375,22.9375,2778400,MTG,1996-07-19 to 2008-10-31
1999-12-01 00:00:00+00:00,12.617810249328613,22.96875,23.375,22.84375,23.375,5373800,MTG,1996-07-19 to 2008-10-31
1999-12-02 00:00:00+00:00,12.49764347076416,22.75,22.8125,22.5,22.75,3253800,MTG,1996-07-19 to 2008-10-31
1999-12-03 00:00:00+00:00,12.49764347076416,22.75,23.71875,22.75,23.6875,2401600,MTG,1996-07-19 to 2008-10-31
1999-12-06 00:00:00+00:00,12.37746810913086,22.53125,22.875,22.15625,22.25,2646200,MTG,1996-07-19 to 2008-10-31
1999-12-07 00:00:00+00:00,12.034131050109863,21.90625,22.5,21.546875,22.5,1861400,MTG,1996-07-19 to 2008-10-31
1999-12-08 00:00:00+00:00,12.300223350524902,22.390625,22.4375,21.65625,21.65625,1738400,MTG,1996-07-19 to 2008-10-31
1999-12-09 00:00:00+00:00,12.257299423217773,22.3125,22.40625,21.9375,21.9375,2104000,MTG,1996-07-19 to 2008-10-31
1999-12-10 00:00:00+00:00,12.652145385742188,23.03125,23.0625,22.375,22.375,2494800,MTG,1996-07-19 to 2008-10-31
1999-12-13 00:00:00+00:00,12.622105598449707,22.9765625,23.21875,22.71875,23.03125,2350600,MTG,1996-07-19 to 2008-10-31
1999-12-14 00:00:00+00:00,12.37746810913086,22.53125,23.25,22.53125,23.25,2496200,MTG,1996-07-19 to 2008-10-31
1999-12-15 00:00:00+00:00,12.51480770111084,22.78125,22.96875,22.53125,22.78125,1926200,MTG,1996-07-19 to 2008-10-31
1999-12-16 00:00:00+00:00,12.669316291809082,23.0625,23.375,22.5,22.875,2536400,MTG,1996-07-19 to 2008-10-31
1999-12-17 00:00:00+00:00,13.115656852722168,23.875,24.0625,23.0625,23.1875,2801000,MTG,1996-07-19 to 2008-10-31
1999-12-20 00:00:00+00:00,13.081319808959961,23.8125,24.65625,23.75,24.25,2435400,MTG,1996-07-19 to 2008-10-31
1999-12-21 00:00:00+00:00,13.544831275939941,24.65625,24.8125,23.78125,23.8125,2936600,MTG,1996-07-19 to 2008-10-31
1999-12-22 00:00:00+00:00,13.390324592590332,24.375,24.875,24.125,24.75,2046800,MTG,1996-07-19 to 2008-10-31
1999-12-23 00:00:00+00:00,13.510497093200684,24.59375,24.71875,24.375,24.375,1596400,MTG,1996-07-19 to 2008-10-31
1999-12-27 00:00:00+00:00,13.493330955505371,24.5625,24.96875,24.5,24.5,1434600,MTG,1996-07-19 to 2008-10-31
1999-12-28 00:00:00+00:00,13.493330955505371,24.5625,25.125,24.53125,24.84375,1435000,MTG,1996-07-19 to 2008-10-31
1999-12-29 00:00:00+00:00,13.527667999267578,24.625,25.0625,24.234375,24.59375,1492800,MTG,1996-07-19 to 2008-10-31
1999-12-30 00:00:00+00:00,13.66500473022461,24.875,25.03125,24.5,24.71875,903200,MTG,1996-07-19 to 2008-10-31
1999-12-31 00:00:00+00:00,13.888175964355469,25.28125,25.375,24.875,24.875,576000,MTG,1996-07-19 to 2008-10-31
2000-01-03 00:00:00+00:00,13.836676597595215,25.1875,25.53125,23.875,25.125,2493200,MTG,1996-07-19 to 2008-10-31
2000-01-04 00:00:00+00:00,13.4418363571167,24.46875,24.875,24.09375,24.6875,1527000,MTG,1996-07-19 to 2008-10-31
2000-01-05 00:00:00+00:00,13.699334144592285,24.9375,25.0,24.125,24.5625,1755400,MTG,1996-07-19 to 2008-10-31
2000-01-06 00:00:00+00:00,13.579174041748047,24.71875,25.0,24.15625,25.0,1663200,MTG,1996-07-19 to 2008-10-31
2000-01-07 00:00:00+00:00,13.956840515136719,25.40625,25.5,24.53125,24.625,2078400,MTG,1996-07-19 to 2008-10-31
2000-01-10 00:00:00+00:00,14.38602352142334,26.1875,26.59375,25.4375,25.4375,2877200,MTG,1996-07-19 to 2008-10-31
2000-01-11 00:00:00+00:00,13.922514915466309,25.34375,26.9375,25.28125,26.65625,2632600,MTG,1996-07-19 to 2008-10-31
2000-01-12 00:00:00+00:00,13.888175964355469,25.28125,25.5625,24.8125,25.40625,2691600,MTG,1996-07-19 to 2008-10-31
2000-01-13 00:00:00+00:00,14.077014923095703,25.625,25.84375,24.90625,25.125,2756200,MTG,1996-07-19 to 2008-10-31
2000-01-14 00:00:00+00:00,13.149992942810059,23.9375,25.8125,23.0,25.625,10037800,MTG,1996-07-19 to 2008-10-31
2000-01-18 00:00:00+00:00,13.167160034179688,23.96875,24.0625,23.40625,23.40625,4181000,MTG,1996-07-19 to 2008-10-31
2000-01-19 00:00:00+00:00,13.132826805114746,23.90625,24.65625,23.6875,24.0625,2492200,MTG,1996-07-19 to 2008-10-31
2000-01-20 00:00:00+00:00,12.707938194274902,23.1328125,23.8125,22.5,23.8125,2733400,MTG,1996-07-19 to 2008-10-31
2000-01-21 00:00:00+00:00,12.051297187805176,21.9375,22.5,21.65625,22.5,2467600,MTG,1996-07-19 to 2008-10-31
2000-01-24 00:00:00+00:00,11.330281257629395,20.625,22.25,20.53125,22.0625,2281400,MTG,1996-07-19 to 2008-10-31
2000-01-25 00:00:00+00:00,11.828125953674316,21.53125,21.84375,20.75,21.0625,1846800,MTG,1996-07-19 to 2008-10-31
2000-01-26 00:00:00+00:00,12.360305786132812,22.5,22.5625,21.375,21.84375,2991200,MTG,1996-07-19 to 2008-10-31
2000-01-27 00:00:00+00:00,11.725123405456543,21.34375,22.125,21.0625,22.125,2234200,MTG,1996-07-19 to 2008-10-31
2000-01-28 00:00:00+00:00,11.433281898498535,20.8125,21.375,20.6875,21.21875,1333400,MTG,1996-07-19 to 2008-10-31
2000-01-31 00:00:00+00:00,11.433281898498535,20.8125,21.21875,20.5,20.75,1602400,MTG,1996-07-19 to 2008-10-31
2000-02-01 00:00:00+00:00,11.570616722106934,21.0625,21.65625,20.71875,20.8125,1742400,MTG,1996-07-19 to 2008-10-31
2000-02-02 00:00:00+00:00,11.759451866149902,21.40625,21.4375,20.75,21.0,1183800,MTG,1996-07-19 to 2008-10-31
2000-02-03 00:00:00+00:00,11.347445487976074,20.65625,21.46875,20.5,21.46875,2862400,MTG,1996-07-19 to 2008-10-31
2000-02-04 00:00:00+00:00,10.969770431518555,19.96875,20.625,19.6875,20.53125,3182000,MTG,1996-07-19 to 2008-10-31
2000-02-07 00:00:00+00:00,10.24875545501709,18.65625,19.96875,18.46875,19.96875,3232600,MTG,1996-07-19 to 2008-10-31
2000-02-08 00:00:00+00:00,10.677928924560547,19.4375,19.5,18.90625,19.03125,6074600,MTG,1996-07-19 to 2008-10-31
2000-02-09 00:00:00+00:00,10.42042350769043,18.96875,19.53125,18.4375,19.5,3477400,MTG,1996-07-19 to 2008-10-31
2000-02-10 00:00:00+00:00,10.351753234863281,18.84375,19.15625,18.53125,19.0,1630800,MTG,1996-07-19 to 2008-10-31
2000-02-11 00:00:00+00:00,10.145750045776367,18.46875,19.0,18.40625,18.96875,1697400,MTG,1996-07-19 to 2008-10-31
2000-02-14 00:00:00+00:00,10.111414909362793,18.40625,18.6875,18.03125,18.5,1433000,MTG,1996-07-19 to 2008-10-31
2000-02-15 00:00:00+00:00,10.42042350769043,18.96875,19.15625,18.1875,18.28125,2237400,MTG,1996-07-19 to 2008-10-31
2000-02-16 00:00:00+00:00,9.802412033081055,17.84375,18.84375,17.625,18.78125,1616600,MTG,1996-07-19 to 2008-10-31
2000-02-17 00:00:00+00:00,9.424734115600586,17.15625,18.21875,17.0,18.15625,3291000,MTG,1996-07-19 to 2008-10-31
2000-02-18 00:00:00+00:00,9.287394523620605,16.90625,17.625,16.84375,17.28125,1854600,MTG,1996-07-19 to 2008-10-31
2000-02-22 00:00:00+00:00,9.613568305969238,17.5,17.53125,16.65625,17.0,2618800,MTG,1996-07-19 to 2008-10-31
2000-02-23 00:00:00+00:00,9.390397071838379,17.09375,17.625,16.90625,17.5625,2976800,MTG,1996-07-19 to 2008-10-31
2000-02-24 00:00:00+00:00,8.909723281860352,16.21875,17.0,15.8125,16.96875,3960800,MTG,1996-07-19 to 2008-10-31
2000-02-25 00:00:00+00:00,8.944056510925293,16.28125,16.6875,16.28125,16.59375,2091600,MTG,1996-07-19 to 2008-10-31
2000-02-28 00:00:00+00:00,9.682236671447754,17.625,17.8125,16.6875,16.8125,3169800,MTG,1996-07-19 to 2008-10-31
2000-02-29 00:00:00+00:00,10.077081680297852,18.34375,18.875,18.09375,18.6875,4292200,MTG,1996-07-19 to 2008-10-31
2000-03-01 00:00:00+00:00,9.974081993103027,18.15625,19.21875,17.90625,19.1875,3475000,MTG,1996-07-19 to 2008-10-31
2000-03-02 00:00:00+00:00,10.008411407470703,18.21875,18.46875,18.0,18.03125,1482800,MTG,1996-07-19 to 2008-10-31
2000-03-03 00:00:00+00:00,9.922577857971191,18.0625,18.65625,18.0625,18.21875,1469800,MTG,1996-07-19 to 2008-10-31
2000-03-06 00:00:00+00:00,9.459064483642578,17.21875,18.125,17.03125,17.96875,1874400,MTG,1996-07-19 to 2008-10-31
2000-03-07 00:00:00+00:00,9.064223289489746,16.5,17.15625,16.5,16.875,2211800,MTG,1996-07-19 to 2008-10-31
2000-03-08 00:00:00+00:00,9.35606575012207,17.03125,17.25,16.4375,16.625,1747600,MTG,1996-07-19 to 2008-10-31
2000-03-09 00:00:00+00:00,9.390397071838379,17.09375,17.25,16.6875,16.90625,2206200,MTG,1996-07-19 to 2008-10-31
2000-03-10 00:00:00+00:00,9.699406623840332,17.65625,18.0,17.15625,17.21875,1836600,MTG,1996-07-19 to 2008-10-31
2000-03-13 00:00:00+00:00,9.562065124511719,17.40625,17.6875,16.84375,17.25,1562600,MTG,1996-07-19 to 2008-10-31
2000-03-14 00:00:00+00:00,9.750909805297852,17.75,18.1875,17.125,17.40625,1639200,MTG,1996-07-19 to 2008-10-31
2000-03-15 00:00:00+00:00,10.798103332519531,19.65625,20.0,17.625,17.625,4094600,MTG,1996-07-19 to 2008-10-31
2000-03-16 00:00:00+00:00,11.278775215148926,20.53125,21.375,19.875,20.0,3160800,MTG,1996-07-19 to 2008-10-31
2000-03-17 00:00:00+00:00,11.00410270690918,20.03125,20.8125,19.75,19.75,2336600,MTG,1996-07-19 to 2008-10-31
2000-03-20 00:00:00+00:00,11.158609390258789,20.3125,20.46875,19.25,20.0,2537400,MTG,1996-07-19 to 2008-10-31
2000-03-21 00:00:00+00:00,11.553457260131836,21.03125,21.4375,20.34375,20.34375,1856400,MTG,1996-07-19 to 2008-10-31
2000-03-22 00:00:00+00:00,11.124268531799316,20.25,20.90625,19.96875,20.90625,2506200,MTG,1996-07-19 to 2008-10-31
2000-03-23 00:00:00+00:00,10.935433387756348,19.90625,20.375,19.625,20.375,1937400,MTG,1996-07-19 to 2008-10-31
2000-03-24 00:00:00+00:00,10.9869384765625,20.0,20.96875,19.84375,19.90625,2256600,MTG,1996-07-19 to 2008-10-31
2000-03-27 00:00:00+00:00,10.935433387756348,19.90625,20.1875,19.6875,20.03125,1543200,MTG,1996-07-19 to 2008-10-31
2000-03-28 00:00:00+00:00,10.969770431518555,19.96875,20.53125,19.53125,19.625,1700000,MTG,1996-07-19 to 2008-10-31
2000-03-29 00:00:00+00:00,11.587788581848145,21.09375,21.1875,19.96875,19.96875,2128000,MTG,1996-07-19 to 2008-10-31
2000-03-30 00:00:00+00:00,11.948294639587402,21.75,22.375,20.75,21.09375,2637000,MTG,1996-07-19 to 2008-10-31
2000-03-31 00:00:00+00:00,11.604950904846191,21.125,22.1875,20.875,22.0,2451400,MTG,1996-07-19 to 2008-10-31
2000-04-03 00:00:00+00:00,11.742287635803223,21.375,21.9375,20.75,20.8125,1585600,MTG,1996-07-19 to 2008-10-31
2000-04-04 00:00:00+00:00,10.969770431518555,19.96875,21.375,19.6875,20.78125,3674200,MTG,1996-07-19 to 2008-10-31
2000-04-05 00:00:00+00:00,11.00410270690918,20.03125,20.28125,19.875,19.96875,3028400,MTG,1996-07-19 to 2008-10-31
2000-04-06 00:00:00+00:00,10.746599197387695,19.5625,20.0,19.40625,19.75,3380000,MTG,1996-07-19 to 2008-10-31
2000-04-07 00:00:00+00:00,10.88393497467041,19.8125,19.90625,19.5,19.6875,1839600,MTG,1996-07-19 to 2008-10-31
2000-04-10 00:00:00+00:00,11.244441986083984,20.46875,21.0,19.75,20.0,1965400,MTG,1996-07-19 to 2008-10-31
2000-04-11 00:00:00+00:00,11.3817777633667,20.71875,21.0625,20.25,20.46875,1712200,MTG,1996-07-19 to 2008-10-31
2000-04-12 00:00:00+00:00,11.295947074890137,20.5625,21.15625,20.53125,20.5625,1697200,MTG,1996-07-19 to 2008-10-31
2000-04-13 00:00:00+00:00,10.88393497467041,19.8125,20.4375,19.8125,20.4375,1724000,MTG,1996-07-19 to 2008-10-31
2000-04-14 00:00:00+00:00,10.351753234863281,18.84375,19.28125,18.75,19.15625,2432000,MTG,1996-07-19 to 2008-10-31
2000-04-17 00:00:00+00:00,10.008411407470703,18.21875,18.40625,18.0,18.0,3888200,MTG,1996-07-19 to 2008-10-31
2000-04-18 00:00:00+00:00,9.974081993103027,18.15625,18.375,17.75,18.09375,2183000,MTG,1996-07-19 to 2008-10-31
2000-04-19 00:00:00+00:00,10.197249412536621,18.5625,18.71875,18.0,18.21875,1737200,MTG,1996-07-19 to 2008-10-31
2000-04-20 00:00:00+00:00,10.16291332244873,18.5,18.8125,18.25,18.3125,1363000,MTG,1996-07-19 to 2008-10-31
2000-04-24 00:00:00+00:00,10.300256729125977,18.75,18.90625,18.34375,18.375,2330800,MTG,1996-07-19 to 2008-10-31
2000-04-25 00:00:00+00:00,10.523423194885254,19.15625,19.375,18.78125,19.21875,1995800,MTG,1996-07-19 to 2008-10-31
2000-04-26 00:00:00+00:00,10.077081680297852,18.34375,19.3125,18.1875,19.28125,2109000,MTG,1996-07-19 to 2008-10-31
2000-04-27 00:00:00+00:00,9.716575622558594,17.6875,18.125,17.59375,17.65625,3131800,MTG,1996-07-19 to 2008-10-31
2000-04-28 00:00:00+00:00,9.338897705078125,17.0,17.59375,16.90625,17.5625,3029600,MTG,1996-07-19 to 2008-10-31
2000-05-01 00:00:00+00:00,9.44189739227295,17.1875,17.40625,17.0625,17.125,3401000,MTG,1996-07-19 to 2008-10-31
2000-05-02 00:00:00+00:00,9.699406623840332,17.65625,17.875,17.0,17.0625,3445200,MTG,1996-07-19 to 2008-10-31
2000-05-03 00:00:00+00:00,9.364646911621094,17.046875,17.34375,16.71875,17.21875,3973400,MTG,1996-07-19 to 2008-10-31
2000-05-04 00:00:00+00:00,9.52773380279541,17.34375,17.5625,17.125,17.28125,2637000,MTG,1996-07-19 to 2008-10-31
2000-05-05 00:00:00+00:00,9.922577857971191,18.0625,18.09375,17.28125,17.28125,3520600,MTG,1996-07-19 to 2008-10-31
2000-05-08 00:00:00+00:00,10.008411407470703,18.21875,18.28125,17.5,17.6875,1851000,MTG,1996-07-19 to 2008-10-31
2000-05-09 00:00:00+00:00,9.991244316101074,18.1875,18.40625,17.96875,17.96875,2170600,MTG,1996-07-19 to 2008-10-31
2000-05-10 00:00:00+00:00,10.05991268157959,18.3125,18.625,18.03125,18.21875,2788000,MTG,1996-07-19 to 2008-10-31
2000-05-11 00:00:00+00:00,10.214417457580566,18.59375,18.625,18.375,18.53125,2633800,MTG,1996-07-19 to 2008-10-31
2000-05-12 00:00:00+00:00,10.403257369995117,18.9375,18.9375,18.59375,18.59375,1280600,MTG,1996-07-19 to 2008-10-31
2000-05-15 00:00:00+00:00,10.88393497467041,19.8125,20.09375,18.84375,18.9375,3947200,MTG,1996-07-19 to 2008-10-31
2000-05-16 00:00:00+00:00,10.935433387756348,19.90625,20.4375,19.75,19.75,2616000,MTG,1996-07-19 to 2008-10-31
2000-05-17 00:00:00+00:00,10.592095375061035,19.28125,19.75,19.03125,19.5625,1598800,MTG,1996-07-19 to 2008-10-31
2000-05-18 00:00:00+00:00,10.969770431518555,19.96875,20.125,18.875,18.875,2099400,MTG,1996-07-19 to 2008-10-31
2000-05-19 00:00:00+00:00,10.66076374053955,19.40625,19.9375,19.28125,19.84375,1246600,MTG,1996-07-19 to 2008-10-31
2000-05-22 00:00:00+00:00,10.557760238647461,19.21875,19.59375,18.96875,19.46875,2137400,MTG,1996-07-19 to 2008-10-31
2000-05-23 00:00:00+00:00,10.677928924560547,19.4375,19.6875,19.0,19.09375,1555800,MTG,1996-07-19 to 2008-10-31
2000-05-24 00:00:00+00:00,10.42042350769043,18.96875,19.4375,18.59375,19.4375,2445600,MTG,1996-07-19 to 2008-10-31
2000-05-25 00:00:00+00:00,9.922577857971191,18.0625,19.0,17.9375,18.78125,3050400,MTG,1996-07-19 to 2008-10-31
2000-05-26 00:00:00+00:00,10.008411407470703,18.21875,18.5625,18.0,18.0,1565600,MTG,1996-07-19 to 2008-10-31
2000-05-30 00:00:00+00:00,10.145750045776367,18.46875,18.65625,18.09375,18.3125,1567000,MTG,1996-07-19 to 2008-10-31
2000-05-31 00:00:00+00:00,10.57492446899414,19.25,19.84375,18.34375,18.34375,1971600,MTG,1996-07-19 to 2008-10-31
2000-06-01 00:00:00+00:00,10.57492446899414,19.25,19.4375,18.90625,19.28125,1596400,MTG,1996-07-19 to 2008-10-31
2000-06-02 00:00:00+00:00,10.83243179321289,19.71875,19.96875,19.375,19.375,1164800,MTG,1996-07-19 to 2008-10-31
2000-06-05 00:00:00+00:00,10.7294340133667,19.53125,19.96875,19.46875,19.9375,1009600,MTG,1996-07-19 to 2008-10-31
2000-06-06 00:00:00+00:00,10.231584548950195,18.625,19.6875,18.59375,19.6875,1322800,MTG,1996-07-19 to 2008-10-31
2000-06-07 00:00:00+00:00,10.042744636535645,18.28125,18.6875,18.21875,18.4375,2951400,MTG,1996-07-19 to 2008-10-31
2000-06-08 00:00:00+00:00,9.93974781036377,18.09375,18.15625,17.71875,17.75,2848200,MTG,1996-07-19 to 2008-10-31
2000-06-09 00:00:00+00:00,9.733739852905273,17.71875,18.4375,17.59375,18.09375,1702800,MTG,1996-07-19 to 2008-10-31
2000-06-12 00:00:00+00:00,9.768074035644531,17.78125,17.96875,17.5625,17.65625,1493800,MTG,1996-07-19 to 2008-10-31
2000-06-13 00:00:00+00:00,9.85390853881836,17.9375,18.09375,17.59375,17.71875,1316600,MTG,1996-07-19 to 2008-10-31
2000-06-14 00:00:00+00:00,9.699406623840332,17.65625,18.03125,17.5625,17.9375,1949800,MTG,1996-07-19 to 2008-10-31
2000-06-15 00:00:00+00:00,9.819570541381836,17.875,18.0,17.65625,17.65625,1597400,MTG,1996-07-19 to 2008-10-31
2000-06-16 00:00:00+00:00,9.579235076904297,17.4375,17.875,17.40625,17.875,2693400,MTG,1996-07-19 to 2008-10-31
2000-06-19 00:00:00+00:00,9.888239860534668,18.0,18.03125,17.40625,17.4375,1766200,MTG,1996-07-19 to 2008-10-31
2000-06-20 00:00:00+00:00,9.750909805297852,17.75,17.78125,17.28125,17.78125,1710600,MTG,1996-07-19 to 2008-10-31
2000-06-21 00:00:00+00:00,9.544902801513672,17.375,17.75,17.25,17.6875,2045200,MTG,1996-07-19 to 2008-10-31
2000-06-22 00:00:00+00:00,9.424734115600586,17.15625,17.5,17.09375,17.34375,2041400,MTG,1996-07-19 to 2008-10-31
2000-06-23 00:00:00+00:00,9.888239860534668,18.0,18.0,17.09375,17.09375,2070200,MTG,1996-07-19 to 2008-10-31
2000-06-26 00:00:00+00:00,9.544902801513672,17.375,18.09375,17.21875,17.96875,2306400,MTG,1996-07-19 to 2008-10-31
2000-06-27 00:00:00+00:00,9.905409812927246,18.03125,18.1875,17.25,17.375,3588200,MTG,1996-07-19 to 2008-10-31
2000-06-28 00:00:00+00:00,9.450485229492188,17.203125,17.9375,17.09375,17.9375,3099400,MTG,1996-07-19 to 2008-10-31
2000-06-29 00:00:00+00:00,9.52773380279541,17.34375,17.53125,16.90625,17.125,2707400,MTG,1996-07-19 to 2008-10-31
2000-06-30 00:00:00+00:00,9.270227432250977,16.875,17.1875,16.8671875,17.0625,3208000,MTG,1996-07-19 to 2008-10-31
2000-07-03 00:00:00+00:00,9.32172966003418,16.96875,17.0,16.65625,16.90625,1357800,MTG,1996-07-19 to 2008-10-31
2000-07-05 00:00:00+00:00,9.562065124511719,17.40625,17.8125,16.875,17.15625,1736000,MTG,1996-07-19 to 2008-10-31
2000-07-06 00:00:00+00:00,8.137199401855469,14.8125,16.71875,14.375,16.5625,14138000,MTG,1996-07-19 to 2008-10-31
2000-07-07 00:00:00+00:00,7.948363304138184,14.46875,14.8125,14.0625,14.78125,10250600,MTG,1996-07-19 to 2008-10-31
2000-07-10 00:00:00+00:00,8.223033905029297,14.96875,15.375,14.46875,14.46875,5397400,MTG,1996-07-19 to 2008-10-31
2000-07-11 00:00:00+00:00,8.188700675964355,14.90625,15.09375,14.8125,15.0,3841000,MTG,1996-07-19 to 2008-10-31
2000-07-12 00:00:00+00:00,7.9826979637146,14.53125,15.0625,14.53125,15.0,3698000,MTG,1996-07-19 to 2008-10-31
2000-07-13 00:00:00+00:00,7.862525939941406,14.3125,14.71875,14.21875,14.625,2366000,MTG,1996-07-19 to 2008-10-31
2000-07-14 00:00:00+00:00,7.811023235321045,14.21875,14.65625,13.9375,14.3125,3251200,MTG,1996-07-19 to 2008-10-31
2000-07-17 00:00:00+00:00,7.742356300354004,14.09375,14.75,13.90625,14.75,3199400,MTG,1996-07-19 to 2008-10-31
2000-07-18 00:00:00+00:00,7.502018451690674,13.65625,14.0625,13.625,14.0,2028600,MTG,1996-07-19 to 2008-10-31
2000-07-19 00:00:00+00:00,7.381847858428955,13.4375,13.84375,13.3125,13.6875,3176000,MTG,1996-07-19 to 2008-10-31
2000-07-20 00:00:00+00:00,6.454826354980469,11.75,12.1875,10.5,10.5,28506200,MTG,1996-07-19 to 2008-10-31
2000-07-21 00:00:00+00:00,6.678001403808594,12.15625,12.4375,11.9375,12.4375,6002600,MTG,1996-07-19 to 2008-10-31
2000-07-24 00:00:00+00:00,6.643665313720703,12.09375,12.25,11.90625,12.1875,5483400,MTG,1996-07-19 to 2008-10-31
2000-07-25 00:00:00+00:00,6.52349328994751,11.875,12.59375,11.8125,12.21875,5009200,MTG,1996-07-19 to 2008-10-31
2000-07-26 00:00:00+00:00,6.592160701751709,12.0,12.09375,11.71875,11.90625,4771800,MTG,1996-07-19 to 2008-10-31
2000-07-27 00:00:00+00:00,6.695162296295166,12.1875,12.4375,12.0,12.0625,2715000,MTG,1996-07-19 to 2008-10-31
2000-07-28 00:00:00+00:00,6.729500770568848,12.25,12.40625,11.5,12.40625,3969000,MTG,1996-07-19 to 2008-10-31
2000-07-31 00:00:00+00:00,6.609330177307129,12.03125,12.5625,11.9375,12.5625,5531000,MTG,1996-07-19 to 2008-10-31
2000-08-01 00:00:00+00:00,6.815332889556885,12.40625,12.625,12.0625,12.25,3729600,MTG,1996-07-19 to 2008-10-31
2000-08-02 00:00:00+00:00,6.815332889556885,12.40625,12.59375,12.125,12.4375,3430400,MTG,1996-07-19 to 2008-10-31
2000-08-03 00:00:00+00:00,6.815332889556885,12.40625,12.5,11.90625,11.96875,3804600,MTG,1996-07-19 to 2008-10-31
2000-08-04 00:00:00+00:00,6.7466654777526855,12.28125,12.46875,12.125,12.375,1906600,MTG,1996-07-19 to 2008-10-31
2000-08-07 00:00:00+00:00,7.141509532928467,13.0,13.0,12.0625,12.28125,3316000,MTG,1996-07-19 to 2008-10-31
2000-08-08 00:00:00+00:00,6.969839096069336,12.6875,12.9375,12.5,12.875,3166800,MTG,1996-07-19 to 2008-10-31
2000-08-09 00:00:00+00:00,6.712332725524902,12.21875,12.8125,12.125,12.8125,5882000,MTG,1996-07-19 to 2008-10-31
2000-08-10 00:00:00+00:00,6.849667072296143,12.46875,12.625,12.1875,12.21875,3901600,MTG,1996-07-19 to 2008-10-31
2000-08-11 00:00:00+00:00,7.072841167449951,12.875,12.875,12.4375,12.46875,4296800,MTG,1996-07-19 to 2008-10-31
2000-08-14 00:00:00+00:00,7.4161858558654785,13.5,13.625,12.875,12.875,4478000,MTG,1996-07-19 to 2008-10-31
2000-08-15 00:00:00+00:00,7.038507461547852,12.8125,13.34375,12.78125,13.34375,2735000,MTG,1996-07-19 to 2008-10-31
2000-08-16 00:00:00+00:00,6.884003162384033,12.53125,12.75,12.4375,12.5,2285000,MTG,1996-07-19 to 2008-10-31
2000-08-17 00:00:00+00:00,7.364679336547852,13.40625,13.40625,12.71875,12.8125,3136000,MTG,1996-07-19 to 2008-10-31
2000-08-18 00:00:00+00:00,7.433347702026367,13.53125,13.6875,13.125,13.40625,3084600,MTG,1996-07-19 to 2008-10-31
2000-08-21 00:00:00+00:00,7.227345943450928,13.15625,13.5,12.78125,13.5,2818200,MTG,1996-07-19 to 2008-10-31
2000-08-22 00:00:00+00:00,7.3131818771362305,13.3125,13.4375,13.1875,13.25,2484400,MTG,1996-07-19 to 2008-10-31
2000-08-23 00:00:00+00:00,7.381847858428955,13.4375,13.625,13.25,13.28125,2477600,MTG,1996-07-19 to 2008-10-31
2000-08-24 00:00:00+00:00,7.502018451690674,13.65625,13.75,13.40625,13.40625,2415400,MTG,1996-07-19 to 2008-10-31
2000-08-25 00:00:00+00:00,7.587853908538818,13.8125,13.875,13.40625,13.78125,2984200,MTG,1996-07-19 to 2008-10-31
2000-08-28 00:00:00+00:00,7.759521961212158,14.125,14.46875,13.8125,13.8125,3603800,MTG,1996-07-19 to 2008-10-31
2000-08-29 00:00:00+00:00,7.536351680755615,13.71875,14.0,13.6875,14.0,2755200,MTG,1996-07-19 to 2008-10-31
2000-08-30 00:00:00+00:00,7.4505181312561035,13.5625,13.65625,13.5,13.65625,1526800,MTG,1996-07-19 to 2008-10-31
2000-08-31 00:00:00+00:00,7.592148303985596,13.820313453674316,14.09375,13.5,13.53125,2480400,MTG,1996-07-19 to 2008-10-31
2000-09-01 00:00:00+00:00,8.120036125183105,14.78125,14.96875,13.9375,13.9375,5739400,MTG,1996-07-19 to 2008-10-31
2000-09-05 00:00:00+00:00,8.120036125183105,14.78125,15.0625,14.375,14.375,3594000,MTG,1996-07-19 to 2008-10-31
2000-09-06 00:00:00+00:00,7.948363304138184,14.46875,15.0625,14.4375,14.53125,3753000,MTG,1996-07-19 to 2008-10-31
2000-09-07 00:00:00+00:00,7.725189208984375,14.0625,14.53125,14.0,14.46875,3053000,MTG,1996-07-19 to 2008-10-31
2000-09-08 00:00:00+00:00,7.690857410430908,14.0,14.28125,13.6875,14.1875,5452000,MTG,1996-07-19 to 2008-10-31
2000-09-11 00:00:00+00:00,7.6736884117126465,13.96875,14.1875,13.875,13.96875,3888800,MTG,1996-07-19 to 2008-10-31
2000-09-12 00:00:00+00:00,7.845362663269043,14.28125,14.375,13.5,13.5,2920800,MTG,1996-07-19 to 2008-10-31
2000-09-13 00:00:00+00:00,7.862525939941406,14.3125,14.40625,14.09375,14.25,2227600,MTG,1996-07-19 to 2008-10-31
2000-09-14 00:00:00+00:00,7.639353275299072,13.90625,14.09375,13.8125,14.0,3531400,MTG,1996-07-19 to 2008-10-31
2000-09-15 00:00:00+00:00,7.742356300354004,14.09375,14.125,13.84375,13.90625,3668000,MTG,1996-07-19 to 2008-10-31
2000-09-18 00:00:00+00:00,7.587853908538818,13.8125,14.0625,13.4375,14.03125,3866600,MTG,1996-07-19 to 2008-10-31
2000-09-19 00:00:00+00:00,7.4505181312561035,13.5625,13.6875,13.3125,13.65625,5636800,MTG,1996-07-19 to 2008-10-31
2000-09-20 00:00:00+00:00,7.296014308929443,13.28125,13.8125,13.21875,13.8125,2043600,MTG,1996-07-19 to 2008-10-31
2000-09-21 00:00:00+00:00,7.622185230255127,13.875,14.03125,13.28125,13.28125,2003400,MTG,1996-07-19 to 2008-10-31
2000-09-22 00:00:00+00:00,7.502018451690674,13.65625,14.15625,13.4375,13.90625,1577400,MTG,1996-07-19 to 2008-10-31
2000-09-25 00:00:00+00:00,7.4505181312561035,13.5625,13.71875,13.3125,13.71875,1286600,MTG,1996-07-19 to 2008-10-31
2000-09-26 00:00:00+00:00,7.175844192504883,13.0625,13.53125,12.84375,13.5,2909400,MTG,1996-07-19 to 2008-10-31
2000-09-27 00:00:00+00:00,7.3131818771362305,13.3125,13.34375,13.0,13.0625,2762200,MTG,1996-07-19 to 2008-10-31
2000-09-28 00:00:00+00:00,7.2616777420043945,13.21875,13.4375,13.09375,13.21875,1809800,MTG,1996-07-19 to 2008-10-31
2000-09-29 00:00:00+00:00,7.175844192504883,13.0625,13.4375,13.0,13.09375,2926800,MTG,1996-07-19 to 2008-10-31
2000-10-02 00:00:00+00:00,7.107177257537842,12.9375,13.125,12.84375,13.125,2273400,MTG,1996-07-19 to 2008-10-31
2000-10-03 00:00:00+00:00,7.227345943450928,13.15625,13.3125,12.9375,13.03125,2600400,MTG,1996-07-19 to 2008-10-31
2000-10-04 00:00:00+00:00,7.330348968505859,13.34375,13.46875,12.9375,13.15625,2874600,MTG,1996-07-19 to 2008-10-31
2000-10-05 00:00:00+00:00,7.570687770843506,13.78125,14.21875,13.25,13.25,4761600,MTG,1996-07-19 to 2008-10-31
2000-10-06 00:00:00+00:00,7.536351680755615,13.71875,13.84375,13.5,13.78125,2406400,MTG,1996-07-19 to 2008-10-31
2000-10-09 00:00:00+00:00,7.656520366668701,13.9375,14.21875,13.59375,13.59375,1653800,MTG,1996-07-19 to 2008-10-31
2000-10-10 00:00:00+00:00,7.467683792114258,13.59375,13.8125,13.40625,13.75,2542200,MTG,1996-07-19 to 2008-10-31
2000-10-11 00:00:00+00:00,7.244514465332031,13.1875,13.375,12.90625,13.1875,3321200,MTG,1996-07-19 to 2008-10-31
2000-10-12 00:00:00+00:00,7.1243438720703125,12.96875,13.09375,12.78125,12.875,4237600,MTG,1996-07-19 to 2008-10-31
2000-10-13 00:00:00+00:00,8.034198760986328,14.625,14.8125,14.15625,14.375,9874600,MTG,1996-07-19 to 2008-10-31
2000-10-16 00:00:00+00:00,7.896860122680664,14.375,14.5625,14.1875,14.25,3715200,MTG,1996-07-19 to 2008-10-31
2000-10-17 00:00:00+00:00,7.656520366668701,13.9375,14.375,13.875,14.28125,4667800,MTG,1996-07-19 to 2008-10-31
2000-10-18 00:00:00+00:00,7.828191757202148,14.25,14.375,13.4375,13.53125,6291000,MTG,1996-07-19 to 2008-10-31
2000-10-19 00:00:00+00:00,8.171536445617676,14.875,15.09375,13.875,14.0,4213800,MTG,1996-07-19 to 2008-10-31
2000-10-20 00:00:00+00:00,7.999863624572754,14.5625,14.875,14.34375,14.875,1520400,MTG,1996-07-19 to 2008-10-31
2000-10-23 00:00:00+00:00,7.845362663269043,14.28125,14.5625,13.9375,14.5625,5049000,MTG,1996-07-19 to 2008-10-31
2000-10-24 00:00:00+00:00,7.759521961212158,14.125,14.28125,13.96875,14.28125,3212200,MTG,1996-07-19 to 2008-10-31
2000-10-25 00:00:00+00:00,7.776689052581787,14.15625,14.3125,13.9375,14.125,1556400,MTG,1996-07-19 to 2008-10-31
2000-10-26 00:00:00+00:00,7.759521961212158,14.125,14.21875,13.96875,14.15625,1151000,MTG,1996-07-19 to 2008-10-31
2000-10-27 00:00:00+00:00,7.828191757202148,14.25,14.375,14.125,14.125,925600,MTG,1996-07-19 to 2008-10-31
2000-10-30 00:00:00+00:00,8.411871910095215,15.3125,15.40625,14.3125,14.3125,3405000,MTG,1996-07-19 to 2008-10-31
2000-10-31 00:00:00+00:00,8.944056510925293,16.28125,16.5625,15.3125,15.34375,4482000,MTG,1996-07-19 to 2008-10-31
2000-11-01 00:00:00+00:00,8.84105110168457,16.09375,16.5,15.90625,16.25,2593000,MTG,1996-07-19 to 2008-10-31
2000-11-02 00:00:00+00:00,9.32172966003418,16.96875,17.0,15.96875,16.0,3378400,MTG,1996-07-19 to 2008-10-31
2000-11-03 00:00:00+00:00,9.04705810546875,16.46875,16.84375,16.09375,16.84375,1590200,MTG,1996-07-19 to 2008-10-31
2000-11-06 00:00:00+00:00,9.338897705078125,17.0,17.0,16.25,16.25,1481000,MTG,1996-07-19 to 2008-10-31
2000-11-07 00:00:00+00:00,9.459064483642578,17.21875,17.21875,16.53125,17.0,2168400,MTG,1996-07-19 to 2008-10-31
2000-11-08 00:00:00+00:00,9.390397071838379,17.09375,17.65625,16.59375,17.21875,3646400,MTG,1996-07-19 to 2008-10-31
2000-11-09 00:00:00+00:00,8.944056510925293,16.28125,16.75,15.75,16.75,2643200,MTG,1996-07-19 to 2008-10-31
2000-11-10 00:00:00+00:00,8.532041549682617,15.53125,15.8125,15.28125,15.75,2664400,MTG,1996-07-19 to 2008-10-31
2000-11-13 00:00:00+00:00,8.686545372009277,15.8125,15.84375,15.34375,15.375,1936400,MTG,1996-07-19 to 2008-10-31
2000-11-14 00:00:00+00:00,9.098554611206055,16.5625,16.65625,15.625,15.6875,3371600,MTG,1996-07-19 to 2008-10-31
2000-11-15 00:00:00+00:00,9.424734115600586,17.15625,17.40625,16.3125,16.4375,2279000,MTG,1996-07-19 to 2008-10-31
2000-11-16 00:00:00+00:00,9.32172966003418,16.96875,17.25,16.8125,17.09375,1427800,MTG,1996-07-19 to 2008-10-31
2000-11-17 00:00:00+00:00,9.235895156860352,16.8125,16.96875,16.65625,16.65625,930800,MTG,1996-07-19 to 2008-10-31
2000-11-20 00:00:00+00:00,8.961222648620605,16.3125,16.78125,15.8125,16.75,1879200,MTG,1996-07-19 to 2008-10-31
2000-11-21 00:00:00+00:00,8.497708320617676,15.46875,16.25,15.3125,16.0,3402000,MTG,1996-07-19 to 2008-10-31
2000-11-22 00:00:00+00:00,8.37753677368164,15.25,15.5,15.125,15.5,2080800,MTG,1996-07-19 to 2008-10-31
2000-11-24 00:00:00+00:00,8.394704818725586,15.28125,15.4375,15.1875,15.3125,1269800,MTG,1996-07-19 to 2008-10-31
2000-11-27 00:00:00+00:00,8.566375732421875,15.59375,15.875,15.40625,15.5625,3799400,MTG,1996-07-19 to 2008-10-31
2000-11-28 00:00:00+00:00,8.411871910095215,15.3125,15.59375,15.03125,15.59375,2326400,MTG,1996-07-19 to 2008-10-31
2000-11-29 00:00:00+00:00,8.720882415771484,15.875,15.875,15.1875,15.4375,1856200,MTG,1996-07-19 to 2008-10-31
2000-11-30 00:00:00+00:00,8.37753677368164,15.25,15.78125,14.875,15.75,4188400,MTG,1996-07-19 to 2008-10-31
2000-12-01 00:00:00+00:00,8.566375732421875,15.59375,15.6875,15.34375,15.375,1722600,MTG,1996-07-19 to 2008-10-31
2000-12-04 00:00:00+00:00,9.270227432250977,16.875,16.9375,15.9375,16.0625,3374200,MTG,1996-07-19 to 2008-10-31
2000-12-05 00:00:00+00:00,9.562065124511719,17.40625,17.40625,16.3125,16.71875,3057800,MTG,1996-07-19 to 2008-10-31
2000-12-06 00:00:00+00:00,9.562065124511719,17.40625,17.46875,16.75,17.21875,2270400,MTG,1996-07-19 to 2008-10-31
2000-12-07 00:00:00+00:00,9.338897705078125,17.0,17.40625,16.90625,17.40625,2285600,MTG,1996-07-19 to 2008-10-31
2000-12-08 00:00:00+00:00,9.407567024230957,17.125,17.4375,16.8125,17.125,1653800,MTG,1996-07-19 to 2008-10-31
2000-12-11 00:00:00+00:00,9.424734115600586,17.15625,17.3125,16.46875,17.25,2144000,MTG,1996-07-19 to 2008-10-31
2000-12-12 00:00:00+00:00,9.544902801513672,17.375,17.4375,16.75,16.9375,2048800,MTG,1996-07-19 to 2008-10-31
2000-12-13 00:00:00+00:00,9.338897705078125,17.0,17.46875,16.90625,17.28125,2057600,MTG,1996-07-19 to 2008-10-31
2000-12-14 00:00:00+00:00,8.85821533203125,16.125,17.03125,15.90625,17.0,3252200,MTG,1996-07-19 to 2008-10-31
2000-12-15 00:00:00+00:00,8.429043769836426,15.34375,16.25,15.34375,16.09375,4148000,MTG,1996-07-19 to 2008-10-31
2000-12-18 00:00:00+00:00,8.549206733703613,15.5625,15.71875,15.34375,15.625,3418600,MTG,1996-07-19 to 2008-10-31
2000-12-19 00:00:00+00:00,7.9655280113220215,14.5,15.375,14.46875,15.25,4343200,MTG,1996-07-19 to 2008-10-31
2000-12-20 00:00:00+00:00,7.811023235321045,14.21875,14.78125,14.15625,14.375,4016200,MTG,1996-07-19 to 2008-10-31
2000-12-21 00:00:00+00:00,8.102866172790527,14.75,15.21875,14.25,14.25,4111400,MTG,1996-07-19 to 2008-10-31
2000-12-22 00:00:00+00:00,8.549206733703613,15.5625,15.6875,14.625,14.8125,3186200,MTG,1996-07-19 to 2008-10-31
2000-12-26 00:00:00+00:00,8.514876365661621,15.5,15.53125,14.5625,15.0625,3120200,MTG,1996-07-19 to 2008-10-31
2000-12-27 00:00:00+00:00,9.218730926513672,16.78125,16.78125,15.1875,15.1875,3611600,MTG,1996-07-19 to 2008-10-31
2000-12-28 00:00:00+00:00,9.35606575012207,17.03125,17.15625,16.1875,16.78125,2873600,MTG,1996-07-19 to 2008-10-31
2000-12-29 00:00:00+00:00,9.613568305969238,17.5,18.25,17.0625,17.34375,4343600,MTG,1996-07-19 to 2008-10-31
2001-01-02 00:00:00+00:00,9.44189739227295,17.1875,17.5,17.125,17.5,2583400,MTG,1996-07-19 to 2008-10-31
2001-01-03 00:00:00+00:00,10.351753234863281,18.84375,18.84375,16.75,17.09375,6289000,MTG,1996-07-19 to 2008-10-31
2001-01-04 00:00:00+00:00,10.9869384765625,20.0,21.0,18.59375,18.8125,14758800,MTG,1996-07-19 to 2008-10-31
2001-01-05 00:00:00+00:00,10.437585830688477,19.0,20.03125,18.71875,20.0,4312800,MTG,1996-07-19 to 2008-10-31
2001-01-08 00:00:00+00:00,10.57492446899414,19.25,19.75,19.09375,19.21875,3028600,MTG,1996-07-19 to 2008-10-31
2001-01-09 00:00:00+00:00,10.351753234863281,18.84375,19.65625,18.8125,19.3125,2118800,MTG,1996-07-19 to 2008-10-31
2001-01-10 00:00:00+00:00,10.643595695495605,19.375,19.375,18.5,18.5,1760400,MTG,1996-07-19 to 2008-10-31
2001-01-11 00:00:00+00:00,10.695099830627441,19.46875,19.59375,19.0625,19.5,2292800,MTG,1996-07-19 to 2008-10-31
2001-01-12 00:00:00+00:00,10.88393497467041,19.8125,20.34375,19.4375,19.5,5301000,MTG,1996-07-19 to 2008-10-31
2001-01-16 00:00:00+00:00,10.918267250061035,19.875,20.0625,19.6875,19.9375,1955000,MTG,1996-07-19 to 2008-10-31
2001-01-17 00:00:00+00:00,10.901102066040039,19.84375,20.5,19.8125,20.0,4085600,MTG,1996-07-19 to 2008-10-31
2001-01-18 00:00:00+00:00,10.437585830688477,19.0,19.84375,19.0,19.84375,2289600,MTG,1996-07-19 to 2008-10-31
2001-01-19 00:00:00+00:00,10.437585830688477,19.0,19.0625,18.5,19.0,3604000,MTG,1996-07-19 to 2008-10-31
2001-01-22 00:00:00+00:00,11.124268531799316,20.25,20.71875,19.65625,19.75,5206400,MTG,1996-07-19 to 2008-10-31
2001-01-23 00:00:00+00:00,11.19294548034668,20.375,20.40625,20.125,20.125,3784400,MTG,1996-07-19 to 2008-10-31
2001-01-24 00:00:00+00:00,11.450451850891113,20.84375,20.90625,19.78125,19.9375,2286200,MTG,1996-07-19 to 2008-10-31
2001-01-25 00:00:00+00:00,11.6907958984375,21.28125,21.5,20.0,20.75,6246400,MTG,1996-07-19 to 2008-10-31
2001-01-26 00:00:00+00:00,11.501945495605469,20.9375,21.21875,20.625,21.0,2957800,MTG,1996-07-19 to 2008-10-31
2001-01-29 00:00:00+00:00,11.681859970092773,21.264999389648438,21.549999237060547,20.915000915527344,20.934999465942383,1644000,MTG,1996-07-19 to 2008-10-31
2001-01-30 00:00:00+00:00,11.868633270263672,21.604999542236328,21.604999542236328,20.899999618530273,21.264999389648438,3145600,MTG,1996-07-19 to 2008-10-31
2001-01-31 00:00:00+00:00,12.239447593688965,22.280000686645508,23.030000686645508,21.4950008392334,21.614999771118164,8355200,MTG,1996-07-19 to 2008-10-31
2001-02-01 00:00:00+00:00,12.49764347076416,22.75,22.825000762939453,21.875,22.299999237060547,5350600,MTG,1996-07-19 to 2008-10-31
2001-02-02 00:00:00+00:00,12.29163646697998,22.375,22.75,22.260000228881836,22.75,3539800,MTG,1996-07-19 to 2008-10-31
2001-02-05 00:00:00+00:00,12.15704345703125,22.1299991607666,22.4950008392334,22.024999618530273,22.3799991607666,3342000,MTG,1996-07-19 to 2008-10-31
2001-02-06 00:00:00+00:00,12.346573829650879,22.475000381469727,22.725000381469727,22.010000228881836,22.010000228881836,1993000,MTG,1996-07-19 to 2008-10-31
2001-02-07 00:00:00+00:00,12.618499755859375,22.969999313354492,22.975000381469727,22.350000381469727,22.475000381469727,2956600,MTG,1996-07-19 to 2008-10-31
2001-02-08 00:00:00+00:00,11.805469512939453,21.489999771118164,23.21500015258789,21.44499969482422,23.0,5221400,MTG,1996-07-19 to 2008-10-31
2001-02-09 00:00:00+00:00,11.302814483642578,20.575000762939453,22.5,20.375,21.4950008392334,5429800,MTG,1996-07-19 to 2008-10-31
2001-02-12 00:00:00+00:00,11.948294639587402,21.75,22.049999237060547,20.90999984741211,21.024999618530273,3312400,MTG,1996-07-19 to 2008-10-31
2001-02-13 00:00:00+00:00,12.14605712890625,22.110000610351562,22.229999542236328,21.5049991607666,21.875,2525800,MTG,1996-07-19 to 2008-10-31
2001-02-14 00:00:00+00:00,12.308120727539062,22.405000686645508,22.5,21.55500030517578,22.110000610351562,3183400,MTG,1996-07-19 to 2008-10-31
2001-02-15 00:00:00+00:00,12.387768745422363,22.549999237060547,22.600000381469727,21.760000228881836,22.030000686645508,2590800,MTG,1996-07-19 to 2008-10-31
2001-02-16 00:00:00+00:00,12.566307067871094,22.875,22.9950008392334,21.799999237060547,21.799999237060547,4620400,MTG,1996-07-19 to 2008-10-31
2001-02-20 00:00:00+00:00,12.566307067871094,22.875,23.549999237060547,22.7549991607666,22.924999237060547,5008600,MTG,1996-07-19 to 2008-10-31
2001-02-21 00:00:00+00:00,11.934561729431152,21.725000381469727,22.729999542236328,21.524999618530273,22.575000762939453,2799600,MTG,1996-07-19 to 2008-10-31
2001-02-22 00:00:00+00:00,12.168030738830566,22.149999618530273,22.149999618530273,20.649999618530273,21.825000762939453,3805200,MTG,1996-07-19 to 2008-10-31
2001-02-23 00:00:00+00:00,12.126832962036133,22.075000762939453,22.299999237060547,21.475000381469727,21.625,3638200,MTG,1996-07-19 to 2008-10-31
2001-02-26 00:00:00+00:00,12.55532169342041,22.854999542236328,22.854999542236328,22.049999237060547,22.200000762939453,2937200,MTG,1996-07-19 to 2008-10-31
2001-02-27 00:00:00+00:00,13.011280059814453,23.684999465942383,23.7450008392334,22.854999542236328,22.854999542236328,5003400,MTG,1996-07-19 to 2008-10-31
2001-02-28 00:00:00+00:00,13.28045654296875,24.174999237060547,24.5,23.5,24.25,6482400,MTG,1996-07-19 to 2008-10-31
2001-03-01 00:00:00+00:00,13.022270202636719,23.704999923706055,23.850000381469727,23.0,23.75,4293400,MTG,1996-07-19 to 2008-10-31
2001-03-02 00:00:00+00:00,13.04698657989502,23.75,23.850000381469727,23.100000381469727,23.350000381469727,4991800,MTG,1996-07-19 to 2008-10-31
2001-03-05 00:00:00+00:00,12.802529335021973,23.30500030517578,23.75,23.190000534057617,23.75,5011600,MTG,1996-07-19 to 2008-10-31
2001-03-06 00:00:00+00:00,13.085444450378418,23.81999969482422,23.915000915527344,23.25,23.549999237060547,2853400,MTG,1996-07-19 to 2008-10-31
2001-03-07 00:00:00+00:00,13.530406951904297,24.6299991607666,24.950000762939453,23.950000762939453,23.975000381469727,6761600,MTG,1996-07-19 to 2008-10-31
2001-03-08 00:00:00+00:00,13.04698657989502,23.75,24.350000381469727,23.600000381469727,24.25,6400400,MTG,1996-07-19 to 2008-10-31
2001-03-09 00:00:00+00:00,13.1431245803833,23.924999237060547,24.0,23.4950008392334,23.75,2736600,MTG,1996-07-19 to 2008-10-31
2001-03-12 00:00:00+00:00,12.895915031433105,23.475000381469727,23.975000381469727,23.344999313354492,23.549999237060547,3165000,MTG,1996-07-19 to 2008-10-31
2001-03-13 00:00:00+00:00,12.566307067871094,22.875,23.454999923706055,22.649999618530273,23.450000762939453,3141800,MTG,1996-07-19 to 2008-10-31
2001-03-14 00:00:00+00:00,12.582788467407227,22.905000686645508,23.05500030517578,22.229999542236328,22.5,3643200,MTG,1996-07-19 to 2008-10-31
2001-03-15 00:00:00+00:00,12.558066368103027,22.860000610351562,23.100000381469727,22.625,22.924999237060547,2192600,MTG,1996-07-19 to 2008-10-31
2001-03-16 00:00:00+00:00,12.195499420166016,22.200000762939453,23.200000762939453,22.200000762939453,22.860000610351562,2983600,MTG,1996-07-19 to 2008-10-31
2001-03-19 00:00:00+00:00,12.374038696289062,22.524999618530273,22.524999618530273,22.049999237060547,22.25,2346200,MTG,1996-07-19 to 2008-10-31
2001-03-20 00:00:00+00:00,12.332833290100098,22.450000762939453,23.424999237060547,22.450000762939453,22.5,3459400,MTG,1996-07-19 to 2008-10-31
2001-03-21 00:00:00+00:00,11.964770317077637,21.780000686645508,22.7450008392334,21.610000610351562,22.549999237060547,4700400,MTG,1996-07-19 to 2008-10-31
2001-03-22 00:00:00+00:00,11.769760131835938,21.424999237060547,22.25,20.174999237060547,22.049999237060547,6495400,MTG,1996-07-19 to 2008-10-31
2001-03-23 00:00:00+00:00,11.84666919708252,21.565000534057617,21.924999237060547,20.850000381469727,21.475000381469727,4600400,MTG,1996-07-19 to 2008-10-31
2001-03-26 00:00:00+00:00,11.453879356384277,20.850000381469727,21.06999969482422,20.575000762939453,21.065000534057617,6259800,MTG,1996-07-19 to 2008-10-31
2001-03-27 00:00:00+00:00,11.50332260131836,20.940000534057617,21.010000228881836,20.19499969482422,20.774999618530273,6241000,MTG,1996-07-19 to 2008-10-31
2001-03-28 00:00:00+00:00,11.382465362548828,20.719999313354492,20.899999618530273,20.274999618530273,20.700000762939453,5331200,MTG,1996-07-19 to 2008-10-31
2001-03-29 00:00:00+00:00,11.275346755981445,20.524999618530273,20.719999313354492,20.43000030517578,20.719999313354492,3212400,MTG,1996-07-19 to 2008-10-31
2001-03-30 00:00:00+00:00,11.412676811218262,20.774999618530273,21.0,20.30500030517578,20.524999618530273,5568600,MTG,1996-07-19 to 2008-10-31
2001-04-02 00:00:00+00:00,11.291830062866211,20.55500030517578,20.670000076293945,20.204999923706055,20.299999237060547,4043200,MTG,1996-07-19 to 2008-10-31
2001-04-03 00:00:00+00:00,10.849602699279785,19.75,20.75,19.55500030517578,20.55500030517578,3905400,MTG,1996-07-19 to 2008-10-31
2001-04-04 00:00:00+00:00,11.138012886047363,20.274999618530273,20.5,19.600000381469727,19.649999618530273,5175400,MTG,1996-07-19 to 2008-10-31
2001-04-05 00:00:00+00:00,11.53628158569336,21.0,21.149999618530273,20.424999237060547,20.524999618530273,6179800,MTG,1996-07-19 to 2008-10-31
2001-04-06 00:00:00+00:00,11.305559158325195,20.579999923706055,20.899999618530273,20.075000762939453,20.875,3586600,MTG,1996-07-19 to 2008-10-31
2001-04-09 00:00:00+00:00,11.275346755981445,20.524999618530273,21.0,20.405000686645508,20.4950008392334,3544200,MTG,1996-07-19 to 2008-10-31
2001-04-10 00:00:00+00:00,11.453879356384277,20.850000381469727,21.375,20.645000457763672,20.75,2878400,MTG,1996-07-19 to 2008-10-31
2001-04-11 00:00:00+00:00,11.440149307250977,20.825000762939453,20.899999618530273,19.899999618530273,20.899999618530273,4927400,MTG,1996-07-19 to 2008-10-31
2001-04-12 00:00:00+00:00,11.374229431152344,20.704999923706055,20.760000228881836,19.21500015258789,19.25,8656800,MTG,1996-07-19 to 2008-10-31
2001-04-16 00:00:00+00:00,11.258865356445312,20.4950008392334,20.75,20.135000228881836,20.399999618530273,2480800,MTG,1996-07-19 to 2008-10-31
2001-04-17 00:00:00+00:00,11.467616081237793,20.875,20.924999237060547,20.100000381469727,20.25,2945200,MTG,1996-07-19 to 2008-10-31
2001-04-18 00:00:00+00:00,12.305370330810547,22.399999618530273,22.75,20.950000762939453,20.950000762939453,3911000,MTG,1996-07-19 to 2008-10-31
2001-04-19 00:00:00+00:00,12.01147174835205,21.864999771118164,22.0,21.649999618530273,21.899999618530273,2822400,MTG,1996-07-19 to 2008-10-31
2001-04-20 00:00:00+00:00,11.901601791381836,21.665000915527344,21.950000762939453,21.600000381469727,21.799999237060547,1984800,MTG,1996-07-19 to 2008-10-31
2001-04-23 00:00:00+00:00,11.810956954956055,21.5,22.420000076293945,21.5,21.665000915527344,1940200,MTG,1996-07-19 to 2008-10-31
2001-04-24 00:00:00+00:00,11.225906372070312,20.434999465942383,20.8799991607666,20.25,20.875,3401600,MTG,1996-07-19 to 2008-10-31
2001-04-25 00:00:00+00:00,11.492337226867676,20.920000076293945,21.0,20.350000381469727,20.375,1952200,MTG,1996-07-19 to 2008-10-31
2001-04-26 00:00:00+00:00,11.956535339355469,21.764999389648438,22.0,20.75,20.920000076293945,2621000,MTG,1996-07-19 to 2008-10-31
2001-04-27 00:00:00+00:00,12.058167457580566,21.950000762939453,22.25,21.774999618530273,21.8799991607666,2599600,MTG,1996-07-19 to 2008-10-31
2001-04-30 00:00:00+00:00,11.805469512939453,21.489999771118164,22.049999237060547,21.344999313354492,21.950000762939453,2432200,MTG,1996-07-19 to 2008-10-31
2001-05-01 00:00:00+00:00,11.71481990814209,21.325000762939453,21.625,21.25,21.5,3013800,MTG,1996-07-19 to 2008-10-31
2001-05-02 00:00:00+00:00,11.838424682617188,21.549999237060547,21.625,21.25,21.375,2535600,MTG,1996-07-19 to 2008-10-31
2001-05-03 00:00:00+00:00,11.85765266418457,21.584999084472656,21.7450008392334,21.475000381469727,21.549999237060547,3301600,MTG,1996-07-19 to 2008-10-31
2001-05-04 00:00:00+00:00,11.890612602233887,21.645000457763672,21.684999465942383,21.03499984741211,21.46500015258789,2204600,MTG,1996-07-19 to 2008-10-31
2001-05-07 00:00:00+00:00,11.670869827270508,21.2450008392334,21.645000457763672,21.149999618530273,21.645000457763672,1972400,MTG,1996-07-19 to 2008-10-31
2001-05-08 00:00:00+00:00,11.54453182220459,21.014999389648438,21.274999618530273,20.899999618530273,21.149999618530273,1293400,MTG,1996-07-19 to 2008-10-31
2001-05-09 00:00:00+00:00,11.365987777709961,20.690000534057617,21.075000762939453,20.6299991607666,21.020000457763672,2012000,MTG,1996-07-19 to 2008-10-31
2001-05-10 00:00:00+00:00,11.830185890197754,21.53499984741211,22.024999618530273,21.459999084472656,21.75,3648200,MTG,1996-07-19 to 2008-10-31
2001-05-11 00:00:00+00:00,11.88786506652832,21.639999389648438,22.100000381469727,21.5049991607666,21.75,1530600,MTG,1996-07-19 to 2008-10-31
2001-05-14 00:00:00+00:00,12.074652671813965,21.979999542236328,22.0,21.600000381469727,21.600000381469727,1561000,MTG,1996-07-19 to 2008-10-31
2001-05-15 00:00:00+00:00,12.1103515625,22.045000076293945,22.239999771118164,21.575000762939453,21.8799991607666,2321400,MTG,1996-07-19 to 2008-10-31
2001-05-16 00:00:00+00:00,12.739359855651855,23.190000534057617,23.200000762939453,21.649999618530273,22.045000076293945,4154600,MTG,1996-07-19 to 2008-10-31
2001-05-17 00:00:00+00:00,12.912398338317871,23.5049991607666,23.649999618530273,23.19499969482422,23.19499969482422,3776400,MTG,1996-07-19 to 2008-10-31
2001-05-18 00:00:00+00:00,12.967330932617188,23.604999542236328,23.75,23.44499969482422,23.549999237060547,2610200,MTG,1996-07-19 to 2008-10-31
2001-05-21 00:00:00+00:00,13.233762741088867,24.09000015258789,24.225000381469727,23.28499984741211,23.850000381469727,2593000,MTG,1996-07-19 to 2008-10-31
2001-05-22 00:00:00+00:00,13.121149063110352,23.885000228881836,24.114999771118164,23.700000762939453,23.825000762939453,1905800,MTG,1996-07-19 to 2008-10-31
2001-05-23 00:00:00+00:00,12.772315979003906,23.25,23.764999389648438,23.15999984741211,23.760000228881836,1568000,MTG,1996-07-19 to 2008-10-31
2001-05-24 00:00:00+00:00,12.835495948791504,23.364999771118164,23.44499969482422,22.899999618530273,23.25,1357000,MTG,1996-07-19 to 2008-10-31
2001-05-25 00:00:00+00:00,12.63498306274414,23.0,23.315000534057617,22.899999618530273,23.315000534057617,878000,MTG,1996-07-19 to 2008-10-31
2001-05-29 00:00:00+00:00,12.327343940734863,22.440000534057617,22.600000381469727,22.0,22.549999237060547,3326800,MTG,1996-07-19 to 2008-10-31
2001-05-30 00:00:00+00:00,12.324596405029297,22.434999465942383,22.475000381469727,22.200000762939453,22.364999771118164,3153000,MTG,1996-07-19 to 2008-10-31
2001-05-31 00:00:00+00:00,12.305370330810547,22.399999618530273,22.719999313354492,22.350000381469727,22.440000534057617,1637000,MTG,1996-07-19 to 2008-10-31
2001-06-01 00:00:00+00:00,12.121341705322266,22.065000534057617,22.625,21.975000381469727,22.450000762939453,2460400,MTG,1996-07-19 to 2008-10-31
2001-06-04 00:00:00+00:00,11.948294639587402,21.75,22.125,21.56999969482422,22.125,1989600,MTG,1996-07-19 to 2008-10-31
2001-06-05 00:00:00+00:00,12.541587829589844,22.829999923706055,22.875,21.75,21.825000762939453,2159000,MTG,1996-07-19 to 2008-10-31
2001-06-06 00:00:00+00:00,12.332833290100098,22.450000762939453,22.75,22.325000762939453,22.75,3677400,MTG,1996-07-19 to 2008-10-31
2001-06-07 00:00:00+00:00,11.810956954956055,21.5,22.100000381469727,20.979999542236328,21.0,8812000,MTG,1996-07-19 to 2008-10-31
2001-06-08 00:00:00+00:00,11.637914657592773,21.184999465942383,21.5,20.825000762939453,21.5,3886600,MTG,1996-07-19 to 2008-10-31
2001-06-11 00:00:00+00:00,11.61868667602539,21.149999618530273,21.360000610351562,20.979999542236328,21.28499984741211,1862200,MTG,1996-07-19 to 2008-10-31
2001-06-12 00:00:00+00:00,11.58847427368164,21.094999313354492,21.170000076293945,20.75,20.75,1916600,MTG,1996-07-19 to 2008-10-31
2001-06-13 00:00:00+00:00,11.530787467956543,20.989999771118164,21.114999771118164,20.825000762939453,21.100000381469727,965400,MTG,1996-07-19 to 2008-10-31
2001-06-14 00:00:00+00:00,11.300066947937012,20.56999969482422,20.9950008392334,20.5,20.9950008392334,2073000,MTG,1996-07-19 to 2008-10-31
2001-06-15 00:00:00+00:00,11.206673622131348,20.399999618530273,20.59000015258789,20.290000915527344,20.56999969482422,2412600,MTG,1996-07-19 to 2008-10-31
2001-06-18 00:00:00+00:00,11.522551536560059,20.975000381469727,21.125,20.674999237060547,20.795000076293945,3099600,MTG,1996-07-19 to 2008-10-31
2001-06-19 00:00:00+00:00,11.440149307250977,20.825000762939453,21.260000228881836,20.825000762939453,21.100000381469727,1560200,MTG,1996-07-19 to 2008-10-31
2001-06-20 00:00:00+00:00,11.753276824951172,21.395000457763672,21.46500015258789,20.725000381469727,20.825000762939453,1974400,MTG,1996-07-19 to 2008-10-31
2001-06-21 00:00:00+00:00,12.113097190856934,22.049999237060547,22.5,21.584999084472656,21.69499969482422,3193400,MTG,1996-07-19 to 2008-10-31
2001-06-22 00:00:00+00:00,12.313613891601562,22.415000915527344,22.899999618530273,21.844999313354492,22.399999618530273,3869400,MTG,1996-07-19 to 2008-10-31
2001-06-25 00:00:00+00:00,11.953786849975586,21.760000228881836,22.30500030517578,21.399999618530273,22.299999237060547,2483800,MTG,1996-07-19 to 2008-10-31
2001-06-26 00:00:00+00:00,11.53628158569336,21.0,21.655000686645508,20.81999969482422,21.649999618530273,4430000,MTG,1996-07-19 to 2008-10-31
2001-06-27 00:00:00+00:00,11.300066947937012,20.56999969482422,21.125,20.329999923706055,21.0,1937600,MTG,1996-07-19 to 2008-10-31
2001-06-28 00:00:00+00:00,11.788979530334473,21.459999084472656,21.524999618530273,20.549999237060547,20.549999237060547,2694000,MTG,1996-07-19 to 2008-10-31
2001-06-29 00:00:00+00:00,11.673623085021973,21.25,21.704999923706055,21.25,21.704999923706055,2814400,MTG,1996-07-19 to 2008-10-31
2001-07-02 00:00:00+00:00,11.15173625946045,20.299999237060547,21.25,19.774999618530273,21.0,6373000,MTG,1996-07-19 to 2008-10-31
2001-07-03 00:00:00+00:00,11.091312408447266,20.190000534057617,20.475000381469727,20.06999969482422,20.475000381469727,2265600,MTG,1996-07-19 to 2008-10-31
2001-07-05 00:00:00+00:00,10.440342903137207,19.0049991607666,19.219999313354492,18.299999237060547,18.75,14094400,MTG,1996-07-19 to 2008-10-31
2001-07-06 00:00:00+00:00,10.503512382507324,19.1200008392334,19.1200008392334,18.875,19.059999465942383,4376400,MTG,1996-07-19 to 2008-10-31
2001-07-09 00:00:00+00:00,10.462311744689941,19.045000076293945,19.4950008392334,19.0,19.200000762939453,3259600,MTG,1996-07-19 to 2008-10-31
2001-07-10 00:00:00+00:00,10.355185508728027,18.850000381469727,19.360000610351562,18.81999969482422,18.975000381469727,1748800,MTG,1996-07-19 to 2008-10-31
2001-07-11 00:00:00+00:00,10.55020809173584,19.204999923706055,19.375,18.700000762939453,18.799999237060547,2035200,MTG,1996-07-19 to 2008-10-31
2001-07-12 00:00:00+00:00,10.58591079711914,19.270000457763672,19.610000610351562,19.0,19.174999237060547,3342600,MTG,1996-07-19 to 2008-10-31
2001-07-13 00:00:00+00:00,10.635354042053223,19.360000610351562,19.524999618530273,18.649999618530273,19.475000381469727,3738800,MTG,1996-07-19 to 2008-10-31
2001-07-16 00:00:00+00:00,10.610636711120605,19.315000534057617,19.479999542236328,19.125,19.360000610351562,1675000,MTG,1996-07-19 to 2008-10-31
2001-07-17 00:00:00+00:00,10.426600456237793,18.979999542236328,19.325000762939453,18.594999313354492,19.325000762939453,4165600,MTG,1996-07-19 to 2008-10-31
2001-07-18 00:00:00+00:00,10.297506332397461,18.7450008392334,19.024999618530273,18.674999237060547,18.975000381469727,3201000,MTG,1996-07-19 to 2008-10-31
2001-07-19 00:00:00+00:00,10.355185508728027,18.850000381469727,18.989999771118164,18.649999618530273,18.975000381469727,2018800,MTG,1996-07-19 to 2008-10-31
2001-07-20 00:00:00+00:00,10.49252700805664,19.100000381469727,19.239999771118164,18.825000762939453,18.850000381469727,1998200,MTG,1996-07-19 to 2008-10-31
2001-07-23 00:00:00+00:00,10.591408729553223,19.280000686645508,19.354999542236328,18.979999542236328,19.149999618530273,1539000,MTG,1996-07-19 to 2008-10-31
2001-07-24 00:00:00+00:00,10.215108871459961,18.594999313354492,19.229999542236328,18.405000686645508,19.225000381469727,2179600,MTG,1996-07-19 to 2008-10-31
2001-07-25 00:00:00+00:00,10.053047180175781,18.299999237060547,18.950000762939453,18.100000381469727,18.549999237060547,2499200,MTG,1996-07-19 to 2008-10-31
2001-07-26 00:00:00+00:00,10.025581359863281,18.25,18.75,17.889999389648438,18.575000762939453,3807200,MTG,1996-07-19 to 2008-10-31
2001-07-27 00:00:00+00:00,9.841547966003418,17.915000915527344,18.25,17.915000915527344,18.149999618530273,3139400,MTG,1996-07-19 to 2008-10-31
2001-07-30 00:00:00+00:00,10.234334945678711,18.6299991607666,18.875,18.040000915527344,18.040000915527344,3450400,MTG,1996-07-19 to 2008-10-31
2001-07-31 00:00:00+00:00,10.602391242980957,19.299999237060547,19.575000762939453,18.924999237060547,18.924999237060547,3882800,MTG,1996-07-19 to 2008-10-31
2001-08-01 00:00:00+00:00,10.368925094604492,18.875,19.5,18.684999465942383,19.424999237060547,3673600,MTG,1996-07-19 to 2008-10-31
2001-08-02 00:00:00+00:00,10.489777565002441,19.094999313354492,19.290000915527344,18.850000381469727,18.8799991607666,1575000,MTG,1996-07-19 to 2008-10-31
2001-08-03 00:00:00+00:00,10.52548599243164,19.15999984741211,19.364999771118164,19.0,19.149999618530273,1447600,MTG,1996-07-19 to 2008-10-31
2001-08-06 00:00:00+00:00,10.322226524353027,18.790000915527344,19.139999389648438,18.700000762939453,19.125,1206000,MTG,1996-07-19 to 2008-10-31
2001-08-07 00:00:00+00:00,10.811145782470703,19.68000030517578,19.68000030517578,18.700000762939453,18.795000076293945,3373600,MTG,1996-07-19 to 2008-10-31
2001-08-08 00:00:00+00:00,10.437585830688477,19.0,20.045000076293945,18.94499969482422,19.55500030517578,2451800,MTG,1996-07-19 to 2008-10-31
2001-08-09 00:00:00+00:00,10.264545440673828,18.684999465942383,19.700000762939453,18.579999923706055,19.100000381469727,3684200,MTG,1996-07-19 to 2008-10-31
2001-08-10 00:00:00+00:00,10.360685348510742,18.860000610351562,18.924999237060547,18.450000762939453,18.684999465942383,1450400,MTG,1996-07-19 to 2008-10-31
2001-08-13 00:00:00+00:00,10.368925094604492,18.875,18.954999923706055,18.600000381469727,18.875,1474400,MTG,1996-07-19 to 2008-10-31
2001-08-14 00:00:00+00:00,10.272784233093262,18.700000762939453,19.024999618530273,18.655000686645508,18.674999237060547,1493000,MTG,1996-07-19 to 2008-10-31
2001-08-15 00:00:00+00:00,10.528234481811523,19.165000915527344,19.450000762939453,19.024999618530273,19.024999618530273,2975600,MTG,1996-07-19 to 2008-10-31
2001-08-16 00:00:00+00:00,10.261801719665527,18.68000030517578,18.895000457763672,18.489999771118164,18.850000381469727,2939800,MTG,1996-07-19 to 2008-10-31
2001-08-17 00:00:00+00:00,10.305746078491211,18.760000228881836,18.790000915527344,18.399999618530273,18.55500030517578,1758000,MTG,1996-07-19 to 2008-10-31
2001-08-20 00:00:00+00:00,10.368925094604492,18.875,19.165000915527344,18.860000610351562,19.1200008392334,1540800,MTG,1996-07-19 to 2008-10-31
2001-08-21 00:00:00+00:00,10.440342903137207,19.0049991607666,19.18000030517578,18.850000381469727,19.125,2647400,MTG,1996-07-19 to 2008-10-31
2001-08-22 00:00:00+00:00,10.404632568359375,18.940000534057617,18.975000381469727,18.530000686645508,18.940000534057617,2360400,MTG,1996-07-19 to 2008-10-31
2001-08-23 00:00:00+00:00,10.08051586151123,18.350000381469727,18.940000534057617,18.200000762939453,18.940000534057617,2346200,MTG,1996-07-19 to 2008-10-31
2001-08-24 00:00:00+00:00,10.410123825073242,18.950000762939453,19.0,18.174999237060547,18.450000762939453,2125800,MTG,1996-07-19 to 2008-10-31
2001-08-27 00:00:00+00:00,10.52548599243164,19.15999984741211,19.375,18.799999237060547,18.850000381469727,1298000,MTG,1996-07-19 to 2008-10-31
2001-08-28 00:00:00+00:00,10.313989639282227,18.774999618530273,19.125,18.5,19.125,2118800,MTG,1996-07-19 to 2008-10-31
2001-08-29 00:00:00+00:00,10.313989639282227,18.774999618530273,19.049999237060547,18.75,18.774999618530273,1756600,MTG,1996-07-19 to 2008-10-31
2001-08-30 00:00:00+00:00,10.01184368133545,18.225000381469727,18.7450008392334,18.049999237060547,18.739999771118164,2896800,MTG,1996-07-19 to 2008-10-31
2001-08-31 00:00:00+00:00,9.973392486572266,18.155000686645508,18.600000381469727,18.1299991607666,18.225000381469727,1600600,MTG,1996-07-19 to 2008-10-31
2001-09-04 00:00:00+00:00,10.215108871459961,18.594999313354492,18.799999237060547,18.334999084472656,18.375,2138600,MTG,1996-07-19 to 2008-10-31
2001-09-05 00:00:00+00:00,9.792110443115234,17.825000762939453,18.4950008392334,17.395000457763672,18.4950008392334,4377800,MTG,1996-07-19 to 2008-10-31
2001-09-06 00:00:00+00:00,9.338897705078125,17.0,17.735000610351562,16.639999389648438,17.600000381469727,6335600,MTG,1996-07-19 to 2008-10-31
2001-09-07 00:00:00+00:00,8.926885604858398,16.25,16.780000686645508,16.100000381469727,16.774999618530273,6190200,MTG,1996-07-19 to 2008-10-31
2001-09-10 00:00:00+00:00,8.726374626159668,15.885000228881836,16.325000762939453,15.75,16.024999618530273,4636400,MTG,1996-07-19 to 2008-10-31
2001-09-17 00:00:00+00:00,7.9655280113220215,14.5,15.135000228881836,14.324999809265137,15.135000228881836,5096000,MTG,1996-07-19 to 2008-10-31
2001-09-18 00:00:00+00:00,7.916086196899414,14.40999984741211,14.994999885559082,14.395000457763672,14.5,3996200,MTG,1996-07-19 to 2008-10-31
2001-09-19 00:00:00+00:00,7.690857410430908,14.0,14.75,13.779999732971191,14.600000381469727,5242000,MTG,1996-07-19 to 2008-10-31
2001-09-20 00:00:00+00:00,7.372234344482422,13.420000076293945,14.180000305175781,13.420000076293945,14.175000190734863,4575800,MTG,1996-07-19 to 2008-10-31
2001-09-21 00:00:00+00:00,7.388712406158447,13.449999809265137,13.850000381469727,13.024999618530273,13.024999618530273,4302800,MTG,1996-07-19 to 2008-10-31
2001-09-24 00:00:00+00:00,7.751286029815674,14.109999656677246,14.199999809265137,13.199999809265137,13.25,7273200,MTG,1996-07-19 to 2008-10-31
2001-09-25 00:00:00+00:00,7.754032135009766,14.114999771118164,14.225000381469727,13.824999809265137,14.0,3120400,MTG,1996-07-19 to 2008-10-31
2001-09-26 00:00:00+00:00,7.306312561035156,13.300000190734863,14.0649995803833,13.300000190734863,13.75,7726200,MTG,1996-07-19 to 2008-10-31
2001-09-27 00:00:00+00:00,7.493094444274902,13.640000343322754,13.675000190734863,13.100000381469727,13.475000381469727,3607400,MTG,1996-07-19 to 2008-10-31
2001-09-28 00:00:00+00:00,7.745794773101807,14.100000381469727,14.119999885559082,13.390000343322754,13.875,4234200,MTG,1996-07-19 to 2008-10-31
2001-10-01 00:00:00+00:00,7.8748884201049805,14.335000038146973,14.449999809265137,13.770000457763672,14.045000076293945,3096000,MTG,1996-07-19 to 2008-10-31
2001-10-02 00:00:00+00:00,8.069908142089844,14.6899995803833,14.699999809265137,14.029999732971191,14.100000381469727,3042800,MTG,1996-07-19 to 2008-10-31
2001-10-03 00:00:00+00:00,8.457194328308105,15.395000457763672,15.550000190734863,14.574999809265137,14.649999618530273,4435800,MTG,1996-07-19 to 2008-10-31
2001-10-04 00:00:00+00:00,8.383028984069824,15.260000228881836,15.600000381469727,15.149999618530273,15.324999809265137,2869200,MTG,1996-07-19 to 2008-10-31
2001-10-05 00:00:00+00:00,8.523116111755371,15.515000343322754,15.550000190734863,15.079999923706055,15.1899995803833,2117000,MTG,1996-07-19 to 2008-10-31
2001-10-08 00:00:00+00:00,8.105612754821777,14.755000114440918,15.125,14.595000267028809,15.125,2865200,MTG,1996-07-19 to 2008-10-31
2001-10-09 00:00:00+00:00,8.111106872558594,14.765000343322754,14.895000457763672,14.574999809265137,14.880000114440918,2268600,MTG,1996-07-19 to 2008-10-31
2001-10-10 00:00:00+00:00,8.097373008728027,14.739999771118164,14.859999656677246,14.475000381469727,14.600000381469727,5050600,MTG,1996-07-19 to 2008-10-31
2001-10-11 00:00:00+00:00,8.679680824279785,15.800000190734863,15.895000457763672,14.875,14.875,6757200,MTG,1996-07-19 to 2008-10-31
2001-10-12 00:00:00+00:00,8.24020004272461,15.0,15.475000381469727,14.765000343322754,15.375,3891000,MTG,1996-07-19 to 2008-10-31
2001-10-15 00:00:00+00:00,8.36105728149414,15.220000267028809,15.375,14.699999809265137,14.949999809265137,2010200,MTG,1996-07-19 to 2008-10-31
2001-10-16 00:00:00+00:00,8.512129783630371,15.494999885559082,15.545000076293945,15.180000305175781,15.225000381469727,2346200,MTG,1996-07-19 to 2008-10-31
2001-10-17 00:00:00+00:00,8.242952346801758,15.005000114440918,15.829999923706055,15.0,15.5,2485800,MTG,1996-07-19 to 2008-10-31
2001-10-18 00:00:00+00:00,8.256683349609375,15.029999732971191,15.149999618530273,14.859999656677246,15.0,4019200,MTG,1996-07-19 to 2008-10-31
2001-10-19 00:00:00+00:00,8.624746322631836,15.699999809265137,15.899999618530273,14.989999771118164,15.125,4286800,MTG,1996-07-19 to 2008-10-31
2001-10-22 00:00:00+00:00,8.624746322631836,15.699999809265137,15.859999656677246,15.609999656677246,15.699999809265137,3284200,MTG,1996-07-19 to 2008-10-31
2001-10-23 00:00:00+00:00,8.789549827575684,16.0,16.100000381469727,15.600000381469727,15.75,4447600,MTG,1996-07-19 to 2008-10-31
2001-10-24 00:00:00+00:00,8.789549827575684,16.0,16.125,15.854999542236328,16.125,2719200,MTG,1996-07-19 to 2008-10-31
2001-10-25 00:00:00+00:00,8.899421691894531,16.200000762939453,16.200000762939453,15.550000190734863,15.75,2556400,MTG,1996-07-19 to 2008-10-31
2001-10-26 00:00:00+00:00,8.976325988769531,16.34000015258789,16.524999618530273,16.1299991607666,16.225000381469727,1991400,MTG,1996-07-19 to 2008-10-31
2001-10-29 00:00:00+00:00,8.880195617675781,16.165000915527344,16.375,16.0,16.2549991607666,4546800,MTG,1996-07-19 to 2008-10-31
2001-10-30 00:00:00+00:00,8.528610229492188,15.524999618530273,16.104999542236328,15.505000114440918,16.100000381469727,3471400,MTG,1996-07-19 to 2008-10-31
2001-10-31 00:00:00+00:00,8.786803245544434,15.994999885559082,15.994999885559082,15.625,15.625,2543800,MTG,1996-07-19 to 2008-10-31
2001-11-01 00:00:00+00:00,8.992812156677246,16.3700008392334,16.375,15.75,15.899999618530273,3042400,MTG,1996-07-19 to 2008-10-31
2001-11-02 00:00:00+00:00,9.042250633239746,16.459999084472656,16.6200008392334,16.25,16.31999969482422,2391200,MTG,1996-07-19 to 2008-10-31
2001-11-05 00:00:00+00:00,9.212549209594727,16.770000457763672,16.8700008392334,16.5,16.5,1573600,MTG,1996-07-19 to 2008-10-31
2001-11-06 00:00:00+00:00,9.415803909301758,17.139999389648438,17.145000457763672,16.700000762939453,16.850000381469727,2291000,MTG,1996-07-19 to 2008-10-31
2001-11-07 00:00:00+00:00,9.454258918762207,17.209999084472656,17.219999313354492,16.950000762939453,17.139999389648438,2609400,MTG,1996-07-19 to 2008-10-31
2001-11-08 00:00:00+00:00,9.270227432250977,16.875,17.524999618530273,16.875,17.209999084472656,3611200,MTG,1996-07-19 to 2008-10-31
2001-11-09 00:00:00+00:00,9.264735221862793,16.864999771118164,17.045000076293945,16.649999618530273,16.850000381469727,3128400,MTG,1996-07-19 to 2008-10-31
2001-11-12 00:00:00+00:00,9.311432838439941,16.950000762939453,16.989999771118164,16.5,16.905000686645508,5004600,MTG,1996-07-19 to 2008-10-31
2001-11-13 00:00:00+00:00,9.566875457763672,17.415000915527344,17.549999237060547,17.264999389648438,17.549999237060547,3009800,MTG,1996-07-19 to 2008-10-31
2001-11-14 00:00:00+00:00,10.193136215209961,18.55500030517578,18.594999313354492,17.415000915527344,17.415000915527344,7257600,MTG,1996-07-19 to 2008-10-31
2001-11-15 00:00:00+00:00,10.327722549438477,18.799999237060547,18.924999237060547,18.174999237060547,18.489999771118164,4077200,MTG,1996-07-19 to 2008-10-31
2001-11-16 00:00:00+00:00,10.01184368133545,18.225000381469727,18.875,18.139999389648438,18.850000381469727,4109800,MTG,1996-07-19 to 2008-10-31
2001-11-19 00:00:00+00:00,10.338708877563477,18.81999969482422,18.895000457763672,18.024999618530273,18.204999923706055,2828200,MTG,1996-07-19 to 2008-10-31
2001-11-20 00:00:00+00:00,10.21784782409668,18.600000381469727,18.895000457763672,18.524999618530273,18.774999618530273,1729200,MTG,1996-07-19 to 2008-10-31
2001-11-21 00:00:00+00:00,10.193136215209961,18.55500030517578,18.645000457763672,18.25,18.5,1504200,MTG,1996-07-19 to 2008-10-31
2001-11-23 00:00:00+00:00,10.495275497436523,19.104999542236328,19.325000762939453,18.625,18.625,1148000,MTG,1996-07-19 to 2008-10-31
2001-11-26 00:00:00+00:00,10.635354042053223,19.360000610351562,19.565000534057617,18.700000762939453,19.104999542236328,2850200,MTG,1996-07-19 to 2008-10-31
2001-11-27 00:00:00+00:00,10.588663101196289,19.274999618530273,19.594999313354492,19.094999313354492,19.454999923706055,3370000,MTG,1996-07-19 to 2008-10-31
2001-11-28 00:00:00+00:00,10.355185508728027,18.850000381469727,19.21500015258789,18.850000381469727,19.174999237060547,2372400,MTG,1996-07-19 to 2008-10-31
2001-11-29 00:00:00+00:00,10.182149887084961,18.53499984741211,18.895000457763672,18.459999084472656,18.875,3247400,MTG,1996-07-19 to 2008-10-31
2001-11-30 00:00:00+00:00,10.16291332244873,18.5,18.625,18.389999389648438,18.5,2991400,MTG,1996-07-19 to 2008-10-31
2001-12-03 00:00:00+00:00,9.998112678527832,18.200000762939453,18.4950008392334,18.059999465942383,18.200000762939453,2291200,MTG,1996-07-19 to 2008-10-31
2001-12-04 00:00:00+00:00,10.091500282287598,18.3700008392334,18.375,17.975000381469727,18.225000381469727,2210000,MTG,1996-07-19 to 2008-10-31
2001-12-05 00:00:00+00:00,10.437585830688477,19.0,19.065000534057617,18.299999237060547,18.299999237060547,3599200,MTG,1996-07-19 to 2008-10-31
2001-12-06 00:00:00+00:00,10.190384864807129,18.549999237060547,18.875,18.375,18.875,3365400,MTG,1996-07-19 to 2008-10-31
2001-12-07 00:00:00+00:00,10.184891700744629,18.540000915527344,18.625,18.225000381469727,18.475000381469727,1546200,MTG,1996-07-19 to 2008-10-31
2001-12-10 00:00:00+00:00,10.039310455322266,18.274999618530273,18.899999618530273,18.25,18.774999618530273,2615200,MTG,1996-07-19 to 2008-10-31
2001-12-11 00:00:00+00:00,10.025581359863281,18.25,18.475000381469727,17.989999771118164,18.450000762939453,2002200,MTG,1996-07-19 to 2008-10-31
2001-12-12 00:00:00+00:00,10.242570877075195,18.645000457763672,18.690000534057617,18.200000762939453,18.274999618530273,2408400,MTG,1996-07-19 to 2008-10-31
2001-12-13 00:00:00+00:00,10.259051322937012,18.674999237060547,18.915000915527344,18.139999389648438,18.575000762939453,2767800,MTG,1996-07-19 to 2008-10-31
2001-12-14 00:00:00+00:00,10.264545440673828,18.684999465942383,18.75,18.149999618530273,18.399999618530273,2937800,MTG,1996-07-19 to 2008-10-31
2001-12-17 00:00:00+00:00,10.201371192932129,18.56999969482422,18.799999237060547,18.2450008392334,18.684999465942383,2742800,MTG,1996-07-19 to 2008-10-31
2001-12-18 00:00:00+00:00,10.094243049621582,18.375,18.844999313354492,18.229999542236328,18.625,2244000,MTG,1996-07-19 to 2008-10-31
2001-12-19 00:00:00+00:00,9.956912994384766,18.125,18.334999084472656,18.024999618530273,18.295000076293945,2521000,MTG,1996-07-19 to 2008-10-31
2001-12-20 00:00:00+00:00,10.519994735717773,19.149999618530273,19.399999618530273,18.34000015258789,19.375,5384400,MTG,1996-07-19 to 2008-10-31
2001-12-21 00:00:00+00:00,10.374414443969727,18.885000228881836,19.479999542236328,18.885000228881836,19.479999542236328,3432400,MTG,1996-07-19 to 2008-10-31
2001-12-24 00:00:00+00:00,10.580421447753906,19.260000228881836,19.424999237060547,18.875,18.889999389648438,1399200,MTG,1996-07-19 to 2008-10-31
2001-12-26 00:00:00+00:00,10.780932426452637,19.625,19.684999465942383,19.145000457763672,19.264999389648438,4294200,MTG,1996-07-19 to 2008-10-31
2001-12-27 00:00:00+00:00,10.863333702087402,19.774999618530273,20.149999618530273,19.454999923706055,19.899999618530273,1868600,MTG,1996-07-19 to 2008-10-31
2001-12-28 00:00:00+00:00,11.127020835876465,20.2549991607666,20.325000762939453,19.80500030517578,19.825000762939453,1853400,MTG,1996-07-19 to 2008-10-31
2001-12-31 00:00:00+00:00,11.23414421081543,20.450000762939453,21.0049991607666,19.924999237060547,20.18000030517578,4755400,MTG,1996-07-19 to 2008-10-31
2002-01-02 00:00:00+00:00,11.113290786743164,20.229999542236328,20.674999237060547,20.075000762939453,20.5,4208800,MTG,1996-07-19 to 2008-10-31
2002-01-03 00:00:00+00:00,11.063844680786133,20.139999389648438,20.350000381469727,20.100000381469727,20.25,2687000,MTG,1996-07-19 to 2008-10-31
2002-01-04 00:00:00+00:00,11.275346755981445,20.524999618530273,20.530000686645508,20.174999237060547,20.225000381469727,2410600,MTG,1996-07-19 to 2008-10-31
2002-01-07 00:00:00+00:00,11.38521671295166,20.725000381469727,21.524999618530273,20.625,21.524999618530273,4132000,MTG,1996-07-19 to 2008-10-31
2002-01-08 00:00:00+00:00,11.528042793273926,20.985000610351562,21.174999237060547,20.719999313354492,20.725000381469727,3225000,MTG,1996-07-19 to 2008-10-31
2002-01-09 00:00:00+00:00,11.333024024963379,20.6299991607666,21.145000457763672,20.6299991607666,21.0,3415200,MTG,1996-07-19 to 2008-10-31
2002-01-10 00:00:00+00:00,11.53628158569336,21.0,21.09000015258789,20.65999984741211,20.68000030517578,2665400,MTG,1996-07-19 to 2008-10-31
2002-01-11 00:00:00+00:00,11.50882339477539,20.950000762939453,21.225000381469727,20.850000381469727,21.049999237060547,3544800,MTG,1996-07-19 to 2008-10-31
2002-01-14 00:00:00+00:00,11.398947715759277,20.75,21.149999618530273,20.75,20.899999618530273,2854400,MTG,1996-07-19 to 2008-10-31
2002-01-15 00:00:00+00:00,11.500578880310059,20.934999465942383,20.96500015258789,20.7549991607666,20.7549991607666,2587000,MTG,1996-07-19 to 2008-10-31
2002-01-16 00:00:00+00:00,11.190193176269531,20.3700008392334,20.934999465942383,20.344999313354492,20.934999465942383,3267800,MTG,1996-07-19 to 2008-10-31
2002-01-17 00:00:00+00:00,11.113290786743164,20.229999542236328,20.44499969482422,19.924999237060547,20.399999618530273,5261800,MTG,1996-07-19 to 2008-10-31
2002-01-18 00:00:00+00:00,11.127020835876465,20.2549991607666,20.329999923706055,19.989999771118164,20.049999237060547,2434200,MTG,1996-07-19 to 2008-10-31
2002-01-22 00:00:00+00:00,11.159976959228516,20.315000534057617,20.625,20.315000534057617,20.325000762939453,1819800,MTG,1996-07-19 to 2008-10-31
2002-01-23 00:00:00+00:00,11.49782943725586,20.93000030517578,20.979999542236328,20.200000762939453,20.315000534057617,1691600,MTG,1996-07-19 to 2008-10-31
2002-01-24 00:00:00+00:00,11.220407485961914,20.424999237060547,21.024999618530273,20.389999389648438,21.0,2468200,MTG,1996-07-19 to 2008-10-31
2002-01-25 00:00:00+00:00,11.096803665161133,20.200000762939453,20.399999618530273,20.110000610351562,20.399999618530273,2587600,MTG,1996-07-19 to 2008-10-31
2002-01-28 00:00:00+00:00,11.316542625427246,20.600000381469727,20.75,20.399999618530273,20.75,2218600,MTG,1996-07-19 to 2008-10-31
2002-01-29 00:00:00+00:00,11.033634185791016,20.084999084472656,20.920000076293945,19.93000030517578,20.600000381469727,2118200,MTG,1996-07-19 to 2008-10-31
2002-01-30 00:00:00+00:00,11.327534675598145,20.6200008392334,20.674999237060547,19.924999237060547,20.149999618530273,2613200,MTG,1996-07-19 to 2008-10-31
2002-01-31 00:00:00+00:00,11.431913375854492,20.809999465942383,20.850000381469727,20.43000030517578,20.649999618530273,1664000,MTG,1996-07-19 to 2008-10-31
2002-02-01 00:00:00+00:00,11.256119728088379,20.489999771118164,20.799999237060547,20.3799991607666,20.75,1324200,MTG,1996-07-19 to 2008-10-31
2002-02-04 00:00:00+00:00,10.959470748901367,19.950000762939453,20.5,19.719999313354492,20.399999618530273,2032200,MTG,1996-07-19 to 2008-10-31
2002-02-05 00:00:00+00:00,10.81389045715332,19.684999465942383,20.09000015258789,19.600000381469727,19.950000762939453,2698000,MTG,1996-07-19 to 2008-10-31
2002-02-06 00:00:00+00:00,10.778186798095703,19.6200008392334,19.735000610351562,19.274999618530273,19.68000030517578,2078800,MTG,1996-07-19 to 2008-10-31
2002-02-07 00:00:00+00:00,10.52548599243164,19.15999984741211,19.75,18.94499969482422,19.5,4078600,MTG,1996-07-19 to 2008-10-31
2002-02-08 00:00:00+00:00,10.618873596191406,19.329999923706055,19.3700008392334,18.84000015258789,19.100000381469727,2380400,MTG,1996-07-19 to 2008-10-31
2002-02-11 00:00:00+00:00,11.0006685256958,20.024999618530273,20.174999237060547,19.375,19.375,2793800,MTG,1996-07-19 to 2008-10-31
2002-02-12 00:00:00+00:00,10.79466724395752,19.649999618530273,20.100000381469727,19.549999237060547,20.024999618530273,2322000,MTG,1996-07-19 to 2008-10-31
2002-02-13 00:00:00+00:00,10.9869384765625,20.0,20.0,19.700000762939453,19.700000762939453,2717400,MTG,1996-07-19 to 2008-10-31
2002-02-14 00:00:00+00:00,10.959470748901367,19.950000762939453,20.325000762939453,19.825000762939453,20.299999237060547,1460600,MTG,1996-07-19 to 2008-10-31
2002-02-15 00:00:00+00:00,10.780932426452637,19.625,20.100000381469727,19.424999237060547,20.049999237060547,2435800,MTG,1996-07-19 to 2008-10-31
2002-02-19 00:00:00+00:00,10.638102531433105,19.364999771118164,19.725000381469727,19.34000015258789,19.625,1714400,MTG,1996-07-19 to 2008-10-31
2002-02-20 00:00:00+00:00,10.822134971618652,19.700000762939453,19.725000381469727,19.235000610351562,19.364999771118164,2156000,MTG,1996-07-19 to 2008-10-31
2002-02-21 00:00:00+00:00,10.613382339477539,19.31999969482422,19.875,19.30500030517578,19.704999923706055,1885600,MTG,1996-07-19 to 2008-10-31
2002-02-22 00:00:00+00:00,10.536474227905273,19.18000030517578,19.315000534057617,18.6299991607666,19.315000534057617,2875200,MTG,1996-07-19 to 2008-10-31
2002-02-25 00:00:00+00:00,10.71776008605957,19.510000228881836,19.700000762939453,19.270000457763672,19.274999618530273,1467000,MTG,1996-07-19 to 2008-10-31
2002-02-26 00:00:00+00:00,11.44289493560791,20.829999923706055,20.899999618530273,19.7549991607666,19.7549991607666,4099400,MTG,1996-07-19 to 2008-10-31
2002-02-27 00:00:00+00:00,11.448387145996094,20.84000015258789,21.204999923706055,20.764999389648438,21.049999237060547,4030200,MTG,1996-07-19 to 2008-10-31
2002-02-28 00:00:00+00:00,11.511566162109375,20.954999923706055,21.450000762939453,20.924999237060547,21.125,3513000,MTG,1996-07-19 to 2008-10-31
2002-03-01 00:00:00+00:00,11.896105766296387,21.655000686645508,22.1299991607666,21.375,21.479999542236328,5069600,MTG,1996-07-19 to 2008-10-31
2002-03-04 00:00:00+00:00,12.085631370544434,22.0,22.0,21.6299991607666,21.700000762939453,2462600,MTG,1996-07-19 to 2008-10-31
2002-03-05 00:00:00+00:00,11.453879356384277,20.850000381469727,21.764999389648438,20.850000381469727,21.700000762939453,3977400,MTG,1996-07-19 to 2008-10-31
2002-03-06 00:00:00+00:00,11.728553771972656,21.350000381469727,21.420000076293945,20.905000686645508,20.924999237060547,2743600,MTG,1996-07-19 to 2008-10-31
2002-03-07 00:00:00+00:00,11.91258430480957,21.684999465942383,21.899999618530273,21.225000381469727,21.475000381469727,2802200,MTG,1996-07-19 to 2008-10-31
2002-03-08 00:00:00+00:00,11.940052032470703,21.735000610351562,22.125,21.635000228881836,22.125,2291800,MTG,1996-07-19 to 2008-10-31
2002-03-11 00:00:00+00:00,12.003230094909668,21.850000381469727,21.860000610351562,21.5,21.735000610351562,2020200,MTG,1996-07-19 to 2008-10-31
2002-03-12 00:00:00+00:00,11.945549964904785,21.7450008392334,21.9950008392334,21.68000030517578,21.799999237060547,2166200,MTG,1996-07-19 to 2008-10-31
2002-03-13 00:00:00+00:00,11.962027549743652,21.774999618530273,21.795000076293945,21.385000228881836,21.5,2025000,MTG,1996-07-19 to 2008-10-31
2002-03-14 00:00:00+00:00,11.962027549743652,21.774999618530273,21.829999923706055,21.44499969482422,21.725000381469727,1799600,MTG,1996-07-19 to 2008-10-31
2002-03-15 00:00:00+00:00,12.003230094909668,21.850000381469727,21.875,21.725000381469727,21.764999389648438,3287000,MTG,1996-07-19 to 2008-10-31
2002-03-18 00:00:00+00:00,11.860401153564453,21.59000015258789,21.799999237060547,21.389999389648438,21.725000381469727,2098600,MTG,1996-07-19 to 2008-10-31
2002-03-19 00:00:00+00:00,11.742287635803223,21.375,21.649999618530273,21.295000076293945,21.59000015258789,2414600,MTG,1996-07-19 to 2008-10-31
2002-03-20 00:00:00+00:00,11.893357276916504,21.649999618530273,21.75,21.329999923706055,21.350000381469727,2434000,MTG,1996-07-19 to 2008-10-31
2002-03-21 00:00:00+00:00,11.723063468933105,21.34000015258789,21.5,21.100000381469727,21.415000915527344,1774000,MTG,1996-07-19 to 2008-10-31
2002-03-22 00:00:00+00:00,11.481351852416992,20.899999618530273,21.100000381469727,20.75,21.100000381469727,1721200,MTG,1996-07-19 to 2008-10-31
2002-03-25 00:00:00+00:00,11.286332130432129,20.545000076293945,20.825000762939453,20.545000076293945,20.825000762939453,2574000,MTG,1996-07-19 to 2008-10-31
2002-03-26 00:00:00+00:00,11.335773468017578,20.635000228881836,20.854999542236328,20.389999389648438,20.5,2925600,MTG,1996-07-19 to 2008-10-31
2002-03-27 00:00:00+00:00,11.258865356445312,20.4950008392334,20.635000228881836,20.235000610351562,20.635000228881836,3349000,MTG,1996-07-19 to 2008-10-31
2002-03-28 00:00:00+00:00,11.220407485961914,20.424999237060547,20.530000686645508,20.344999313354492,20.4950008392334,2193400,MTG,1996-07-19 to 2008-10-31
2002-04-01 00:00:00+00:00,10.797411918640137,19.655000686645508,19.885000228881836,18.875,18.875,6311200,MTG,1996-07-19 to 2008-10-31
2002-04-02 00:00:00+00:00,10.45132827758789,19.024999618530273,19.450000762939453,18.415000915527344,19.415000915527344,7945000,MTG,1996-07-19 to 2008-10-31
2002-04-03 00:00:00+00:00,10.300256729125977,18.75,19.209999084472656,18.75,18.875,3290600,MTG,1996-07-19 to 2008-10-31
2002-04-04 00:00:00+00:00,10.547459602355957,19.200000762939453,19.309999465942383,18.735000610351562,18.799999237060547,6210400,MTG,1996-07-19 to 2008-10-31
2002-04-05 00:00:00+00:00,10.863333702087402,19.774999618530273,20.0,19.450000762939453,19.479999542236328,7342200,MTG,1996-07-19 to 2008-10-31
2002-04-08 00:00:00+00:00,11.165472984313965,20.325000762939453,20.5,19.454999923706055,19.454999923706055,2106000,MTG,1996-07-19 to 2008-10-31
2002-04-09 00:00:00+00:00,11.269848823547363,20.514999389648438,20.75,20.200000762939453,20.450000762939453,2521400,MTG,1996-07-19 to 2008-10-31
2002-04-10 00:00:00+00:00,11.412676811218262,20.774999618530273,20.934999465942383,20.575000762939453,20.674999237060547,2466400,MTG,1996-07-19 to 2008-10-31
2002-04-11 00:00:00+00:00,11.124268531799316,20.25,21.024999618530273,20.25,20.684999465942383,4049200,MTG,1996-07-19 to 2008-10-31
2002-04-12 00:00:00+00:00,11.23414421081543,20.450000762939453,20.559999465942383,20.260000228881836,20.299999237060547,1645400,MTG,1996-07-19 to 2008-10-31
2002-04-15 00:00:00+00:00,11.198432922363281,20.385000228881836,20.55500030517578,20.149999618530273,20.46500015258789,2525800,MTG,1996-07-19 to 2008-10-31
2002-04-16 00:00:00+00:00,11.376975059509277,20.709999084472656,20.854999542236328,20.309999465942383,20.3799991607666,2889200,MTG,1996-07-19 to 2008-10-31
2002-04-17 00:00:00+00:00,11.17371654510498,20.34000015258789,20.774999618530273,20.040000915527344,20.584999084472656,2652000,MTG,1996-07-19 to 2008-10-31
2002-04-18 00:00:00+00:00,11.470358848571777,20.8799991607666,20.899999618530273,20.264999389648438,20.375,2864600,MTG,1996-07-19 to 2008-10-31
2002-04-19 00:00:00+00:00,11.50882339477539,20.950000762939453,21.030000686645508,20.674999237060547,20.8700008392334,2164200,MTG,1996-07-19 to 2008-10-31
2002-04-22 00:00:00+00:00,11.289077758789062,20.549999237060547,21.174999237060547,20.450000762939453,20.975000381469727,1880600,MTG,1996-07-19 to 2008-10-31
2002-04-23 00:00:00+00:00,11.344014167785645,20.649999618530273,20.985000610351562,20.549999237060547,20.625,1464400,MTG,1996-07-19 to 2008-10-31
2002-04-24 00:00:00+00:00,11.162727355957031,20.31999969482422,20.75,20.174999237060547,20.739999771118164,1396000,MTG,1996-07-19 to 2008-10-31
2002-04-25 00:00:00+00:00,11.272599220275879,20.520000457763672,20.55500030517578,20.0,20.174999237060547,1324600,MTG,1996-07-19 to 2008-10-31
2002-04-26 00:00:00+00:00,10.962218284606934,19.954999923706055,20.799999237060547,19.954999923706055,20.520000457763672,1839400,MTG,1996-07-19 to 2008-10-31
2002-04-29 00:00:00+00:00,10.753463745117188,19.575000762939453,20.170000076293945,19.575000762939453,19.954999923706055,1913000,MTG,1996-07-19 to 2008-10-31
2002-04-30 00:00:00+00:00,10.912773132324219,19.864999771118164,19.950000762939453,19.25,19.475000381469727,3301000,MTG,1996-07-19 to 2008-10-31
2002-05-01 00:00:00+00:00,11.083069801330566,20.174999237060547,20.174999237060547,19.704999923706055,19.924999237060547,1502000,MTG,1996-07-19 to 2008-10-31
2002-05-02 00:00:00+00:00,11.258865356445312,20.4950008392334,20.625,20.25,20.344999313354492,1901200,MTG,1996-07-19 to 2008-10-31
2002-05-03 00:00:00+00:00,10.83036994934082,19.71500015258789,20.520000457763672,19.645000457763672,20.520000457763672,2662800,MTG,1996-07-19 to 2008-10-31
2002-05-06 00:00:00+00:00,10.544713973999023,19.19499969482422,20.045000076293945,19.19499969482422,19.725000381469727,1555400,MTG,1996-07-19 to 2008-10-31
2002-05-07 00:00:00+00:00,10.79466724395752,19.649999618530273,19.78499984741211,19.274999618530273,19.299999237060547,2279200,MTG,1996-07-19 to 2008-10-31
2002-05-08 00:00:00+00:00,10.874324798583984,19.795000076293945,20.350000381469727,19.53499984741211,20.125,3052200,MTG,1996-07-19 to 2008-10-31
2002-05-09 00:00:00+00:00,11.368734359741211,20.69499969482422,21.024999618530273,20.540000915527344,20.549999237060547,5411800,MTG,1996-07-19 to 2008-10-31
2002-05-10 00:00:00+00:00,11.225906372070312,20.434999465942383,20.985000610351562,20.40999984741211,20.899999618530273,2498000,MTG,1996-07-19 to 2008-10-31
2002-05-13 00:00:00+00:00,11.283584594726562,20.540000915527344,20.959999084472656,20.415000915527344,20.600000381469727,2501600,MTG,1996-07-19 to 2008-10-31
2002-05-14 00:00:00+00:00,11.805469512939453,21.489999771118164,21.71500015258789,21.049999237060547,21.049999237060547,3076000,MTG,1996-07-19 to 2008-10-31
2002-05-15 00:00:00+00:00,11.85765266418457,21.584999084472656,21.875,21.024999618530273,21.149999618530273,1837400,MTG,1996-07-19 to 2008-10-31
2002-05-16 00:00:00+00:00,11.934561729431152,21.725000381469727,21.8700008392334,21.5,21.625,1751400,MTG,1996-07-19 to 2008-10-31
2002-05-17 00:00:00+00:00,11.92082405090332,21.700000762939453,22.049999237060547,21.674999237060547,21.700000762939453,1790600,MTG,1996-07-19 to 2008-10-31
2002-05-20 00:00:00+00:00,11.794480323791504,21.469999313354492,21.850000381469727,21.40999984741211,21.40999984741211,1660600,MTG,1996-07-19 to 2008-10-31
2002-05-21 00:00:00+00:00,11.48409652709961,20.905000686645508,21.584999084472656,20.889999389648438,21.475000381469727,822600,MTG,1996-07-19 to 2008-10-31
2002-05-22 00:00:00+00:00,11.464868545532227,20.8700008392334,20.950000762939453,20.31999969482422,20.825000762939453,2161200,MTG,1996-07-19 to 2008-10-31
2002-05-23 00:00:00+00:00,11.723063468933105,21.34000015258789,21.350000381469727,20.975000381469727,20.975000381469727,1384800,MTG,1996-07-19 to 2008-10-31
2002-05-24 00:00:00+00:00,11.599455833435059,21.114999771118164,21.575000762939453,21.059999465942383,21.46500015258789,1268000,MTG,1996-07-19 to 2008-10-31
2002-05-28 00:00:00+00:00,11.311050415039062,20.59000015258789,21.1299991607666,20.375,21.114999771118164,1979400,MTG,1996-07-19 to 2008-10-31
2002-05-29 00:00:00+00:00,11.107793807983398,20.219999313354492,20.8700008392334,20.125,20.625,1929400,MTG,1996-07-19 to 2008-10-31
2002-05-30 00:00:00+00:00,11.069341659545898,20.149999618530273,20.424999237060547,20.020000457763672,20.225000381469727,1741800,MTG,1996-07-19 to 2008-10-31
2002-05-31 00:00:00+00:00,11.374229431152344,20.704999923706055,21.0049991607666,20.235000610351562,20.25,2070800,MTG,1996-07-19 to 2008-10-31
2002-06-03 00:00:00+00:00,11.055604934692383,20.125,20.9950008392334,20.125,20.825000762939453,1334200,MTG,1996-07-19 to 2008-10-31
2002-06-04 00:00:00+00:00,10.9869384765625,20.0,20.31999969482422,19.799999237060547,20.25,2110000,MTG,1996-07-19 to 2008-10-31
2002-06-05 00:00:00+00:00,11.431913375854492,20.809999465942383,20.829999923706055,20.190000534057617,20.190000534057617,1908200,MTG,1996-07-19 to 2008-10-31
2002-06-06 00:00:00+00:00,11.23689079284668,20.454999923706055,20.809999465942383,20.290000915527344,20.809999465942383,4119400,MTG,1996-07-19 to 2008-10-31
2002-06-07 00:00:00+00:00,11.300066947937012,20.56999969482422,20.850000381469727,20.299999237060547,20.299999237060547,3096000,MTG,1996-07-19 to 2008-10-31
2002-06-10 00:00:00+00:00,11.453879356384277,20.850000381469727,21.049999237060547,20.665000915527344,20.69499969482422,1690400,MTG,1996-07-19 to 2008-10-31
2002-06-11 00:00:00+00:00,11.324784278869629,20.614999771118164,21.299999237060547,20.524999618530273,20.850000381469727,1509600,MTG,1996-07-19 to 2008-10-31
2002-06-12 00:00:00+00:00,11.283584594726562,20.540000915527344,20.75,20.440000534057617,20.549999237060547,2281200,MTG,1996-07-19 to 2008-10-31
2002-06-13 00:00:00+00:00,11.157234191894531,20.309999465942383,20.700000762939453,20.200000762939453,20.200000762939453,1986400,MTG,1996-07-19 to 2008-10-31
2002-06-14 00:00:00+00:00,11.041877746582031,20.100000381469727,20.274999618530273,19.559999465942383,20.274999618530273,4426800,MTG,1996-07-19 to 2008-10-31
2002-06-17 00:00:00+00:00,11.673623085021973,21.25,21.260000228881836,20.100000381469727,20.100000381469727,2595000,MTG,1996-07-19 to 2008-10-31
2002-06-18 00:00:00+00:00,11.539030075073242,21.0049991607666,21.184999465942383,20.90999984741211,21.024999618530273,1510600,MTG,1996-07-19 to 2008-10-31
2002-06-19 00:00:00+00:00,11.615936279296875,21.145000457763672,21.25,20.950000762939453,21.010000228881836,2454200,MTG,1996-07-19 to 2008-10-31
2002-06-20 00:00:00+00:00,11.140755653381348,20.280000686645508,21.104999542236328,20.274999618530273,21.100000381469727,2511800,MTG,1996-07-19 to 2008-10-31
2002-06-21 00:00:00+00:00,10.877069473266602,19.799999237060547,20.239999771118164,19.795000076293945,19.924999237060547,3079600,MTG,1996-07-19 to 2008-10-31
2002-06-24 00:00:00+00:00,10.962218284606934,19.954999923706055,20.100000381469727,19.344999313354492,19.815000534057617,1894600,MTG,1996-07-19 to 2008-10-31
2002-06-25 00:00:00+00:00,10.855093955993652,19.760000228881836,20.655000686645508,19.68000030517578,20.0,2085400,MTG,1996-07-19 to 2008-10-31
2002-06-26 00:00:00+00:00,10.819385528564453,19.69499969482422,20.0,19.024999618530273,19.024999618530273,2806600,MTG,1996-07-19 to 2008-10-31
2002-06-27 00:00:00+00:00,11.050114631652832,20.114999771118164,20.114999771118164,19.485000610351562,20.0,1662000,MTG,1996-07-19 to 2008-10-31
2002-06-28 00:00:00+00:00,10.904537200927734,19.850000381469727,20.219999313354492,19.799999237060547,20.0,3153400,MTG,1996-07-19 to 2008-10-31
2002-07-01 00:00:00+00:00,10.36343002319336,18.864999771118164,19.604999542236328,18.864999771118164,19.5,3671000,MTG,1996-07-19 to 2008-10-31
2002-07-02 00:00:00+00:00,9.940431594848633,18.094999313354492,18.549999237060547,17.850000381469727,18.549999237060547,4697000,MTG,1996-07-19 to 2008-10-31
2002-07-03 00:00:00+00:00,10.270040512084961,18.69499969482422,18.69499969482422,18.049999237060547,18.1299991607666,2194600,MTG,1996-07-19 to 2008-10-31
2002-07-05 00:00:00+00:00,11.26160717010498,20.5,20.5,18.75,18.81999969482422,1863200,MTG,1996-07-19 to 2008-10-31
2002-07-08 00:00:00+00:00,10.767199516296387,19.600000381469727,20.405000686645508,19.459999084472656,20.399999618530273,3096800,MTG,1996-07-19 to 2008-10-31
2002-07-09 00:00:00+00:00,10.465055465698242,19.049999237060547,19.985000610351562,19.049999237060547,19.600000381469727,3870800,MTG,1996-07-19 to 2008-10-31
2002-07-10 00:00:00+00:00,10.368925094604492,18.875,19.799999237060547,18.815000534057617,19.700000762939453,7120200,MTG,1996-07-19 to 2008-10-31
2002-07-11 00:00:00+00:00,10.552950859069824,19.209999084472656,19.264999389648438,18.1299991607666,18.600000381469727,4200400,MTG,1996-07-19 to 2008-10-31
2002-07-12 00:00:00+00:00,10.105236053466797,18.395000457763672,19.399999618530273,18.274999618530273,19.25,3664400,MTG,1996-07-19 to 2008-10-31
2002-07-15 00:00:00+00:00,9.901982307434082,18.024999618530273,18.25,17.1299991607666,18.075000762939453,4225600,MTG,1996-07-19 to 2008-10-31
2002-07-16 00:00:00+00:00,9.739921569824219,17.729999542236328,17.979999542236328,17.350000381469727,17.924999237060547,4267200,MTG,1996-07-19 to 2008-10-31
2002-07-17 00:00:00+00:00,9.462499618530273,17.225000381469727,18.200000762939453,16.864999771118164,18.0,3912000,MTG,1996-07-19 to 2008-10-31
2002-07-18 00:00:00+00:00,9.388339042663574,17.09000015258789,17.69499969482422,17.075000762939453,17.209999084472656,2660000,MTG,1996-07-19 to 2008-10-31
2002-07-19 00:00:00+00:00,9.064223289489746,16.5,17.19499969482422,16.489999771118164,17.0,2417800,MTG,1996-07-19 to 2008-10-31
2002-07-22 00:00:00+00:00,8.855474472045898,16.1200008392334,17.100000381469727,15.694999694824219,16.5049991607666,3313800,MTG,1996-07-19 to 2008-10-31
2002-07-23 00:00:00+00:00,9.132890701293945,16.625,17.2450008392334,16.149999618530273,16.149999618530273,3584200,MTG,1996-07-19 to 2008-10-31
2002-07-24 00:00:00+00:00,9.85253620147705,17.934999465942383,17.989999771118164,16.239999771118164,16.625,3526200,MTG,1996-07-19 to 2008-10-31
2002-07-25 00:00:00+00:00,10.31124496459961,18.770000457763672,18.799999237060547,17.594999313354492,17.950000762939453,5203800,MTG,1996-07-19 to 2008-10-31
2002-07-26 00:00:00+00:00,10.245323181152344,18.649999618530273,18.795000076293945,17.770000457763672,18.75,4654800,MTG,1996-07-19 to 2008-10-31
2002-07-29 00:00:00+00:00,10.533724784851074,19.174999237060547,19.21500015258789,18.735000610351562,18.850000381469727,4928200,MTG,1996-07-19 to 2008-10-31
2002-07-30 00:00:00+00:00,10.462311744689941,19.045000076293945,19.299999237060547,18.354999542236328,18.875,4396800,MTG,1996-07-19 to 2008-10-31
2002-07-31 00:00:00+00:00,10.330465316772461,18.80500030517578,19.075000762939453,17.8700008392334,19.049999237060547,5212200,MTG,1996-07-19 to 2008-10-31
2002-08-01 00:00:00+00:00,9.630050659179688,17.530000686645508,18.80500030517578,17.204999923706055,18.80500030517578,4883200,MTG,1996-07-19 to 2008-10-31
2002-08-02 00:00:00+00:00,9.187827110290527,16.725000381469727,17.5,16.405000686645508,17.5,4638200,MTG,1996-07-19 to 2008-10-31
2002-08-05 00:00:00+00:00,9.036759376525879,16.450000762939453,17.049999237060547,16.424999237060547,16.725000381469727,2572800,MTG,1996-07-19 to 2008-10-31
2002-08-06 00:00:00+00:00,9.391087532043457,17.094999313354492,17.389999389648438,16.549999237060547,16.600000381469727,3603000,MTG,1996-07-19 to 2008-10-31
2002-08-07 00:00:00+00:00,9.344389915466309,17.010000228881836,17.174999237060547,16.540000915527344,17.125,3516400,MTG,1996-07-19 to 2008-10-31
2002-08-08 00:00:00+00:00,9.47623062133789,17.25,17.354999542236328,16.225000381469727,17.239999771118164,4685400,MTG,1996-07-19 to 2008-10-31
2002-08-09 00:00:00+00:00,9.517436027526855,17.325000762939453,17.350000381469727,16.7549991607666,17.010000228881836,2727200,MTG,1996-07-19 to 2008-10-31
2002-08-12 00:00:00+00:00,9.105425834655762,16.575000762939453,16.924999237060547,16.524999618530273,16.850000381469727,2898800,MTG,1996-07-19 to 2008-10-31
2002-08-13 00:00:00+00:00,8.929630279541016,16.2549991607666,16.78499984741211,16.25,16.40999984741211,4601800,MTG,1996-07-19 to 2008-10-31
2002-08-14 00:00:00+00:00,9.566875457763672,17.415000915527344,17.43000030517578,16.274999618530273,16.274999618530273,3756400,MTG,1996-07-19 to 2008-10-31
2002-08-15 00:00:00+00:00,10.16291332244873,18.5,18.709999084472656,17.854999542236328,17.924999237060547,5498000,MTG,1996-07-19 to 2008-10-31
2002-08-16 00:00:00+00:00,10.198623657226562,18.565000534057617,18.690000534057617,18.114999771118164,18.459999084472656,2464600,MTG,1996-07-19 to 2008-10-31
2002-08-19 00:00:00+00:00,10.17390251159668,18.520000457763672,18.524999618530273,17.700000762939453,18.25,4855600,MTG,1996-07-19 to 2008-10-31
2002-08-20 00:00:00+00:00,10.10249137878418,18.389999389648438,18.584999084472656,18.155000686645508,18.5,2779400,MTG,1996-07-19 to 2008-10-31
2002-08-21 00:00:00+00:00,10.135453224182129,18.450000762939453,18.774999618530273,18.010000228881836,18.514999389648438,2315600,MTG,1996-07-19 to 2008-10-31
2002-08-22 00:00:00+00:00,10.264545440673828,18.684999465942383,18.850000381469727,18.200000762939453,18.375,1985200,MTG,1996-07-19 to 2008-10-31
2002-08-23 00:00:00+00:00,9.91021728515625,18.040000915527344,18.575000762939453,18.040000915527344,18.459999084472656,2386000,MTG,1996-07-19 to 2008-10-31
2002-08-26 00:00:00+00:00,10.014592170715332,18.229999542236328,18.34000015258789,17.780000686645508,17.940000534057617,1626600,MTG,1996-07-19 to 2008-10-31
2002-08-27 00:00:00+00:00,9.858030319213867,17.94499969482422,18.31999969482422,17.799999237060547,18.170000076293945,2259600,MTG,1996-07-19 to 2008-10-31
2002-08-28 00:00:00+00:00,9.838800430297852,17.90999984741211,18.174999237060547,17.625,17.96500015258789,1904000,MTG,1996-07-19 to 2008-10-31
2002-08-29 00:00:00+00:00,9.75364875793457,17.7549991607666,17.985000610351562,17.399999618530273,17.549999237060547,2729600,MTG,1996-07-19 to 2008-10-31
2002-08-30 00:00:00+00:00,9.8607759475708,17.950000762939453,18.200000762939453,17.81999969482422,17.81999969482422,1572600,MTG,1996-07-19 to 2008-10-31
2002-09-03 00:00:00+00:00,9.654772758483887,17.575000762939453,17.950000762939453,17.450000762939453,17.950000762939453,2180200,MTG,1996-07-19 to 2008-10-31
2002-09-04 00:00:00+00:00,9.75364875793457,17.7549991607666,17.899999618530273,17.170000076293945,17.670000076293945,2526200,MTG,1996-07-19 to 2008-10-31
2002-09-05 00:00:00+00:00,9.695971488952637,17.649999618530273,17.825000762939453,17.0,17.0,3009200,MTG,1996-07-19 to 2008-10-31
2002-09-06 00:00:00+00:00,10.028326034545898,18.2549991607666,18.290000915527344,17.774999618530273,17.799999237060547,2213200,MTG,1996-07-19 to 2008-10-31
2002-09-09 00:00:00+00:00,10.12995719909668,18.440000534057617,18.719999313354492,18.1299991607666,18.2549991607666,3341400,MTG,1996-07-19 to 2008-10-31
2002-09-10 00:00:00+00:00,10.16291332244873,18.5,18.59000015258789,18.299999237060547,18.399999618530273,2312600,MTG,1996-07-19 to 2008-10-31
2002-09-11 00:00:00+00:00,10.15192985534668,18.479999542236328,18.71500015258789,18.450000762939453,18.5,1479000,MTG,1996-07-19 to 2008-10-31
2002-09-12 00:00:00+00:00,9.965152740478516,18.139999389648438,18.459999084472656,18.03499984741211,18.350000381469727,1529200,MTG,1996-07-19 to 2008-10-31
2002-09-13 00:00:00+00:00,9.923952102661133,18.065000534057617,18.25,17.899999618530273,18.100000381469727,2830800,MTG,1996-07-19 to 2008-10-31
2002-09-16 00:00:00+00:00,10.245323181152344,18.649999618530273,18.649999618530273,18.065000534057617,18.065000534057617,1796600,MTG,1996-07-19 to 2008-10-31
2002-09-17 00:00:00+00:00,10.12171745300293,18.424999237060547,19.065000534057617,18.364999771118164,19.049999237060547,2307200,MTG,1996-07-19 to 2008-10-31
2002-09-18 00:00:00+00:00,9.855283737182617,17.940000534057617,18.184999465942383,17.799999237060547,18.125,2313600,MTG,1996-07-19 to 2008-10-31
2002-09-19 00:00:00+00:00,9.668506622314453,17.600000381469727,18.024999618530273,17.575000762939453,17.709999084472656,1675600,MTG,1996-07-19 to 2008-10-31
2002-09-20 00:00:00+00:00,9.555890083312988,17.395000457763672,17.700000762939453,17.329999923706055,17.625,2909400,MTG,1996-07-19 to 2008-10-31
2002-09-23 00:00:00+00:00,9.201560974121094,16.75,17.0,16.5,17.0,4561800,MTG,1996-07-19 to 2008-10-31
2002-09-24 00:00:00+00:00,8.871953010559082,16.149999618530273,16.549999237060547,16.079999923706055,16.43000030517578,6366000,MTG,1996-07-19 to 2008-10-31
2002-09-25 00:00:00+00:00,9.179586410522461,16.709999084472656,16.774999618530273,16.2549991607666,16.5,3290400,MTG,1996-07-19 to 2008-10-31
2002-09-26 00:00:00+00:00,9.413061141967773,17.135000228881836,17.174999237060547,16.700000762939453,16.969999313354492,2514000,MTG,1996-07-19 to 2008-10-31
2002-09-27 00:00:00+00:00,8.56157112121582,15.585000038146973,16.860000610351562,15.585000038146973,16.860000610351562,4708800,MTG,1996-07-19 to 2008-10-31
2002-09-30 00:00:00+00:00,8.086385726928711,14.720000267028809,15.050000190734863,14.600000381469727,15.050000190734863,7186400,MTG,1996-07-19 to 2008-10-31
2002-10-01 00:00:00+00:00,8.41873550415039,15.324999809265137,15.40999984741211,14.4399995803833,14.824999809265137,5307400,MTG,1996-07-19 to 2008-10-31
2002-10-02 00:00:00+00:00,8.146815299987793,14.829999923706055,15.475000381469727,14.795000076293945,15.149999618530273,2740600,MTG,1996-07-19 to 2008-10-31
2002-10-03 00:00:00+00:00,7.828191757202148,14.25,15.020000457763672,14.244999885559082,14.875,3129600,MTG,1996-07-19 to 2008-10-31
2002-10-04 00:00:00+00:00,7.696348667144775,14.010000228881836,14.53499984741211,13.5600004196167,14.449999809265137,5748200,MTG,1996-07-19 to 2008-10-31
2002-10-07 00:00:00+00:00,7.251377105712891,13.199999809265137,14.164999961853027,13.050000190734863,14.010000228881836,4646400,MTG,1996-07-19 to 2008-10-31
2002-10-08 00:00:00+00:00,7.82269811630249,14.239999771118164,14.770000457763672,13.539999961853027,13.600000381469727,6562600,MTG,1996-07-19 to 2008-10-31
2002-10-09 00:00:00+00:00,7.30905818939209,13.305000305175781,14.029999732971191,13.229999542236328,14.0,4609000,MTG,1996-07-19 to 2008-10-31
2002-10-10 00:00:00+00:00,7.690857410430908,14.0,14.15999984741211,11.795000076293945,13.3100004196167,9906800,MTG,1996-07-19 to 2008-10-31
2002-10-11 00:00:00+00:00,7.8748884201049805,14.335000038146973,14.774999618530273,13.949999809265137,14.25,5242600,MTG,1996-07-19 to 2008-10-31
2002-10-14 00:00:00+00:00,8.069908142089844,14.6899995803833,15.050000190734863,14.234999656677246,14.335000038146973,2761000,MTG,1996-07-19 to 2008-10-31
2002-10-15 00:00:00+00:00,8.66594409942627,15.774999618530273,15.789999961853027,15.149999618530273,15.149999618530273,3805200,MTG,1996-07-19 to 2008-10-31
2002-10-16 00:00:00+00:00,8.14955997467041,14.835000038146973,15.524999618530273,14.725000381469727,15.375,3834800,MTG,1996-07-19 to 2008-10-31
2002-10-17 00:00:00+00:00,8.31711196899414,15.140000343322754,15.5,14.600000381469727,15.0,5258200,MTG,1996-07-19 to 2008-10-31
2002-10-18 00:00:00+00:00,8.602777481079102,15.65999984741211,15.850000381469727,15.020000457763672,15.145000457763672,3218000,MTG,1996-07-19 to 2008-10-31
2002-10-21 00:00:00+00:00,8.800536155700684,16.020000457763672,16.149999618530273,15.199999809265137,15.65999984741211,2557400,MTG,1996-07-19 to 2008-10-31
2002-10-22 00:00:00+00:00,8.701651573181152,15.84000015258789,16.25,15.510000228881836,15.875,2488000,MTG,1996-07-19 to 2008-10-31
2002-10-23 00:00:00+00:00,8.860965728759766,16.1299991607666,16.149999618530273,15.725000381469727,15.725000381469727,2407200,MTG,1996-07-19 to 2008-10-31
2002-10-24 00:00:00+00:00,8.580799102783203,15.619999885559082,16.524999618530273,15.395000457763672,16.25,3019400,MTG,1996-07-19 to 2008-10-31
2002-10-25 00:00:00+00:00,9.020276069641113,16.420000076293945,16.479999542236328,15.649999618530273,15.6899995803833,3225600,MTG,1996-07-19 to 2008-10-31
2002-10-28 00:00:00+00:00,8.429726600646973,15.345000267028809,16.450000762939453,15.28499984741211,16.420000076293945,3095400,MTG,1996-07-19 to 2008-10-31
2002-10-29 00:00:00+00:00,8.830751419067383,16.075000762939453,16.19499969482422,15.0,15.350000381469727,3881000,MTG,1996-07-19 to 2008-10-31
2002-10-30 00:00:00+00:00,8.476422309875488,15.430000305175781,16.079999923706055,15.1850004196167,16.079999923706055,3059600,MTG,1996-07-19 to 2008-10-31
2002-10-31 00:00:00+00:00,8.432476043701172,15.350000381469727,15.649999618530273,15.100000381469727,15.550000190734863,2899200,MTG,1996-07-19 to 2008-10-31
2002-11-01 00:00:00+00:00,8.641227722167969,15.729999542236328,15.795000076293945,15.029999732971191,15.225000381469727,1966600,MTG,1996-07-19 to 2008-10-31
2002-11-04 00:00:00+00:00,8.24020004272461,15.0,15.734999656677246,14.800000190734863,15.734999656677246,5165600,MTG,1996-07-19 to 2008-10-31
2002-11-05 00:00:00+00:00,8.311617851257324,15.130000114440918,15.220000267028809,14.850000381469727,15.0,3361800,MTG,1996-07-19 to 2008-10-31
2002-11-06 00:00:00+00:00,8.34183406829834,15.1850004196167,15.375,14.645000457763672,15.135000228881836,3753000,MTG,1996-07-19 to 2008-10-31
2002-11-07 00:00:00+00:00,8.583540916442871,15.625,15.824999809265137,15.420000076293945,15.53499984741211,3799000,MTG,1996-07-19 to 2008-10-31
2002-11-08 00:00:00+00:00,8.237456321716309,14.994999885559082,15.625,14.890000343322754,15.5,3306000,MTG,1996-07-19 to 2008-10-31
2002-11-11 00:00:00+00:00,8.012221336364746,14.585000038146973,15.0,14.539999961853027,14.994999885559082,1988400,MTG,1996-07-19 to 2008-10-31
2002-11-12 00:00:00+00:00,8.18252182006836,14.895000457763672,15.100000381469727,14.694999694824219,14.960000038146973,3415000,MTG,1996-07-19 to 2008-10-31
2002-11-13 00:00:00+00:00,8.391270637512207,15.274999618530273,15.274999618530273,14.5600004196167,14.899999618530273,4232800,MTG,1996-07-19 to 2008-10-31
2002-11-14 00:00:00+00:00,8.92138671875,16.239999771118164,16.299999237060547,15.279999732971191,15.279999732971191,4019400,MTG,1996-07-19 to 2008-10-31
2002-11-15 00:00:00+00:00,9.02577018737793,16.43000030517578,16.475000381469727,16.135000228881836,16.229999542236328,3370200,MTG,1996-07-19 to 2008-10-31
2002-11-18 00:00:00+00:00,8.7098970413208,15.854999542236328,16.31999969482422,15.699999809265137,16.28499984741211,3090400,MTG,1996-07-19 to 2008-10-31
2002-11-19 00:00:00+00:00,8.37479305267334,15.244999885559082,15.859999656677246,15.175000190734863,15.859999656677246,3606200,MTG,1996-07-19 to 2008-10-31
2002-11-20 00:00:00+00:00,8.77581787109375,15.975000381469727,16.030000686645508,15.279999732971191,15.329999923706055,2122800,MTG,1996-07-19 to 2008-10-31
2002-11-21 00:00:00+00:00,9.006542205810547,16.395000457763672,16.424999237060547,16.024999618530273,16.174999237060547,1897800,MTG,1996-07-19 to 2008-10-31
2002-11-22 00:00:00+00:00,8.888433456420898,16.18000030517578,16.774999618530273,16.15999984741211,16.399999618530273,3910600,MTG,1996-07-19 to 2008-10-31
2002-11-25 00:00:00+00:00,8.7098970413208,15.854999542236328,16.184999465942383,15.5649995803833,16.184999465942383,4588000,MTG,1996-07-19 to 2008-10-31
2002-11-26 00:00:00+00:00,8.66594409942627,15.774999618530273,15.925000190734863,15.550000190734863,15.899999618530273,2034200,MTG,1996-07-19 to 2008-10-31
2002-11-27 00:00:00+00:00,8.995556831359863,16.375,16.440000534057617,15.774999618530273,15.899999618530273,1924600,MTG,1996-07-19 to 2008-10-31
2002-11-29 00:00:00+00:00,8.976325988769531,16.34000015258789,16.450000762939453,16.149999618530273,16.375,1393200,MTG,1996-07-19 to 2008-10-31
2002-12-02 00:00:00+00:00,9.064223289489746,16.5,17.375,16.40999984741211,16.75,4568400,MTG,1996-07-19 to 2008-10-31
2002-12-03 00:00:00+00:00,8.784052848815918,15.989999771118164,16.5049991607666,15.890000343322754,16.5049991607666,2676600,MTG,1996-07-19 to 2008-10-31
2002-12-04 00:00:00+00:00,8.583540916442871,15.625,15.949999809265137,14.899999618530273,14.949999809265137,6156400,MTG,1996-07-19 to 2008-10-31
2002-12-05 00:00:00+00:00,8.457194328308105,15.395000457763672,15.71500015258789,15.0600004196167,15.630000114440918,2788000,MTG,1996-07-19 to 2008-10-31
2002-12-06 00:00:00+00:00,8.37479305267334,15.244999885559082,15.364999771118164,15.005000114440918,15.270000457763672,2437400,MTG,1996-07-19 to 2008-10-31
2002-12-09 00:00:00+00:00,8.204493522644043,14.9350004196167,15.25,14.850000381469727,15.25,2564000,MTG,1996-07-19 to 2008-10-31
2002-12-10 00:00:00+00:00,8.352821350097656,15.204999923706055,15.204999923706055,14.71500015258789,14.949999809265137,2172800,MTG,1996-07-19 to 2008-10-31
2002-12-11 00:00:00+00:00,8.168787956237793,14.869999885559082,15.125,14.800000190734863,15.079999923706055,3340000,MTG,1996-07-19 to 2008-10-31
2002-12-12 00:00:00+00:00,8.124839782714844,14.789999961853027,14.949999809265137,14.550000190734863,14.949999809265137,2933400,MTG,1996-07-19 to 2008-10-31
2002-12-13 00:00:00+00:00,7.891369342803955,14.364999771118164,14.795000076293945,14.199999809265137,14.795000076293945,3602800,MTG,1996-07-19 to 2008-10-31
2002-12-16 00:00:00+00:00,8.053426742553711,14.65999984741211,14.770000457763672,14.364999771118164,14.369999885559082,4718200,MTG,1996-07-19 to 2008-10-31
2002-12-17 00:00:00+00:00,7.850164890289307,14.289999961853027,14.579999923706055,14.149999618530273,14.574999809265137,3661600,MTG,1996-07-19 to 2008-10-31
2002-12-18 00:00:00+00:00,7.836435794830322,14.265000343322754,14.369999885559082,13.925000190734863,14.25,4072800,MTG,1996-07-19 to 2008-10-31
2002-12-19 00:00:00+00:00,7.751286029815674,14.109999656677246,14.574999809265137,14.104999542236328,14.324999809265137,3292600,MTG,1996-07-19 to 2008-10-31
2002-12-20 00:00:00+00:00,7.943553924560547,14.460000038146973,14.470000267028809,14.125,14.175000190734863,3813000,MTG,1996-07-19 to 2008-10-31
2002-12-23 00:00:00+00:00,7.646908283233643,13.920000076293945,14.46500015258789,13.854999542236328,14.46500015258789,3526000,MTG,1996-07-19 to 2008-10-31
2002-12-24 00:00:00+00:00,7.663389682769775,13.949999809265137,14.039999961853027,13.75,13.824999809265137,823600,MTG,1996-07-19 to 2008-10-31
2002-12-26 00:00:00+00:00,7.597468376159668,13.829999923706055,14.225000381469727,13.800000190734863,13.899999618530273,2277000,MTG,1996-07-19 to 2008-10-31
2002-12-27 00:00:00+00:00,7.559013366699219,13.760000228881836,13.899999618530273,13.694999694824219,13.885000228881836,1550000,MTG,1996-07-19 to 2008-10-31
2002-12-30 00:00:00+00:00,7.712827682495117,14.039999961853027,14.104999542236328,13.524999618530273,13.765000343322754,2404200,MTG,1996-07-19 to 2008-10-31
2002-12-31 00:00:00+00:00,7.899610996246338,14.380000114440918,14.385000228881836,13.824999809265137,14.045000076293945,3196800,MTG,1996-07-19 to 2008-10-31
2003-01-02 00:00:00+00:00,8.226468086242676,14.975000381469727,14.975000381469727,14.425000190734863,14.550000190734863,2999400,MTG,1996-07-19 to 2008-10-31
2003-01-03 00:00:00+00:00,7.962782859802246,14.494999885559082,14.979999542236328,14.40999984741211,14.979999542236328,2545400,MTG,1996-07-19 to 2008-10-31
2003-01-06 00:00:00+00:00,7.971024036407471,14.510000228881836,14.595000267028809,14.265000343322754,14.375,2063600,MTG,1996-07-19 to 2008-10-31
2003-01-07 00:00:00+00:00,8.089133262634277,14.725000381469727,14.850000381469727,14.399999618530273,14.399999618530273,3535200,MTG,1996-07-19 to 2008-10-31
2003-01-08 00:00:00+00:00,8.02320671081543,14.604999542236328,15.175000190734863,14.574999809265137,14.729999542236328,2964400,MTG,1996-07-19 to 2008-10-31
2003-01-09 00:00:00+00:00,8.492903709411621,15.460000038146973,15.5,15.125,15.300000190734863,3712200,MTG,1996-07-19 to 2008-10-31
2003-01-10 00:00:00+00:00,8.520369529724121,15.510000228881836,15.574999809265137,15.029999732971191,15.039999961853027,2782400,MTG,1996-07-19 to 2008-10-31
2003-01-13 00:00:00+00:00,8.399515151977539,15.289999961853027,15.625,15.125,15.510000228881836,2620200,MTG,1996-07-19 to 2008-10-31
2003-01-14 00:00:00+00:00,8.380285263061523,15.255000114440918,15.5,15.109999656677246,15.295000076293945,2153000,MTG,1996-07-19 to 2008-10-31
2003-01-15 00:00:00+00:00,8.212735176086426,14.949999809265137,15.359999656677246,14.800000190734863,15.359999656677246,1842800,MTG,1996-07-19 to 2008-10-31
2003-01-16 00:00:00+00:00,7.786994457244873,14.175000190734863,15.095000267028809,13.595000267028809,14.975000381469727,14497600,MTG,1996-07-19 to 2008-10-31
2003-01-17 00:00:00+00:00,7.644162178039551,13.914999961853027,14.069999694824219,13.789999961853027,13.899999618530273,4397400,MTG,1996-07-19 to 2008-10-31
2003-01-21 00:00:00+00:00,7.421674728393555,13.510000228881836,14.045000076293945,13.510000228881836,13.989999771118164,3977200,MTG,1996-07-19 to 2008-10-31
2003-01-22 00:00:00+00:00,7.243137836456299,13.1850004196167,13.625,13.0,13.515000343322754,5486800,MTG,1996-07-19 to 2008-10-31
2003-01-23 00:00:00+00:00,7.3557538986206055,13.390000343322754,13.5,13.024999618530273,13.350000381469727,4421200,MTG,1996-07-19 to 2008-10-31
2003-01-24 00:00:00+00:00,7.042629718780518,12.819999694824219,13.399999618530273,12.774999618530273,13.395000457763672,3054000,MTG,1996-07-19 to 2008-10-31
2003-01-27 00:00:00+00:00,7.1167893409729,12.954999923706055,13.399999618530273,12.795000076293945,12.824999809265137,3638000,MTG,1996-07-19 to 2008-10-31
2003-01-28 00:00:00+00:00,7.130522727966309,12.979999542236328,13.170000076293945,12.779999732971191,13.145000457763672,3315600,MTG,1996-07-19 to 2008-10-31
2003-01-29 00:00:00+00:00,7.259617328643799,13.21500015258789,13.21500015258789,12.75,12.875,2912600,MTG,1996-07-19 to 2008-10-31
2003-01-30 00:00:00+00:00,7.163483142852783,13.039999961853027,13.609999656677246,12.960000038146973,13.220000267028809,3422600,MTG,1996-07-19 to 2008-10-31
2003-01-31 00:00:00+00:00,7.147005081176758,13.010000228881836,13.324999809265137,12.779999732971191,12.779999732971191,2742600,MTG,1996-07-19 to 2008-10-31
2003-02-03 00:00:00+00:00,7.204683780670166,13.114999771118164,13.4399995803833,13.015000343322754,13.015000343322754,2011600,MTG,1996-07-19 to 2008-10-31
2003-02-04 00:00:00+00:00,7.045370578765869,12.824999809265137,13.119999885559082,12.699999809265137,13.119999885559082,2413000,MTG,1996-07-19 to 2008-10-31
2003-02-05 00:00:00+00:00,6.993185520172119,12.729999542236328,13.069999694824219,12.729999542236328,12.9399995803833,1939600,MTG,1996-07-19 to 2008-10-31
2003-02-06 00:00:00+00:00,6.7844367027282715,12.350000381469727,12.885000228881836,12.300000190734863,12.729999542236328,3852400,MTG,1996-07-19 to 2008-10-31
2003-02-07 00:00:00+00:00,6.567441463470459,11.954999923706055,12.479999542236328,11.864999771118164,12.449999809265137,6109800,MTG,1996-07-19 to 2008-10-31
2003-02-10 00:00:00+00:00,6.586668968200684,11.989999771118164,12.100000381469727,11.755000114440918,11.944999694824219,2377400,MTG,1996-07-19 to 2008-10-31
2003-02-11 00:00:00+00:00,6.57843017578125,11.975000381469727,12.274999618530273,11.975000381469727,12.0600004196167,1906200,MTG,1996-07-19 to 2008-10-31
2003-02-12 00:00:00+00:00,6.674564838409424,12.149999618530273,12.305000305175781,12.010000228881836,12.039999961853027,3196000,MTG,1996-07-19 to 2008-10-31
2003-02-13 00:00:00+00:00,6.586668968200684,11.989999771118164,12.244999885559082,11.854999542236328,12.194999694824219,2658000,MTG,1996-07-19 to 2008-10-31
2003-02-14 00:00:00+00:00,6.938251495361328,12.630000114440918,12.680000305175781,12.0,12.074999809265137,4021400,MTG,1996-07-19 to 2008-10-31
2003-02-18 00:00:00+00:00,7.119534492492676,12.960000038146973,13.015000343322754,12.630000114440918,12.630000114440918,4368600,MTG,1996-07-19 to 2008-10-31
2003-02-19 00:00:00+00:00,7.004173755645752,12.75,13.104999542236328,12.649999618530273,12.960000038146973,3243800,MTG,1996-07-19 to 2008-10-31
2003-02-20 00:00:00+00:00,6.935504913330078,12.625,12.824999809265137,12.550000190734863,12.800000190734863,3529200,MTG,1996-07-19 to 2008-10-31
2003-02-21 00:00:00+00:00,7.026146411895752,12.789999961853027,12.975000381469727,12.640000343322754,12.710000038146973,2715200,MTG,1996-07-19 to 2008-10-31
2003-02-24 00:00:00+00:00,6.817391872406006,12.40999984741211,12.789999961853027,12.369999885559082,12.625,2694000,MTG,1996-07-19 to 2008-10-31
2003-02-25 00:00:00+00:00,7.0151591300964355,12.770000457763672,12.904999732971191,12.175000190734863,12.414999961853027,4089600,MTG,1996-07-19 to 2008-10-31
2003-02-26 00:00:00+00:00,6.9684648513793945,12.6850004196167,12.819999694824219,12.444999694824219,12.770000457763672,3117200,MTG,1996-07-19 to 2008-10-31
2003-02-27 00:00:00+00:00,6.949238300323486,12.649999618530273,12.774999618530273,12.494999885559082,12.765000343322754,3630600,MTG,1996-07-19 to 2008-10-31
2003-02-28 00:00:00+00:00,7.004173755645752,12.75,12.925000190734863,12.600000381469727,12.6899995803833,2979200,MTG,1996-07-19 to 2008-10-31
2003-03-03 00:00:00+00:00,6.9547295570373535,12.65999984741211,12.989999771118164,12.649999618530273,12.850000381469727,1876000,MTG,1996-07-19 to 2008-10-31
2003-03-04 00:00:00+00:00,6.699283123016357,12.194999694824219,12.645000457763672,12.194999694824219,12.645000457763672,3049000,MTG,1996-07-19 to 2008-10-31
2003-03-05 00:00:00+00:00,6.69653844833374,12.1899995803833,12.274999618530273,12.055000305175781,12.194999694824219,3844000,MTG,1996-07-19 to 2008-10-31
2003-03-06 00:00:00+00:00,6.724006175994873,12.239999771118164,12.609999656677246,11.979999542236328,12.1899995803833,3420400,MTG,1996-07-19 to 2008-10-31
2003-03-07 00:00:00+00:00,6.946489334106445,12.645000457763672,12.699999809265137,12.005000114440918,12.239999771118164,4176600,MTG,1996-07-19 to 2008-10-31
2003-03-10 00:00:00+00:00,6.9080352783203125,12.574999809265137,12.850000381469727,12.505000114440918,12.609999656677246,3554800,MTG,1996-07-19 to 2008-10-31
2003-03-11 00:00:00+00:00,6.732245922088623,12.255000114440918,12.845000267028809,12.204999923706055,12.614999771118164,2899800,MTG,1996-07-19 to 2008-10-31
2003-03-12 00:00:00+00:00,6.817391872406006,12.40999984741211,12.470000267028809,12.154999732971191,12.229999542236328,3332000,MTG,1996-07-19 to 2008-10-31
2003-03-13 00:00:00+00:00,7.300817012786865,13.289999961853027,13.305000305175781,12.574999809265137,12.574999809265137,3453400,MTG,1996-07-19 to 2008-10-31
2003-03-14 00:00:00+00:00,7.259617328643799,13.21500015258789,13.550000190734863,13.15999984741211,13.414999961853027,4003600,MTG,1996-07-19 to 2008-10-31
2003-03-17 00:00:00+00:00,7.712827682495117,14.039999961853027,14.0600004196167,13.119999885559082,13.1899995803833,4104800,MTG,1996-07-19 to 2008-10-31
2003-03-18 00:00:00+00:00,7.737548351287842,14.085000038146973,14.164999961853027,13.864999771118164,14.085000038146973,3957000,MTG,1996-07-19 to 2008-10-31
2003-03-19 00:00:00+00:00,7.814455986022949,14.225000381469727,14.295000076293945,13.895000457763672,14.149999618530273,3841000,MTG,1996-07-19 to 2008-10-31
2003-03-20 00:00:00+00:00,7.929825305938721,14.4350004196167,14.475000381469727,13.96500015258789,14.149999618530273,3556000,MTG,1996-07-19 to 2008-10-31
2003-03-21 00:00:00+00:00,8.17702865600586,14.885000228881836,14.885000228881836,14.279999732971191,14.529999732971191,4529400,MTG,1996-07-19 to 2008-10-31
2003-03-24 00:00:00+00:00,7.6990966796875,14.015000343322754,14.885000228881836,13.899999618530273,14.885000228881836,3821800,MTG,1996-07-19 to 2008-10-31
2003-03-25 00:00:00+00:00,7.762271881103516,14.130000114440918,14.25,13.9399995803833,14.114999771118164,2951000,MTG,1996-07-19 to 2008-10-31
2003-03-26 00:00:00+00:00,7.82269811630249,14.239999771118164,14.3149995803833,14.03499984741211,14.15999984741211,3284400,MTG,1996-07-19 to 2008-10-31
2003-03-27 00:00:00+00:00,7.847418308258057,14.28499984741211,14.385000228881836,14.0,14.15999984741211,2998400,MTG,1996-07-19 to 2008-10-31
2003-03-28 00:00:00+00:00,7.83368444442749,14.260000228881836,14.390000343322754,14.170000076293945,14.28499984741211,3148200,MTG,1996-07-19 to 2008-10-31
2003-03-31 00:00:00+00:00,7.696348667144775,14.010000228881836,14.260000228881836,13.404999732971191,13.404999732971191,4730600,MTG,1996-07-19 to 2008-10-31
2003-04-01 00:00:00+00:00,7.657891273498535,13.9399995803833,14.005000114440918,13.579999923706055,13.984999656677246,5048000,MTG,1996-07-19 to 2008-10-31
2003-04-02 00:00:00+00:00,7.80621862411499,14.210000038146973,14.369999885559082,14.095000267028809,14.149999618530273,3854800,MTG,1996-07-19 to 2008-10-31
2003-04-03 00:00:00+00:00,7.778751850128174,14.15999984741211,14.414999961853027,14.104999542236328,14.25,2863000,MTG,1996-07-19 to 2008-10-31
2003-04-04 00:00:00+00:00,7.797980785369873,14.194999694824219,14.350000381469727,14.125,14.1899995803833,3099600,MTG,1996-07-19 to 2008-10-31
2003-04-07 00:00:00+00:00,7.954543590545654,14.479999542236328,14.824999809265137,14.375,14.375,5901400,MTG,1996-07-19 to 2008-10-31
2003-04-08 00:00:00+00:00,7.8886237144470215,14.359999656677246,14.489999771118164,14.255000114440918,14.479999542236328,2776800,MTG,1996-07-19 to 2008-10-31
2003-04-09 00:00:00+00:00,7.729312419891357,14.069999694824219,14.59000015258789,14.069999694824219,14.359999656677246,6120000,MTG,1996-07-19 to 2008-10-31
2003-04-10 00:00:00+00:00,7.951794624328613,14.475000381469727,14.475000381469727,13.574999809265137,13.574999809265137,5782000,MTG,1996-07-19 to 2008-10-31
2003-04-11 00:00:00+00:00,7.9655280113220215,14.5,14.779999732971191,14.475000381469727,14.649999618530273,3574000,MTG,1996-07-19 to 2008-10-31
2003-04-14 00:00:00+00:00,8.13582706451416,14.8100004196167,14.8100004196167,14.324999809265137,14.5,3255000,MTG,1996-07-19 to 2008-10-31
2003-04-15 00:00:00+00:00,8.226468086242676,14.975000381469727,14.975000381469727,14.654999732971191,14.765000343322754,2181000,MTG,1996-07-19 to 2008-10-31
2003-04-16 00:00:00+00:00,8.047934532165527,14.649999618530273,15.149999618530273,14.625,14.989999771118164,4255000,MTG,1996-07-19 to 2008-10-31
2003-04-17 00:00:00+00:00,8.223723411560059,14.970000267028809,14.989999771118164,14.449999809265137,14.6850004196167,3776800,MTG,1996-07-19 to 2008-10-31
2003-04-21 00:00:00+00:00,8.116599082946777,14.774999618530273,15.020000457763672,14.725000381469727,14.970000267028809,3561000,MTG,1996-07-19 to 2008-10-31
2003-04-22 00:00:00+00:00,8.36105728149414,15.220000267028809,15.420000076293945,14.645000457763672,14.774999618530273,4151200,MTG,1996-07-19 to 2008-10-31
2003-04-23 00:00:00+00:00,8.347326278686523,15.194999694824219,15.319999694824219,15.03499984741211,15.220000267028809,2618200,MTG,1996-07-19 to 2008-10-31
2003-04-24 00:00:00+00:00,8.193507194519043,14.914999961853027,15.194999694824219,14.880000114440918,15.194999694824219,2346600,MTG,1996-07-19 to 2008-10-31
2003-04-25 00:00:00+00:00,8.028705596923828,14.614999771118164,15.074999809265137,14.550000190734863,14.914999961853027,3095600,MTG,1996-07-19 to 2008-10-31
2003-04-28 00:00:00+00:00,8.292390823364258,15.095000267028809,15.154999732971191,14.604999542236328,14.649999618530273,2781200,MTG,1996-07-19 to 2008-10-31
2003-04-29 00:00:00+00:00,8.37753677368164,15.25,15.4399995803833,15.045000076293945,15.074999809265137,2784800,MTG,1996-07-19 to 2008-10-31
2003-04-30 00:00:00+00:00,8.410500526428223,15.3100004196167,15.454999923706055,15.045000076293945,15.199999809265137,3060200,MTG,1996-07-19 to 2008-10-31
2003-05-01 00:00:00+00:00,8.303380012512207,15.114999771118164,15.270000457763672,14.819999694824219,15.270000457763672,3829000,MTG,1996-07-19 to 2008-10-31
2003-05-02 00:00:00+00:00,8.385777473449707,15.265000343322754,15.305000305175781,14.805000305175781,14.970000267028809,3855800,MTG,1996-07-19 to 2008-10-31
2003-05-05 00:00:00+00:00,8.363805770874023,15.225000381469727,15.3100004196167,15.0649995803833,15.255000114440918,3106000,MTG,1996-07-19 to 2008-10-31
2003-05-06 00:00:00+00:00,8.569812774658203,15.600000381469727,15.600000381469727,15.270000457763672,15.274999618530273,3131600,MTG,1996-07-19 to 2008-10-31
2003-05-07 00:00:00+00:00,8.501140594482422,15.475000381469727,15.595000267028809,15.364999771118164,15.5600004196167,3766200,MTG,1996-07-19 to 2008-10-31
2003-05-08 00:00:00+00:00,8.56706428527832,15.595000267028809,15.75,15.350000381469727,15.350000381469727,4915600,MTG,1996-07-19 to 2008-10-31
2003-05-09 00:00:00+00:00,8.789549827575684,16.0,16.104999542236328,15.630000114440918,15.744999885559082,4005000,MTG,1996-07-19 to 2008-10-31
2003-05-12 00:00:00+00:00,8.948863983154297,16.290000915527344,16.354999542236328,15.875,16.0,3873600,MTG,1996-07-19 to 2008-10-31
2003-05-13 00:00:00+00:00,8.913152694702148,16.225000381469727,16.325000762939453,16.03499984741211,16.290000915527344,3211400,MTG,1996-07-19 to 2008-10-31
2003-05-14 00:00:00+00:00,8.707149505615234,15.850000381469727,16.700000762939453,15.800000190734863,16.5,4549400,MTG,1996-07-19 to 2008-10-31
2003-05-15 00:00:00+00:00,8.652215957641602,15.75,15.96500015258789,15.444999694824219,15.949999809265137,6221200,MTG,1996-07-19 to 2008-10-31
2003-05-16 00:00:00+00:00,8.512129783630371,15.494999885559082,15.699999809265137,15.244999885559082,15.53499984741211,3965600,MTG,1996-07-19 to 2008-10-31
2003-05-19 00:00:00+00:00,8.259428977966309,15.03499984741211,15.494999885559082,14.975000381469727,15.494999885559082,3909400,MTG,1996-07-19 to 2008-10-31
2003-05-20 00:00:00+00:00,8.413247108459473,15.3149995803833,15.5,15.125,15.199999809265137,4796600,MTG,1996-07-19 to 2008-10-31
2003-05-21 00:00:00+00:00,8.372044563293457,15.239999771118164,15.395000457763672,14.96500015258789,14.96500015258789,2891000,MTG,1996-07-19 to 2008-10-31
2003-05-22 00:00:00+00:00,8.59727954864502,15.649999618530273,15.739999771118164,15.220000267028809,15.220000267028809,3716000,MTG,1996-07-19 to 2008-10-31
2003-05-23 00:00:00+00:00,8.498395919799805,15.470000267028809,15.65999984741211,15.4350004196167,15.649999618530273,2742200,MTG,1996-07-19 to 2008-10-31
2003-05-27 00:00:00+00:00,8.690669059753418,15.819999694824219,15.819999694824219,15.375,15.40999984741211,2519600,MTG,1996-07-19 to 2008-10-31
2003-05-28 00:00:00+00:00,8.852724075317383,16.114999771118164,16.299999237060547,15.819999694824219,15.824999809265137,4803600,MTG,1996-07-19 to 2008-10-31
2003-05-29 00:00:00+00:00,8.731867790222168,15.895000457763672,16.299999237060547,15.829999923706055,16.149999618530273,5930800,MTG,1996-07-19 to 2008-10-31
2003-05-30 00:00:00+00:00,8.926885604858398,16.25,16.2549991607666,15.954999923706055,16.024999618530273,3942000,MTG,1996-07-19 to 2008-10-31
2003-06-02 00:00:00+00:00,9.242761611938477,16.825000762939453,17.040000915527344,16.350000381469727,16.434999465942383,6578200,MTG,1996-07-19 to 2008-10-31
2003-06-03 00:00:00+00:00,9.374606132507324,17.065000534057617,17.139999389648438,16.670000076293945,16.809999465942383,3843600,MTG,1996-07-19 to 2008-10-31
2003-06-04 00:00:00+00:00,9.46524429321289,17.229999542236328,17.350000381469727,17.0,17.0,3103600,MTG,1996-07-19 to 2008-10-31
2003-06-05 00:00:00+00:00,9.770133972167969,17.78499984741211,17.924999237060547,17.024999618530273,17.229999542236328,4188600,MTG,1996-07-19 to 2008-10-31
2003-06-06 00:00:00+00:00,10.025581359863281,18.25,18.520000457763672,18.0,18.0,6628200,MTG,1996-07-19 to 2008-10-31
2003-06-09 00:00:00+00:00,9.811338424682617,17.860000610351562,18.075000762939453,17.774999618530273,18.024999618530273,3696400,MTG,1996-07-19 to 2008-10-31
2003-06-10 00:00:00+00:00,9.775627136230469,17.795000076293945,18.014999389648438,17.6299991607666,17.954999923706055,4162600,MTG,1996-07-19 to 2008-10-31
2003-06-11 00:00:00+00:00,9.973392486572266,18.155000686645508,18.299999237060547,17.75,17.795000076293945,3696400,MTG,1996-07-19 to 2008-10-31
2003-06-12 00:00:00+00:00,10.082263946533203,18.290000915527344,18.329999923706055,17.9950008392334,18.239999771118164,3110000,MTG,1996-07-19 to 2008-10-31
2003-06-13 00:00:00+00:00,10.013359069824219,18.165000915527344,18.75,18.0,18.434999465942383,5082800,MTG,1996-07-19 to 2008-10-31
2003-06-16 00:00:00+00:00,10.280714988708496,18.649999618530273,18.704999923706055,18.200000762939453,18.200000762939453,2871000,MTG,1996-07-19 to 2008-10-31
2003-06-17 00:00:00+00:00,10.291735649108887,18.670000076293945,19.0,18.670000076293945,18.864999771118164,4209800,MTG,1996-07-19 to 2008-10-31
2003-06-18 00:00:00+00:00,10.0519437789917,18.235000610351562,18.584999084472656,18.139999389648438,18.584999084472656,4100800,MTG,1996-07-19 to 2008-10-31
2003-06-19 00:00:00+00:00,9.836958885192871,17.844999313354492,18.469999313354492,17.799999237060547,18.274999618530273,2855600,MTG,1996-07-19 to 2008-10-31
2003-06-20 00:00:00+00:00,9.856257438659668,17.8799991607666,18.030000686645508,17.700000762939453,17.915000915527344,3920200,MTG,1996-07-19 to 2008-10-31
2003-06-23 00:00:00+00:00,9.79286003112793,17.764999389648438,17.875,17.584999084472656,17.850000381469727,2482200,MTG,1996-07-19 to 2008-10-31
2003-06-24 00:00:00+00:00,9.853493690490723,17.875,18.100000381469727,17.7450008392334,17.760000228881836,2526800,MTG,1996-07-19 to 2008-10-31
2003-06-25 00:00:00+00:00,9.89759635925293,17.954999923706055,18.200000762939453,17.850000381469727,17.875,2918200,MTG,1996-07-19 to 2008-10-31
2003-06-26 00:00:00+00:00,10.073992729187012,18.274999618530273,18.280000686645508,17.875,18.0,2903400,MTG,1996-07-19 to 2008-10-31
2003-06-27 00:00:00+00:00,10.024380683898926,18.184999465942383,18.450000762939453,18.06999969482422,18.25,2600600,MTG,1996-07-19 to 2008-10-31
2003-06-30 00:00:00+00:00,10.156683921813965,18.424999237060547,18.559999465942383,18.229999542236328,18.309999465942383,3227800,MTG,1996-07-19 to 2008-10-31
2003-07-01 00:00:00+00:00,10.255908012390137,18.604999542236328,18.6200008392334,18.045000076293945,18.424999237060547,4714200,MTG,1996-07-19 to 2008-10-31
2003-07-02 00:00:00+00:00,10.13739013671875,18.389999389648438,18.719999313354492,18.19499969482422,18.604999542236328,2592600,MTG,1996-07-19 to 2008-10-31
2003-07-03 00:00:00+00:00,10.029892921447754,18.19499969482422,18.375,18.0049991607666,18.31999969482422,1711800,MTG,1996-07-19 to 2008-10-31
2003-07-07 00:00:00+00:00,10.37166690826416,18.815000534057617,18.825000762939453,18.354999542236328,18.375,3907000,MTG,1996-07-19 to 2008-10-31
2003-07-08 00:00:00+00:00,10.564604759216309,19.165000915527344,19.21500015258789,18.899999618530273,18.90999984741211,3312000,MTG,1996-07-19 to 2008-10-31
2003-07-09 00:00:00+00:00,10.426786422729492,18.915000915527344,19.334999084472656,18.915000915527344,19.09000015258789,3509400,MTG,1996-07-19 to 2008-10-31
2003-07-10 00:00:00+00:00,10.203539848327637,18.510000228881836,18.915000915527344,18.165000915527344,18.915000915527344,3444800,MTG,1996-07-19 to 2008-10-31
2003-07-11 00:00:00+00:00,10.385445594787598,18.84000015258789,18.94499969482422,18.53499984741211,18.549999237060547,2806600,MTG,1996-07-19 to 2008-10-31
2003-07-14 00:00:00+00:00,10.537039756774902,19.114999771118164,19.415000915527344,19.100000381469727,19.149999618530273,2561800,MTG,1996-07-19 to 2008-10-31
2003-07-15 00:00:00+00:00,10.611456871032715,19.25,19.405000686645508,19.19499969482422,19.350000381469727,5614000,MTG,1996-07-19 to 2008-10-31
2003-07-16 00:00:00+00:00,10.581140518188477,19.19499969482422,19.485000610351562,19.05500030517578,19.424999237060547,3119200,MTG,1996-07-19 to 2008-10-31
2003-07-17 00:00:00+00:00,10.390960693359375,18.850000381469727,19.18000030517578,18.795000076293945,18.975000381469727,2877600,MTG,1996-07-19 to 2008-10-31
2003-07-18 00:00:00+00:00,10.390960693359375,18.850000381469727,19.049999237060547,18.69499969482422,18.924999237060547,2945800,MTG,1996-07-19 to 2008-10-31
2003-07-21 00:00:00+00:00,10.333078384399414,18.7450008392334,18.885000228881836,18.6299991607666,18.834999084472656,1781400,MTG,1996-07-19 to 2008-10-31
2003-07-22 00:00:00+00:00,10.63626480102539,19.295000076293945,19.375,18.575000762939453,18.834999084472656,4612000,MTG,1996-07-19 to 2008-10-31
2003-07-23 00:00:00+00:00,10.743755340576172,19.489999771118164,19.5049991607666,19.100000381469727,19.3799991607666,2521200,MTG,1996-07-19 to 2008-10-31
2003-07-24 00:00:00+00:00,10.691390991210938,19.395000457763672,19.905000686645508,19.395000457763672,19.520000457763672,3168000,MTG,1996-07-19 to 2008-10-31
2003-07-25 00:00:00+00:00,10.834709167480469,19.655000686645508,19.665000915527344,19.174999237060547,19.350000381469727,2197800,MTG,1996-07-19 to 2008-10-31
2003-07-28 00:00:00+00:00,11.044187545776367,20.03499984741211,20.149999618530273,19.780000686645508,19.780000686645508,3917000,MTG,1996-07-19 to 2008-10-31
2003-07-29 00:00:00+00:00,10.887084007263184,19.75,20.03499984741211,19.55500030517578,20.014999389648438,4684200,MTG,1996-07-19 to 2008-10-31
2003-07-30 00:00:00+00:00,11.052456855773926,20.049999237060547,20.125,19.78499984741211,19.825000762939453,4073600,MTG,1996-07-19 to 2008-10-31
2003-07-31 00:00:00+00:00,11.027647018432617,20.0049991607666,20.450000762939453,19.9950008392334,20.065000534057617,3490600,MTG,1996-07-19 to 2008-10-31
2003-08-01 00:00:00+00:00,11.052456855773926,20.049999237060547,20.174999237060547,19.889999389648438,20.0,2878400,MTG,1996-07-19 to 2008-10-31
2003-08-04 00:00:00+00:00,10.900860786437988,19.774999618530273,20.125,19.424999237060547,20.059999465942383,4113000,MTG,1996-07-19 to 2008-10-31
2003-08-05 00:00:00+00:00,10.625242233276367,19.274999618530273,19.75,19.25,19.674999237060547,3518000,MTG,1996-07-19 to 2008-10-31
2003-08-06 00:00:00+00:00,10.707923889160156,19.424999237060547,19.6200008392334,19.295000076293945,19.5,4118600,MTG,1996-07-19 to 2008-10-31
2003-08-07 00:00:00+00:00,11.187511444091797,20.295000076293945,20.364999771118164,19.850000381469727,20.125,6891400,MTG,1996-07-19 to 2008-10-31
2003-08-08 00:00:00+00:00,11.430055618286133,20.735000610351562,20.735000610351562,20.325000762939453,20.325000762939453,4024600,MTG,1996-07-19 to 2008-10-31
2003-08-11 00:00:00+00:00,11.421784400939941,20.719999313354492,20.96500015258789,20.350000381469727,20.690000534057617,4356800,MTG,1996-07-19 to 2008-10-31
2003-08-12 00:00:00+00:00,11.744268417358398,21.30500030517578,21.329999923706055,20.725000381469727,20.725000381469727,4091000,MTG,1996-07-19 to 2008-10-31
2003-08-13 00:00:00+00:00,11.642288208007812,21.1200008392334,21.415000915527344,20.934999465942383,20.934999465942383,4958000,MTG,1996-07-19 to 2008-10-31
2003-08-14 00:00:00+00:00,11.752532958984375,21.31999969482422,21.684999465942383,21.0049991607666,21.125,5054000,MTG,1996-07-19 to 2008-10-31
2003-08-15 00:00:00+00:00,11.686382293701172,21.200000762939453,21.424999237060547,21.135000228881836,21.2549991607666,2062800,MTG,1996-07-19 to 2008-10-31
2003-08-18 00:00:00+00:00,11.771825790405273,21.354999542236328,21.375,21.049999237060547,21.049999237060547,4449000,MTG,1996-07-19 to 2008-10-31
2003-08-19 00:00:00+00:00,11.879319190979004,21.549999237060547,21.575000762939453,21.270000457763672,21.5,4038000,MTG,1996-07-19 to 2008-10-31
2003-08-20 00:00:00+00:00,11.824198722839355,21.450000762939453,21.674999237060547,21.3799991607666,21.450000762939453,2757800,MTG,1996-07-19 to 2008-10-31
2003-08-21 00:00:00+00:00,11.898612022399902,21.584999084472656,21.639999389648438,21.350000381469727,21.450000762939453,3696200,MTG,1996-07-19 to 2008-10-31
2003-08-22 00:00:00+00:00,11.661579132080078,21.155000686645508,21.674999237060547,21.104999542236328,21.625,4666000,MTG,1996-07-19 to 2008-10-31
2003-08-25 00:00:00+00:00,11.694653511047363,21.21500015258789,21.385000228881836,21.075000762939453,21.075000762939453,4814600,MTG,1996-07-19 to 2008-10-31
2003-08-26 00:00:00+00:00,11.71670150756836,21.2549991607666,21.424999237060547,20.950000762939453,21.139999389648438,2881200,MTG,1996-07-19 to 2008-10-31
2003-08-27 00:00:00+00:00,11.769073486328125,21.350000381469727,21.489999771118164,21.19499969482422,21.200000762939453,2673200,MTG,1996-07-19 to 2008-10-31
2003-08-28 00:00:00+00:00,12.086033821105957,21.924999237060547,21.959999084472656,21.434999465942383,21.450000762939453,4080800,MTG,1996-07-19 to 2008-10-31
2003-08-29 00:00:00+00:00,12.044695854187012,21.850000381469727,21.975000381469727,21.725000381469727,21.75,2723200,MTG,1996-07-19 to 2008-10-31
2003-09-02 00:00:00+00:00,12.248655319213867,22.219999313354492,22.219999313354492,21.8799991607666,21.924999237060547,6815800,MTG,1996-07-19 to 2008-10-31
2003-09-03 00:00:00+00:00,12.26794719696045,22.2549991607666,22.690000534057617,22.149999618530273,22.149999618530273,6662800,MTG,1996-07-19 to 2008-10-31
2003-09-04 00:00:00+00:00,12.226609230041504,22.18000030517578,22.28499984741211,21.81999969482422,22.084999084472656,5515000,MTG,1996-07-19 to 2008-10-31
2003-09-05 00:00:00+00:00,12.1080904006958,21.96500015258789,22.190000534057617,21.649999618530273,22.18000030517578,3531600,MTG,1996-07-19 to 2008-10-31
2003-09-08 00:00:00+00:00,12.07776927947998,21.90999984741211,21.96500015258789,21.725000381469727,21.875,3785400,MTG,1996-07-19 to 2008-10-31
2003-09-09 00:00:00+00:00,11.697405815124512,21.219999313354492,21.90999984741211,21.135000228881836,21.90999984741211,5263800,MTG,1996-07-19 to 2008-10-31
2003-09-10 00:00:00+00:00,11.639525413513184,21.114999771118164,21.489999771118164,21.065000534057617,21.19499969482422,5344400,MTG,1996-07-19 to 2008-10-31
2003-09-11 00:00:00+00:00,11.80677318572998,21.354999542236328,21.625,21.100000381469727,21.100000381469727,2860400,MTG,1996-07-19 to 2008-10-31
2003-09-12 00:00:00+00:00,11.828892707824707,21.395000457763672,21.399999618530273,20.774999618530273,21.280000686645508,2843000,MTG,1996-07-19 to 2008-10-31
2003-09-15 00:00:00+00:00,11.839943885803223,21.415000915527344,21.510000228881836,21.235000610351562,21.344999313354492,2041000,MTG,1996-07-19 to 2008-10-31
2003-09-16 00:00:00+00:00,11.909056663513184,21.540000915527344,21.600000381469727,21.184999465942383,21.434999465942383,1828600,MTG,1996-07-19 to 2008-10-31
2003-09-17 00:00:00+00:00,12.102566719055176,21.889999389648438,21.989999771118164,21.46500015258789,21.540000915527344,2862000,MTG,1996-07-19 to 2008-10-31
2003-09-18 00:00:00+00:00,12.309893608093262,22.264999389648438,22.274999618530273,21.725000381469727,21.889999389648438,3932400,MTG,1996-07-19 to 2008-10-31
2003-09-19 00:00:00+00:00,12.320953369140625,22.28499984741211,22.334999084472656,22.190000534057617,22.270000457763672,4797000,MTG,1996-07-19 to 2008-10-31
2003-09-22 00:00:00+00:00,12.074918746948242,21.84000015258789,22.075000762939453,21.700000762939453,22.049999237060547,2859600,MTG,1996-07-19 to 2008-10-31
2003-09-23 00:00:00+00:00,12.055574417114258,21.80500030517578,21.950000762939453,21.700000762939453,21.780000686645508,3737400,MTG,1996-07-19 to 2008-10-31
2003-09-24 00:00:00+00:00,11.812302589416504,21.364999771118164,21.850000381469727,21.364999771118164,21.80500030517578,4545400,MTG,1996-07-19 to 2008-10-31
2003-09-25 00:00:00+00:00,11.798484802246094,21.34000015258789,21.5049991607666,21.299999237060547,21.450000762939453,4193000,MTG,1996-07-19 to 2008-10-31
2003-09-26 00:00:00+00:00,11.557978630065918,20.905000686645508,21.399999618530273,20.899999618530273,21.350000381469727,4392000,MTG,1996-07-19 to 2008-10-31
2003-09-29 00:00:00+00:00,11.582862854003906,20.950000762939453,21.09000015258789,20.6200008392334,20.90999984741211,3036000,MTG,1996-07-19 to 2008-10-31
2003-09-30 00:00:00+00:00,11.582862854003906,20.950000762939453,21.084999084472656,20.5,20.950000762939453,4879000,MTG,1996-07-19 to 2008-10-31
2003-10-01 00:00:00+00:00,11.812302589416504,21.364999771118164,21.364999771118164,20.94499969482422,20.950000762939453,4976000,MTG,1996-07-19 to 2008-10-31
2003-10-02 00:00:00+00:00,11.831659317016602,21.399999618530273,21.5,21.184999465942383,21.364999771118164,2035800,MTG,1996-07-19 to 2008-10-31
2003-10-03 00:00:00+00:00,11.986461639404297,21.68000030517578,22.06999969482422,21.399999618530273,21.399999618530273,3125200,MTG,1996-07-19 to 2008-10-31
2003-10-06 00:00:00+00:00,11.994756698608398,21.69499969482422,21.7549991607666,21.549999237060547,21.625,2186800,MTG,1996-07-19 to 2008-10-31
2003-10-07 00:00:00+00:00,12.340307235717773,22.31999969482422,22.329999923706055,21.475000381469727,21.69499969482422,3501000,MTG,1996-07-19 to 2008-10-31
2003-10-08 00:00:00+00:00,12.273963928222656,22.200000762939453,22.344999313354492,22.1299991607666,22.325000762939453,2430800,MTG,1996-07-19 to 2008-10-31
2003-10-09 00:00:00+00:00,12.605687141418457,22.799999237060547,22.969999313354492,22.200000762939453,22.200000762939453,6515000,MTG,1996-07-19 to 2008-10-31
2003-10-10 00:00:00+00:00,12.600165367126465,22.790000915527344,22.889999389648438,22.700000762939453,22.735000610351562,2962200,MTG,1996-07-19 to 2008-10-31
2003-10-13 00:00:00+00:00,12.82684326171875,23.200000762939453,23.389999389648438,22.895000457763672,22.899999618530273,2788200,MTG,1996-07-19 to 2008-10-31
2003-10-14 00:00:00+00:00,12.978882789611816,23.475000381469727,23.5,23.229999542236328,23.299999237060547,3048800,MTG,1996-07-19 to 2008-10-31
2003-10-15 00:00:00+00:00,13.072872161865234,23.645000457763672,23.725000381469727,23.325000762939453,23.5,3015600,MTG,1996-07-19 to 2008-10-31
2003-10-16 00:00:00+00:00,12.987178802490234,23.489999771118164,23.795000076293945,23.375,23.549999237060547,3643800,MTG,1996-07-19 to 2008-10-31
2003-10-17 00:00:00+00:00,12.829601287841797,23.204999923706055,23.905000686645508,23.190000534057617,23.719999313354492,4759800,MTG,1996-07-19 to 2008-10-31
2003-10-20 00:00:00+00:00,12.807491302490234,23.165000915527344,23.204999923706055,22.969999313354492,23.204999923706055,3299400,MTG,1996-07-19 to 2008-10-31
2003-10-21 00:00:00+00:00,12.771553039550781,23.100000381469727,23.2450008392334,23.020000457763672,23.165000915527344,2717200,MTG,1996-07-19 to 2008-10-31
2003-10-22 00:00:00+00:00,12.591863632202148,22.774999618530273,23.100000381469727,22.645000457763672,23.100000381469727,3250800,MTG,1996-07-19 to 2008-10-31
2003-10-23 00:00:00+00:00,12.854485511779785,23.25,23.325000762939453,22.674999237060547,22.774999618530273,3097800,MTG,1996-07-19 to 2008-10-31
2003-10-24 00:00:00+00:00,12.694148063659668,22.959999084472656,23.18000030517578,22.405000686645508,23.174999237060547,3449600,MTG,1996-07-19 to 2008-10-31
2003-10-27 00:00:00+00:00,12.854485511779785,23.25,23.299999237060547,22.954999923706055,23.0,2352800,MTG,1996-07-19 to 2008-10-31
2003-10-28 00:00:00+00:00,13.197274208068848,23.8700008392334,23.8700008392334,23.25,23.25,4041200,MTG,1996-07-19 to 2008-10-31
2003-10-29 00:00:00+00:00,13.103286743164062,23.700000762939453,23.885000228881836,23.485000610351562,23.774999618530273,3373600,MTG,1996-07-19 to 2008-10-31
2003-10-30 00:00:00+00:00,12.981648445129395,23.479999542236328,23.950000762939453,23.170000076293945,23.700000762939453,3967800,MTG,1996-07-19 to 2008-10-31
2003-10-31 00:00:00+00:00,13.144743919372559,23.774999618530273,23.96500015258789,23.479999542236328,23.479999542236328,2683200,MTG,1996-07-19 to 2008-10-31
2003-11-03 00:00:00+00:00,13.233202934265137,23.934999465942383,24.235000610351562,23.760000228881836,23.760000228881836,2134800,MTG,1996-07-19 to 2008-10-31
2003-11-04 00:00:00+00:00,13.078404426574707,23.655000686645508,23.934999465942383,23.584999084472656,23.934999465942383,1721400,MTG,1996-07-19 to 2008-10-31
2003-11-05 00:00:00+00:00,13.006528854370117,23.524999618530273,23.65999984741211,23.235000610351562,23.655000686645508,2110400,MTG,1996-07-19 to 2008-10-31
2003-11-06 00:00:00+00:00,13.341019630432129,24.1299991607666,24.450000762939453,23.395000457763672,23.524999618530273,5979600,MTG,1996-07-19 to 2008-10-31
2003-11-07 00:00:00+00:00,13.44054126739502,24.309999465942383,24.56999969482422,24.1299991607666,24.1299991607666,2679600,MTG,1996-07-19 to 2008-10-31
2003-11-10 00:00:00+00:00,13.407368659973145,24.25,24.40999984741211,24.110000610351562,24.309999465942383,2231600,MTG,1996-07-19 to 2008-10-31
2003-11-11 00:00:00+00:00,13.86902141571045,25.084999084472656,25.299999237060547,24.450000762939453,24.450000762939453,5645800,MTG,1996-07-19 to 2008-10-31
2003-11-12 00:00:00+00:00,13.725275039672852,24.825000762939453,25.084999084472656,24.604999542236328,25.084999084472656,4912800,MTG,1996-07-19 to 2008-10-31
2003-11-13 00:00:00+00:00,13.600874900817871,24.600000381469727,24.889999389648438,24.440000534057617,24.825000762939453,4554400,MTG,1996-07-19 to 2008-10-31
2003-11-14 00:00:00+00:00,13.50688362121582,24.43000030517578,25.0,24.25,24.6200008392334,2938200,MTG,1996-07-19 to 2008-10-31
2003-11-17 00:00:00+00:00,13.291258811950684,24.040000915527344,24.364999771118164,23.709999084472656,24.25,2897200,MTG,1996-07-19 to 2008-10-31
2003-11-18 00:00:00+00:00,13.274677276611328,24.010000228881836,24.485000610351562,24.0049991607666,24.06999969482422,3310000,MTG,1996-07-19 to 2008-10-31
2003-11-19 00:00:00+00:00,13.52623462677002,24.46500015258789,24.5049991607666,24.030000686645508,24.09000015258789,3159600,MTG,1996-07-19 to 2008-10-31
2003-11-20 00:00:00+00:00,13.44054126739502,24.309999465942383,24.684999465942383,24.18000030517578,24.25,3069600,MTG,1996-07-19 to 2008-10-31
2003-11-21 00:00:00+00:00,13.531766891479492,24.475000381469727,24.915000915527344,24.350000381469727,24.399999618530273,3389800,MTG,1996-07-19 to 2008-10-31
2003-11-24 00:00:00+00:00,13.750151634216309,24.8700008392334,24.905000686645508,24.459999084472656,24.469999313354492,4146800,MTG,1996-07-19 to 2008-10-31
2003-11-25 00:00:00+00:00,13.686566352844238,24.7549991607666,25.06999969482422,24.735000610351562,24.799999237060547,3647000,MTG,1996-07-19 to 2008-10-31
2003-11-26 00:00:00+00:00,13.575998306274414,24.55500030517578,24.68000030517578,24.264999389648438,24.625,3248600,MTG,1996-07-19 to 2008-10-31
2003-11-28 00:00:00+00:00,13.570467948913574,24.545000076293945,24.709999084472656,24.540000915527344,24.584999084472656,795800,MTG,1996-07-19 to 2008-10-31
2003-12-01 00:00:00+00:00,13.64233684539795,24.674999237060547,25.0,24.274999618530273,24.540000915527344,3773200,MTG,1996-07-19 to 2008-10-31
2003-12-02 00:00:00+00:00,13.553875923156738,24.514999389648438,24.864999771118164,24.479999542236328,24.719999313354492,3418200,MTG,1996-07-19 to 2008-10-31
2003-12-03 00:00:00+00:00,13.71422004699707,24.80500030517578,24.899999618530273,24.639999389648438,24.799999237060547,4345000,MTG,1996-07-19 to 2008-10-31
2003-12-04 00:00:00+00:00,13.376960754394531,24.19499969482422,24.829999923706055,23.600000381469727,24.80500030517578,7224200,MTG,1996-07-19 to 2008-10-31
2003-12-05 00:00:00+00:00,13.023116111755371,23.55500030517578,24.200000762939453,23.479999542236328,24.200000762939453,6550000,MTG,1996-07-19 to 2008-10-31
2003-12-08 00:00:00+00:00,12.854485511779785,23.25,23.690000534057617,22.709999084472656,23.55500030517578,6377000,MTG,1996-07-19 to 2008-10-31
2003-12-09 00:00:00+00:00,12.954010963439941,23.43000030517578,23.75,23.344999313354492,23.375,3470600,MTG,1996-07-19 to 2008-10-31
2003-12-10 00:00:00+00:00,12.992701530456543,23.5,23.790000915527344,23.334999084472656,23.440000534057617,4054000,MTG,1996-07-19 to 2008-10-31
2003-12-11 00:00:00+00:00,13.057845115661621,23.55500030517578,23.69499969482422,23.075000762939453,23.145000457763672,3266600,MTG,1996-07-19 to 2008-10-31
2003-12-12 00:00:00+00:00,12.586637496948242,22.704999923706055,23.59000015258789,22.575000762939453,23.475000381469727,6090200,MTG,1996-07-19 to 2008-10-31
2003-12-15 00:00:00+00:00,11.979619979858398,21.610000610351562,22.8799991607666,21.295000076293945,22.875,10187200,MTG,1996-07-19 to 2008-10-31
2003-12-16 00:00:00+00:00,12.27065658569336,22.135000228881836,22.290000915527344,21.270000457763672,21.524999618530273,8530000,MTG,1996-07-19 to 2008-10-31
2003-12-17 00:00:00+00:00,12.578326225280762,22.690000534057617,22.770000457763672,21.96500015258789,22.135000228881836,5597600,MTG,1996-07-19 to 2008-10-31
2003-12-18 00:00:00+00:00,12.841644287109375,23.165000915527344,23.200000762939453,22.625,22.774999618530273,4388000,MTG,1996-07-19 to 2008-10-31
2003-12-19 00:00:00+00:00,12.722460746765137,22.950000762939453,23.125,22.690000534057617,23.100000381469727,5081400,MTG,1996-07-19 to 2008-10-31
2003-12-22 00:00:00+00:00,12.82224178314209,23.1299991607666,23.149999618530273,22.674999237060547,22.850000381469727,4908800,MTG,1996-07-19 to 2008-10-31
2003-12-23 00:00:00+00:00,12.924799919128418,23.315000534057617,23.475000381469727,22.924999237060547,23.09000015258789,3426000,MTG,1996-07-19 to 2008-10-31
2003-12-24 00:00:00+00:00,12.70859432220459,22.924999237060547,23.21500015258789,22.90999984741211,23.190000534057617,1352800,MTG,1996-07-19 to 2008-10-31
2003-12-26 00:00:00+00:00,12.788979530334473,23.06999969482422,23.2450008392334,22.969999313354492,22.969999313354492,762400,MTG,1996-07-19 to 2008-10-31
2003-12-29 00:00:00+00:00,13.03012752532959,23.5049991607666,23.53499984741211,23.03499984741211,23.03499984741211,2874200,MTG,1996-07-19 to 2008-10-31
2003-12-30 00:00:00+00:00,13.085556983947754,23.604999542236328,23.684999465942383,23.260000228881836,23.549999237060547,2626400,MTG,1996-07-19 to 2008-10-31
2003-12-31 00:00:00+00:00,13.063386917114258,23.565000534057617,23.7450008392334,23.424999237060547,23.604999542236328,1843600,MTG,1996-07-19 to 2008-10-31
2004-01-02 00:00:00+00:00,12.78620719909668,23.065000534057617,23.825000762939453,23.024999618530273,23.56999969482422,2061600,MTG,1996-07-19 to 2008-10-31
2004-01-05 00:00:00+00:00,13.00240707397461,23.454999923706055,23.520000457763672,22.799999237060547,23.225000381469727,3659600,MTG,1996-07-19 to 2008-10-31
2004-01-06 00:00:00+00:00,13.307303428649902,24.0049991607666,24.100000381469727,23.290000915527344,23.329999923706055,3558400,MTG,1996-07-19 to 2008-10-31
2004-01-07 00:00:00+00:00,13.33224868774414,24.049999237060547,24.235000610351562,23.649999618530273,24.0049991607666,2773800,MTG,1996-07-19 to 2008-10-31
2004-01-08 00:00:00+00:00,12.985776901245117,23.424999237060547,24.155000686645508,23.325000762939453,24.045000076293945,4713400,MTG,1996-07-19 to 2008-10-31
2004-01-09 00:00:00+00:00,13.013492584228516,23.475000381469727,23.610000610351562,22.575000762939453,23.100000381469727,4512200,MTG,1996-07-19 to 2008-10-31
2004-01-12 00:00:00+00:00,13.168715476989746,23.7549991607666,23.854999542236328,23.21500015258789,23.489999771118164,3519400,MTG,1996-07-19 to 2008-10-31
2004-01-13 00:00:00+00:00,13.346105575561523,24.075000762939453,24.149999618530273,23.7549991607666,23.7549991607666,4437600,MTG,1996-07-19 to 2008-10-31
2004-01-14 00:00:00+00:00,13.382142066955566,24.139999389648438,24.155000686645508,23.719999313354492,23.875,3571200,MTG,1996-07-19 to 2008-10-31
2004-01-15 00:00:00+00:00,13.38491439819336,24.145000457763672,24.2450008392334,23.774999618530273,24.075000762939453,3639000,MTG,1996-07-19 to 2008-10-31
2004-01-16 00:00:00+00:00,13.656547546386719,24.635000228881836,24.655000686645508,24.084999084472656,24.239999771118164,3175200,MTG,1996-07-19 to 2008-10-31
2004-01-20 00:00:00+00:00,13.329476356506348,24.045000076293945,24.549999237060547,23.94499969482422,24.5049991607666,3380400,MTG,1996-07-19 to 2008-10-31
2004-01-21 00:00:00+00:00,13.67595100402832,24.670000076293945,24.725000381469727,24.135000228881836,24.139999389648438,3876400,MTG,1996-07-19 to 2008-10-31
2004-01-22 00:00:00+00:00,13.711986541748047,24.735000610351562,24.875,24.420000076293945,24.575000762939453,2499400,MTG,1996-07-19 to 2008-10-31
2004-01-23 00:00:00+00:00,13.598333358764648,24.530000686645508,24.795000076293945,24.5049991607666,24.780000686645508,2733800,MTG,1996-07-19 to 2008-10-31
2004-01-26 00:00:00+00:00,13.664860725402832,24.649999618530273,24.65999984741211,24.229999542236328,24.565000534057617,1988000,MTG,1996-07-19 to 2008-10-31
2004-01-27 00:00:00+00:00,13.445895195007324,24.2549991607666,24.639999389648438,24.0,24.549999237060547,3366400,MTG,1996-07-19 to 2008-10-31
2004-01-28 00:00:00+00:00,12.877676963806152,23.229999542236328,24.375,23.229999542236328,24.2549991607666,3835000,MTG,1996-07-19 to 2008-10-31
2004-01-29 00:00:00+00:00,13.082789421081543,23.600000381469727,23.649999618530273,23.040000915527344,23.200000762939453,3543000,MTG,1996-07-19 to 2008-10-31
2004-01-30 00:00:00+00:00,13.160399436950684,23.739999771118164,24.09000015258789,23.1299991607666,23.1299991607666,2608200,MTG,1996-07-19 to 2008-10-31
2004-02-02 00:00:00+00:00,13.160399436950684,23.739999771118164,24.155000686645508,23.475000381469727,23.950000762939453,3051000,MTG,1996-07-19 to 2008-10-31
2004-02-03 00:00:00+00:00,13.487470626831055,24.329999923706055,24.5,23.764999389648438,23.780000686645508,3887000,MTG,1996-07-19 to 2008-10-31
2004-02-04 00:00:00+00:00,13.362737655639648,24.104999542236328,24.344999313354492,23.7450008392334,24.0,6994600,MTG,1996-07-19 to 2008-10-31
2004-02-05 00:00:00+00:00,13.556757926940918,24.454999923706055,24.625,24.149999618530273,24.149999618530273,4455400,MTG,1996-07-19 to 2008-10-31
2004-02-06 00:00:00+00:00,13.881057739257812,25.040000915527344,25.065000534057617,24.524999618530273,24.524999618530273,4001400,MTG,1996-07-19 to 2008-10-31
2004-02-09 00:00:00+00:00,13.67595100402832,24.670000076293945,25.0,24.649999618530273,24.915000915527344,2250000,MTG,1996-07-19 to 2008-10-31
2004-02-10 00:00:00+00:00,13.861655235290527,25.0049991607666,25.020000457763672,24.625,24.625,2242600,MTG,1996-07-19 to 2008-10-31
2004-02-11 00:00:00+00:00,13.772966384887695,24.844999313354492,25.0,24.725000381469727,25.0,3936200,MTG,1996-07-19 to 2008-10-31
2004-02-12 00:00:00+00:00,13.761881828308105,24.825000762939453,24.950000762939453,24.639999389648438,24.799999237060547,2238200,MTG,1996-07-19 to 2008-10-31
2004-02-13 00:00:00+00:00,13.678714752197266,24.674999237060547,24.989999771118164,24.270000457763672,24.899999618530273,2547200,MTG,1996-07-19 to 2008-10-31
2004-02-17 00:00:00+00:00,13.808992385864258,24.90999984741211,25.200000762939453,24.829999923706055,24.924999237060547,3173800,MTG,1996-07-19 to 2008-10-31
2004-02-18 00:00:00+00:00,13.944807052612305,25.155000686645508,25.545000076293945,25.075000762939453,25.15999984741211,2471400,MTG,1996-07-19 to 2008-10-31
2004-02-19 00:00:00+00:00,13.77018928527832,24.84000015258789,25.59000015258789,24.834999084472656,25.350000381469727,2431600,MTG,1996-07-19 to 2008-10-31
2004-02-20 00:00:00+00:00,13.928182601928711,25.125,25.290000915527344,24.7450008392334,24.975000381469727,2558200,MTG,1996-07-19 to 2008-10-31
2004-02-23 00:00:00+00:00,13.955896377563477,25.174999237060547,25.43000030517578,25.075000762939453,25.075000762939453,2694200,MTG,1996-07-19 to 2008-10-31
2004-02-24 00:00:00+00:00,14.12220287322998,25.475000381469727,25.975000381469727,25.299999237060547,25.299999237060547,4967400,MTG,1996-07-19 to 2008-10-31
2004-02-25 00:00:00+00:00,14.56291389465332,26.270000457763672,26.375,25.475000381469727,25.475000381469727,4983400,MTG,1996-07-19 to 2008-10-31
2004-02-26 00:00:00+00:00,14.363347053527832,25.90999984741211,26.235000610351562,25.864999771118164,26.149999618530273,3086600,MTG,1996-07-19 to 2008-10-31
2004-02-27 00:00:00+00:00,14.515798568725586,26.184999465942383,26.25,25.549999237060547,25.549999237060547,4830600,MTG,1996-07-19 to 2008-10-31
2004-03-01 00:00:00+00:00,14.83731460571289,26.764999389648438,26.8700008392334,26.139999389648438,26.149999618530273,3357200,MTG,1996-07-19 to 2008-10-31
2004-03-02 00:00:00+00:00,14.651612281799316,26.43000030517578,26.764999389648438,26.3700008392334,26.674999237060547,3768000,MTG,1996-07-19 to 2008-10-31
2004-03-03 00:00:00+00:00,14.878900527954102,26.84000015258789,26.90999984741211,26.360000610351562,26.424999237060547,2105800,MTG,1996-07-19 to 2008-10-31
2004-03-04 00:00:00+00:00,15.047978401184082,27.145000457763672,27.325000762939453,26.7549991607666,26.985000610351562,4383400,MTG,1996-07-19 to 2008-10-31
2004-03-05 00:00:00+00:00,14.842867851257324,26.774999618530273,27.079999923706055,26.68000030517578,27.049999237060547,3163800,MTG,1996-07-19 to 2008-10-31
2004-03-08 00:00:00+00:00,14.912155151367188,26.899999618530273,26.969999313354492,26.809999465942383,26.834999084472656,2652400,MTG,1996-07-19 to 2008-10-31
2004-03-09 00:00:00+00:00,14.621124267578125,26.375,26.850000381469727,26.34000015258789,26.795000076293945,1656400,MTG,1996-07-19 to 2008-10-31
2004-03-10 00:00:00+00:00,14.27465534210205,25.75,26.450000762939453,25.665000915527344,26.440000534057617,2679000,MTG,1996-07-19 to 2008-10-31
2004-03-11 00:00:00+00:00,14.009305953979492,25.209999084472656,25.809999465942383,25.145000457763672,25.735000610351562,3782000,MTG,1996-07-19 to 2008-10-31
2004-03-12 00:00:00+00:00,14.43163776397705,25.969999313354492,26.0,25.364999771118164,25.5,2774600,MTG,1996-07-19 to 2008-10-31
2004-03-15 00:00:00+00:00,14.139886856079102,25.44499969482422,25.920000076293945,25.440000534057617,25.920000076293945,1999400,MTG,1996-07-19 to 2008-10-31
2004-03-16 00:00:00+00:00,14.317715644836426,25.764999389648438,25.899999618530273,25.475000381469727,25.700000762939453,2416400,MTG,1996-07-19 to 2008-10-31
2004-03-17 00:00:00+00:00,14.239916801452637,25.625,25.920000076293945,25.434999465942383,25.885000228881836,2081600,MTG,1996-07-19 to 2008-10-31
2004-03-18 00:00:00+00:00,14.020417213439941,25.229999542236328,25.6200008392334,24.739999771118164,25.5,4941600,MTG,1996-07-19 to 2008-10-31
2004-03-19 00:00:00+00:00,13.82314395904541,24.875,25.364999771118164,24.850000381469727,25.364999771118164,3903000,MTG,1996-07-19 to 2008-10-31
2004-03-22 00:00:00+00:00,13.55640697479248,24.395000457763672,24.829999923706055,24.290000915527344,24.825000762939453,2962600,MTG,1996-07-19 to 2008-10-31
2004-03-23 00:00:00+00:00,13.55640697479248,24.395000457763672,24.700000762939453,24.364999771118164,24.5,3372200,MTG,1996-07-19 to 2008-10-31
2004-03-24 00:00:00+00:00,13.55918025970459,24.399999618530273,24.875,24.25,24.454999923706055,2340200,MTG,1996-07-19 to 2008-10-31
2004-03-25 00:00:00+00:00,13.895378112792969,25.0049991607666,25.15999984741211,24.625,24.65999984741211,2521200,MTG,1996-07-19 to 2008-10-31
2004-03-26 00:00:00+00:00,14.031533241271973,25.25,25.375,24.885000228881836,25.0049991607666,2032600,MTG,1996-07-19 to 2008-10-31
2004-03-29 00:00:00+00:00,14.342732429504395,25.809999465942383,25.934999465942383,25.354999542236328,25.434999465942383,2867800,MTG,1996-07-19 to 2008-10-31
2004-03-30 00:00:00+00:00,14.98178768157959,26.959999084472656,27.049999237060547,26.295000076293945,26.475000381469727,6457400,MTG,1996-07-19 to 2008-10-31
2004-03-31 00:00:00+00:00,15.017899513244629,27.024999618530273,27.065000534057617,26.559999465942383,26.84000015258789,3951400,MTG,1996-07-19 to 2008-10-31
2004-04-01 00:00:00+00:00,14.767838478088379,26.575000762939453,26.770000457763672,26.350000381469727,26.475000381469727,3768600,MTG,1996-07-19 to 2008-10-31
2004-04-02 00:00:00+00:00,14.990123748779297,26.975000381469727,27.059999465942383,26.700000762939453,26.899999618530273,4371600,MTG,1996-07-19 to 2008-10-31
2004-04-05 00:00:00+00:00,15.295751571655273,27.524999618530273,27.530000686645508,26.975000381469727,26.975000381469727,3987800,MTG,1996-07-19 to 2008-10-31
2004-04-06 00:00:00+00:00,15.242968559265137,27.43000030517578,27.4950008392334,27.209999084472656,27.299999237060547,3551800,MTG,1996-07-19 to 2008-10-31
2004-04-07 00:00:00+00:00,14.890098571777344,26.795000076293945,27.125,26.700000762939453,27.0,4382600,MTG,1996-07-19 to 2008-10-31
2004-04-08 00:00:00+00:00,14.539998054504395,26.165000915527344,27.149999618530273,25.920000076293945,27.149999618530273,5849600,MTG,1996-07-19 to 2008-10-31
2004-04-12 00:00:00+00:00,14.856752395629883,26.735000610351562,26.815000534057617,26.375,26.415000915527344,2683400,MTG,1996-07-19 to 2008-10-31
2004-04-13 00:00:00+00:00,14.601130485534668,26.274999618530273,26.96500015258789,26.174999237060547,26.825000762939453,2499600,MTG,1996-07-19 to 2008-10-31
2004-04-14 00:00:00+00:00,14.57612133026123,26.229999542236328,26.229999542236328,25.899999618530273,26.149999618530273,3218400,MTG,1996-07-19 to 2008-10-31
2004-04-15 00:00:00+00:00,14.603912353515625,26.280000686645508,26.389999389648438,26.05500030517578,26.100000381469727,3757400,MTG,1996-07-19 to 2008-10-31
2004-04-16 00:00:00+00:00,14.809514999389648,26.649999618530273,26.700000762939453,26.274999618530273,26.700000762939453,2506200,MTG,1996-07-19 to 2008-10-31
2004-04-19 00:00:00+00:00,14.526113510131836,26.139999389648438,26.399999618530273,26.03499984741211,26.299999237060547,3776200,MTG,1996-07-19 to 2008-10-31
2004-04-20 00:00:00+00:00,14.542777061462402,26.170000076293945,26.700000762939453,26.135000228881836,26.225000381469727,3045200,MTG,1996-07-19 to 2008-10-31
2004-04-21 00:00:00+00:00,14.71226692199707,26.475000381469727,26.540000915527344,25.94499969482422,25.975000381469727,2295000,MTG,1996-07-19 to 2008-10-31
2004-04-22 00:00:00+00:00,14.417749404907227,25.94499969482422,26.440000534057617,25.809999465942383,26.399999618530273,5194800,MTG,1996-07-19 to 2008-10-31
2004-04-23 00:00:00+00:00,14.217693328857422,25.584999084472656,25.8700008392334,25.4950008392334,25.75,4281200,MTG,1996-07-19 to 2008-10-31
2004-04-26 00:00:00+00:00,14.095442771911621,25.364999771118164,25.69499969482422,25.325000762939453,25.6299991607666,3414200,MTG,1996-07-19 to 2008-10-31
2004-04-27 00:00:00+00:00,14.045421600341797,25.274999618530273,25.6299991607666,25.165000915527344,25.475000381469727,3420400,MTG,1996-07-19 to 2008-10-31
2004-04-28 00:00:00+00:00,13.817590713500977,24.864999771118164,25.1200008392334,24.760000228881836,24.825000762939453,3291600,MTG,1996-07-19 to 2008-10-31
2004-04-29 00:00:00+00:00,13.534178733825684,24.354999542236328,24.959999084472656,24.05500030517578,24.834999084472656,3237800,MTG,1996-07-19 to 2008-10-31
2004-04-30 00:00:00+00:00,13.614754676818848,24.5,24.81999969482422,24.344999313354492,24.450000762939453,3453800,MTG,1996-07-19 to 2008-10-31
2004-05-03 00:00:00+00:00,13.60364055633545,24.479999542236328,24.649999618530273,23.899999618530273,24.524999618530273,3966000,MTG,1996-07-19 to 2008-10-31
2004-05-04 00:00:00+00:00,13.611977577209473,24.4950008392334,24.604999542236328,24.200000762939453,24.450000762939453,2500200,MTG,1996-07-19 to 2008-10-31
2004-05-05 00:00:00+00:00,13.614754676818848,24.5,24.954999923706055,24.30500030517578,24.399999618530273,2557400,MTG,1996-07-19 to 2008-10-31
2004-05-06 00:00:00+00:00,13.222980499267578,23.795000076293945,24.200000762939453,23.600000381469727,24.200000762939453,3685200,MTG,1996-07-19 to 2008-10-31
2004-05-07 00:00:00+00:00,12.947907447814941,23.299999237060547,23.985000610351562,23.28499984741211,23.795000076293945,3654400,MTG,1996-07-19 to 2008-10-31
2004-05-10 00:00:00+00:00,12.975693702697754,23.350000381469727,23.545000076293945,23.065000534057617,23.30500030517578,2603800,MTG,1996-07-19 to 2008-10-31
2004-05-11 00:00:00+00:00,13.003479957580566,23.399999618530273,23.635000228881836,23.239999771118164,23.399999618530273,3141200,MTG,1996-07-19 to 2008-10-31
2004-05-12 00:00:00+00:00,13.284114837646484,23.905000686645508,23.915000915527344,23.024999618530273,23.75,6875200,MTG,1996-07-19 to 2008-10-31
2004-05-13 00:00:00+00:00,13.164633750915527,23.690000534057617,23.905000686645508,23.299999237060547,23.799999237060547,4429200,MTG,1996-07-19 to 2008-10-31
2004-05-14 00:00:00+00:00,12.8756685256958,23.170000076293945,23.71500015258789,22.885000228881836,23.600000381469727,5439200,MTG,1996-07-19 to 2008-10-31
2004-05-17 00:00:00+00:00,12.461665153503418,22.424999237060547,23.0,22.3700008392334,23.0,5517600,MTG,1996-07-19 to 2008-10-31
2004-05-18 00:00:00+00:00,12.728403091430664,22.905000686645508,23.174999237060547,22.604999542236328,22.614999771118164,3792400,MTG,1996-07-19 to 2008-10-31
2004-05-19 00:00:00+00:00,12.942347526550293,23.290000915527344,23.645000457763672,23.049999237060547,23.049999237060547,5533200,MTG,1996-07-19 to 2008-10-31
2004-05-20 00:00:00+00:00,12.79786491394043,23.030000686645508,23.290000915527344,22.899999618530273,23.290000915527344,2782600,MTG,1996-07-19 to 2008-10-31
2004-05-21 00:00:00+00:00,13.072940826416016,23.524999618530273,23.604999542236328,23.024999618530273,23.030000686645508,3702400,MTG,1996-07-19 to 2008-10-31
2004-05-24 00:00:00+00:00,12.931236267089844,23.270000457763672,23.649999618530273,22.790000915527344,23.575000762939453,5851600,MTG,1996-07-19 to 2008-10-31
2004-05-25 00:00:00+00:00,13.100732803344727,23.575000762939453,23.610000610351562,23.0,23.270000457763672,4120000,MTG,1996-07-19 to 2008-10-31
2004-05-26 00:00:00+00:00,13.195194244384766,23.7450008392334,23.920000076293945,23.6299991607666,23.71500015258789,3841800,MTG,1996-07-19 to 2008-10-31
2004-05-27 00:00:00+00:00,13.253546714782715,23.850000381469727,24.15999984741211,23.71500015258789,23.844999313354492,3323200,MTG,1996-07-19 to 2008-10-31
2004-05-28 00:00:00+00:00,13.256326675415039,23.854999542236328,23.924999237060547,23.700000762939453,23.875,2065800,MTG,1996-07-19 to 2008-10-31
2004-06-01 00:00:00+00:00,13.136842727661133,23.639999389648438,24.0049991607666,23.434999465942383,23.875,3302400,MTG,1996-07-19 to 2008-10-31
2004-06-02 00:00:00+00:00,13.239656448364258,23.825000762939453,23.940000534057617,23.704999923706055,23.799999237060547,2416000,MTG,1996-07-19 to 2008-10-31
2004-06-03 00:00:00+00:00,13.336894035339355,24.0,24.334999084472656,23.450000762939453,23.700000762939453,4660400,MTG,1996-07-19 to 2008-10-31
2004-06-04 00:00:00+00:00,13.545291900634766,24.375,24.924999237060547,24.235000610351562,24.924999237060547,3338200,MTG,1996-07-19 to 2008-10-31
2004-06-07 00:00:00+00:00,13.912057876586914,25.03499984741211,25.06999969482422,24.44499969482422,24.549999237060547,2722200,MTG,1996-07-19 to 2008-10-31
2004-06-08 00:00:00+00:00,13.90372085571289,25.020000457763672,25.170000076293945,24.780000686645508,25.040000915527344,2332800,MTG,1996-07-19 to 2008-10-31
2004-06-09 00:00:00+00:00,13.567519187927246,24.415000915527344,25.135000228881836,24.334999084472656,24.979999542236328,2748200,MTG,1996-07-19 to 2008-10-31
2004-06-10 00:00:00+00:00,13.892600059509277,25.0,25.53499984741211,24.954999923706055,25.125,5208400,MTG,1996-07-19 to 2008-10-31
2004-06-14 00:00:00+00:00,13.710119247436523,24.604999542236328,25.049999237060547,24.5049991607666,25.0049991607666,2024800,MTG,1996-07-19 to 2008-10-31
2004-06-15 00:00:00+00:00,13.718477249145508,24.6200008392334,24.9950008392334,24.44499969482422,24.854999542236328,1754800,MTG,1996-07-19 to 2008-10-31
2004-06-16 00:00:00+00:00,13.802056312561035,24.770000457763672,24.850000381469727,24.475000381469727,24.625,1963800,MTG,1996-07-19 to 2008-10-31
2004-06-17 00:00:00+00:00,13.96364974975586,25.059999465942383,25.200000762939453,24.645000457763672,24.799999237060547,2503200,MTG,1996-07-19 to 2008-10-31
2004-06-18 00:00:00+00:00,13.983145713806152,25.094999313354492,25.344999313354492,24.93000030517578,24.96500015258789,1841400,MTG,1996-07-19 to 2008-10-31
2004-06-21 00:00:00+00:00,13.921857833862305,24.985000610351562,25.5049991607666,24.920000076293945,25.200000762939453,2456800,MTG,1996-07-19 to 2008-10-31
2004-06-22 00:00:00+00:00,13.80763053894043,24.780000686645508,24.924999237060547,24.399999618530273,24.924999237060547,3303600,MTG,1996-07-19 to 2008-10-31
2004-06-23 00:00:00+00:00,14.005438804626465,25.135000228881836,25.165000915527344,24.75,24.75,3563200,MTG,1996-07-19 to 2008-10-31
2004-06-24 00:00:00+00:00,13.930212020874023,25.0,25.334999084472656,24.969999313354492,25.1200008392334,2049400,MTG,1996-07-19 to 2008-10-31
2004-06-25 00:00:00+00:00,13.701760292053223,24.59000015258789,25.024999618530273,24.549999237060547,25.024999618530273,2544200,MTG,1996-07-19 to 2008-10-31
2004-06-28 00:00:00+00:00,13.838275909423828,24.834999084472656,25.125,24.56999969482422,24.594999313354492,3269800,MTG,1996-07-19 to 2008-10-31
2004-06-29 00:00:00+00:00,13.609821319580078,24.424999237060547,24.809999465942383,23.905000686645508,24.809999465942383,7002600,MTG,1996-07-19 to 2008-10-31
2004-06-30 00:00:00+00:00,13.679464340209961,24.549999237060547,24.549999237060547,24.155000686645508,24.375,3056000,MTG,1996-07-19 to 2008-10-31
2004-07-01 00:00:00+00:00,13.548527717590332,24.315000534057617,24.75,24.25,24.424999237060547,3286600,MTG,1996-07-19 to 2008-10-31
2004-07-02 00:00:00+00:00,13.25599193572998,23.790000915527344,24.3700008392334,23.530000686645508,24.3700008392334,4073600,MTG,1996-07-19 to 2008-10-31
2004-07-06 00:00:00+00:00,13.080473899841309,23.475000381469727,23.8700008392334,23.260000228881836,23.75,5682400,MTG,1996-07-19 to 2008-10-31
2004-07-07 00:00:00+00:00,13.32007884979248,23.905000686645508,24.125,23.450000762939453,23.475000381469727,4790200,MTG,1996-07-19 to 2008-10-31
2004-07-08 00:00:00+00:00,12.896595001220703,23.145000457763672,23.584999084472656,22.8700008392334,23.559999465942383,6896400,MTG,1996-07-19 to 2008-10-31
2004-07-09 00:00:00+00:00,13.019180297851562,23.364999771118164,23.549999237060547,22.985000610351562,23.375,3660400,MTG,1996-07-19 to 2008-10-31
2004-07-12 00:00:00+00:00,13.063756942749023,23.44499969482422,23.639999389648438,23.145000457763672,23.40999984741211,2385400,MTG,1996-07-19 to 2008-10-31
2004-07-13 00:00:00+00:00,13.194703102111816,23.68000030517578,23.844999313354492,23.239999771118164,23.34000015258789,3263000,MTG,1996-07-19 to 2008-10-31
2004-07-14 00:00:00+00:00,12.969029426574707,23.274999618530273,23.71500015258789,23.174999237060547,23.55500030517578,3969000,MTG,1996-07-19 to 2008-10-31
2004-07-15 00:00:00+00:00,12.757294654846191,22.895000457763672,23.375,22.864999771118164,23.325000762939453,2789800,MTG,1996-07-19 to 2008-10-31
2004-07-16 00:00:00+00:00,12.467544555664062,22.375,23.024999618530273,22.174999237060547,22.895000457763672,7561400,MTG,1996-07-19 to 2008-10-31
2004-07-19 00:00:00+00:00,12.317099571228027,22.104999542236328,22.434999465942383,22.03499984741211,22.375,6324800,MTG,1996-07-19 to 2008-10-31
2004-07-20 00:00:00+00:00,12.904949188232422,23.15999984741211,23.239999771118164,22.364999771118164,22.364999771118164,7853200,MTG,1996-07-19 to 2008-10-31
2004-07-21 00:00:00+00:00,12.840877532958984,23.045000076293945,23.545000076293945,23.045000076293945,23.200000762939453,4160200,MTG,1996-07-19 to 2008-10-31
2004-07-22 00:00:00+00:00,13.141768455505371,23.584999084472656,23.635000228881836,22.75,23.045000076293945,5629600,MTG,1996-07-19 to 2008-10-31
2004-07-23 00:00:00+00:00,12.955102920532227,23.25,23.600000381469727,23.25,23.415000915527344,3461600,MTG,1996-07-19 to 2008-10-31
2004-07-26 00:00:00+00:00,13.024757385253906,23.375,23.565000534057617,23.139999389648438,23.299999237060547,3237600,MTG,1996-07-19 to 2008-10-31
2004-07-27 00:00:00+00:00,13.484454154968262,24.200000762939453,24.25,23.3799991607666,23.3799991607666,4041400,MTG,1996-07-19 to 2008-10-31
2004-07-28 00:00:00+00:00,13.48166561126709,24.19499969482422,24.424999237060547,23.8799991607666,24.200000762939453,3803000,MTG,1996-07-19 to 2008-10-31
2004-07-29 00:00:00+00:00,13.509519577026367,24.2450008392334,24.475000381469727,24.014999389648438,24.19499969482422,3228600,MTG,1996-07-19 to 2008-10-31
2004-07-30 00:00:00+00:00,13.350720405578613,23.959999084472656,24.2549991607666,23.81999969482422,24.25,2676000,MTG,1996-07-19 to 2008-10-31
2004-08-02 00:00:00+00:00,13.59031867980957,24.389999389648438,24.4950008392334,23.78499984741211,23.799999237060547,3196800,MTG,1996-07-19 to 2008-10-31
2004-08-03 00:00:00+00:00,13.161266326904297,23.6200008392334,24.270000457763672,23.559999465942383,24.264999389648438,2823000,MTG,1996-07-19 to 2008-10-31
2004-08-04 00:00:00+00:00,13.03868293762207,23.399999618530273,23.71500015258789,23.325000762939453,23.524999618530273,2813000,MTG,1996-07-19 to 2008-10-31
2004-08-05 00:00:00+00:00,12.721077919006348,22.829999923706055,23.5,22.790000915527344,23.405000686645508,3923000,MTG,1996-07-19 to 2008-10-31
2004-08-06 00:00:00+00:00,12.495401382446289,22.424999237060547,22.829999923706055,22.30500030517578,22.81999969482422,2704000,MTG,1996-07-19 to 2008-10-31
2004-08-09 00:00:00+00:00,12.509334564208984,22.450000762939453,22.760000228881836,22.28499984741211,22.360000610351562,2832800,MTG,1996-07-19 to 2008-10-31
2004-08-10 00:00:00+00:00,12.821370124816895,23.010000228881836,23.084999084472656,22.454999923706055,22.454999923706055,4529200,MTG,1996-07-19 to 2008-10-31
2004-08-11 00:00:00+00:00,12.397887229919434,22.25,22.75,22.010000228881836,22.75,5881400,MTG,1996-07-19 to 2008-10-31
2004-08-12 00:00:00+00:00,12.244660377502441,21.975000381469727,22.584999084472656,21.78499984741211,22.325000762939453,4566800,MTG,1996-07-19 to 2008-10-31
2004-08-13 00:00:00+00:00,12.420177459716797,22.290000915527344,22.290000915527344,22.030000686645508,22.174999237060547,3793200,MTG,1996-07-19 to 2008-10-31
2004-08-16 00:00:00+00:00,12.592915534973145,22.600000381469727,22.604999542236328,22.010000228881836,22.225000381469727,5677800,MTG,1996-07-19 to 2008-10-31
2004-08-17 00:00:00+00:00,12.606849670410156,22.625,23.0,22.434999465942383,22.655000686645508,4766400,MTG,1996-07-19 to 2008-10-31
2004-08-18 00:00:00+00:00,12.606849670410156,22.625,22.639999389648438,22.264999389648438,22.524999618530273,5076400,MTG,1996-07-19 to 2008-10-31
2004-08-19 00:00:00+00:00,12.528834342956543,22.485000610351562,22.704999923706055,22.3700008392334,22.625,4684400,MTG,1996-07-19 to 2008-10-31
2004-08-20 00:00:00+00:00,12.425752639770508,22.299999237060547,22.405000686645508,22.219999313354492,22.375,4222200,MTG,1996-07-19 to 2008-10-31
2004-08-23 00:00:00+00:00,12.506547927856445,22.44499969482422,22.514999389648438,22.1299991607666,22.315000534057617,3643000,MTG,1996-07-19 to 2008-10-31
2004-08-24 00:00:00+00:00,12.48704719543457,22.40999984741211,22.674999237060547,22.334999084472656,22.5,3851200,MTG,1996-07-19 to 2008-10-31
2004-08-25 00:00:00+00:00,12.495401382446289,22.424999237060547,22.479999542236328,22.225000381469727,22.40999984741211,2963800,MTG,1996-07-19 to 2008-10-31
2004-08-26 00:00:00+00:00,12.517688751220703,22.46500015258789,22.55500030517578,22.2549991607666,22.325000762939453,2922400,MTG,1996-07-19 to 2008-10-31
2004-08-27 00:00:00+00:00,12.537195205688477,22.5,22.549999237060547,22.225000381469727,22.375,3230200,MTG,1996-07-19 to 2008-10-31
2004-08-30 00:00:00+00:00,12.40068244934082,22.2549991607666,22.399999618530273,22.239999771118164,22.375,2526800,MTG,1996-07-19 to 2008-10-31
2004-08-31 00:00:00+00:00,12.091428756713867,21.700000762939453,22.2549991607666,21.399999618530273,22.155000686645508,7175800,MTG,1996-07-19 to 2008-10-31
2004-09-01 00:00:00+00:00,12.010626792907715,21.55500030517578,21.739999771118164,21.46500015258789,21.725000381469727,4603200,MTG,1996-07-19 to 2008-10-31
2004-09-02 00:00:00+00:00,12.370033264160156,22.200000762939453,22.309999465942383,21.559999465942383,21.559999465942383,6643800,MTG,1996-07-19 to 2008-10-31
2004-09-03 00:00:00+00:00,12.615201950073242,22.639999389648438,22.704999923706055,22.200000762939453,22.200000762939453,3192200,MTG,1996-07-19 to 2008-10-31
2004-09-07 00:00:00+00:00,12.84922981262207,23.059999465942383,23.15999984741211,22.520000457763672,22.725000381469727,5832600,MTG,1996-07-19 to 2008-10-31
2004-09-08 00:00:00+00:00,12.537195205688477,22.5,23.114999771118164,22.434999465942383,22.934999465942383,5068000,MTG,1996-07-19 to 2008-10-31
2004-09-09 00:00:00+00:00,12.300386428833008,22.075000762939453,22.3799991607666,21.7549991607666,22.375,5819400,MTG,1996-07-19 to 2008-10-31
2004-09-10 00:00:00+00:00,12.528834342956543,22.485000610351562,22.56999969482422,21.969999313354492,22.079999923706055,3027800,MTG,1996-07-19 to 2008-10-31
2004-09-13 00:00:00+00:00,12.728638648986816,22.774999618530273,22.864999771118164,22.559999465942383,22.639999389648438,4243400,MTG,1996-07-19 to 2008-10-31
2004-09-14 00:00:00+00:00,12.859975814819336,23.010000228881836,23.18000030517578,22.600000381469727,22.850000381469727,4011800,MTG,1996-07-19 to 2008-10-31
2004-09-15 00:00:00+00:00,12.840415000915527,22.975000381469727,23.114999771118164,22.790000915527344,23.0,3578000,MTG,1996-07-19 to 2008-10-31
2004-09-16 00:00:00+00:00,12.99690055847168,23.2549991607666,23.399999618530273,22.885000228881836,23.0,5171200,MTG,1996-07-19 to 2008-10-31
2004-09-17 00:00:00+00:00,12.882333755493164,23.049999237060547,23.325000762939453,22.954999923706055,23.280000686645508,3845600,MTG,1996-07-19 to 2008-10-31
2004-09-20 00:00:00+00:00,12.879541397094727,23.045000076293945,23.094999313354492,22.7549991607666,23.049999237060547,3138200,MTG,1996-07-19 to 2008-10-31
2004-09-21 00:00:00+00:00,13.016460418701172,23.290000915527344,23.375,23.079999923706055,23.100000381469727,2781600,MTG,1996-07-19 to 2008-10-31
2004-09-22 00:00:00+00:00,12.890717506408691,23.065000534057617,23.2450008392334,22.969999313354492,23.200000762939453,3419400,MTG,1996-07-19 to 2008-10-31
2004-09-23 00:00:00+00:00,12.8460054397583,22.985000610351562,23.25,22.975000381469727,23.049999237060547,3147800,MTG,1996-07-19 to 2008-10-31
2004-09-24 00:00:00+00:00,13.00808048248291,23.274999618530273,23.5,22.875,22.985000610351562,3050600,MTG,1996-07-19 to 2008-10-31
2004-09-27 00:00:00+00:00,12.681130409240723,22.690000534057617,23.104999542236328,22.674999237060547,23.024999618530273,4524800,MTG,1996-07-19 to 2008-10-31
2004-09-28 00:00:00+00:00,12.574944496154785,22.5,22.700000762939453,22.225000381469727,22.670000076293945,3341000,MTG,1996-07-19 to 2008-10-31
2004-09-29 00:00:00+00:00,12.639216423034668,22.614999771118164,22.674999237060547,22.475000381469727,22.5049991607666,3079600,MTG,1996-07-19 to 2008-10-31
2004-09-30 00:00:00+00:00,12.695107460021973,22.71500015258789,22.81999969482422,22.459999084472656,22.614999771118164,2584600,MTG,1996-07-19 to 2008-10-31
2004-10-01 00:00:00+00:00,12.806880950927734,22.915000915527344,23.204999923706055,22.75,22.825000762939453,2797400,MTG,1996-07-19 to 2008-10-31
2004-10-04 00:00:00+00:00,13.32385540008545,23.84000015258789,23.950000762939453,23.25,23.25,4563200,MTG,1996-07-19 to 2008-10-31
2004-10-05 00:00:00+00:00,13.295907020568848,23.790000915527344,23.924999237060547,23.59000015258789,23.84000015258789,4048600,MTG,1996-07-19 to 2008-10-31
2004-10-06 00:00:00+00:00,13.29031753540039,23.780000686645508,23.920000076293945,23.635000228881836,23.75,2641200,MTG,1996-07-19 to 2008-10-31
2004-10-07 00:00:00+00:00,13.309880256652832,23.815000534057617,24.600000381469727,23.6299991607666,23.875,5081200,MTG,1996-07-19 to 2008-10-31
2004-10-08 00:00:00+00:00,13.226051330566406,23.665000915527344,24.0,23.4950008392334,23.815000534057617,2831600,MTG,1996-07-19 to 2008-10-31
2004-10-11 00:00:00+00:00,13.156189918518066,23.540000915527344,23.78499984741211,23.510000228881836,23.665000915527344,2451400,MTG,1996-07-19 to 2008-10-31
2004-10-12 00:00:00+00:00,12.899097442626953,23.079999923706055,23.545000076293945,22.8799991607666,23.545000076293945,5685200,MTG,1996-07-19 to 2008-10-31
2004-10-13 00:00:00+00:00,12.720254898071289,22.760000228881836,23.200000762939453,22.545000076293945,23.149999618530273,4605000,MTG,1996-07-19 to 2008-10-31
2004-10-14 00:00:00+00:00,12.457574844360352,22.290000915527344,22.704999923706055,22.25,22.700000762939453,3803800,MTG,1996-07-19 to 2008-10-31
2004-10-15 00:00:00+00:00,12.521852493286133,22.405000686645508,22.665000915527344,22.19499969482422,22.344999313354492,4146600,MTG,1996-07-19 to 2008-10-31
2004-10-18 00:00:00+00:00,12.809678077697754,22.920000076293945,22.94499969482422,22.30500030517578,22.43000030517578,2982000,MTG,1996-07-19 to 2008-10-31
2004-10-19 00:00:00+00:00,12.896306037902832,23.075000762939453,23.389999389648438,22.950000762939453,22.950000762939453,3875600,MTG,1996-07-19 to 2008-10-31
2004-10-20 00:00:00+00:00,12.99690055847168,23.2549991607666,23.309999465942383,22.9950008392334,23.079999923706055,3804600,MTG,1996-07-19 to 2008-10-31
2004-10-21 00:00:00+00:00,13.04999828338623,23.350000381469727,23.450000762939453,23.0,23.149999618530273,2639200,MTG,1996-07-19 to 2008-10-31
2004-10-22 00:00:00+00:00,13.094708442687988,23.43000030517578,23.649999618530273,23.34000015258789,23.424999237060547,2232000,MTG,1996-07-19 to 2008-10-31
2004-10-25 00:00:00+00:00,12.994110107421875,23.25,23.360000610351562,23.135000228881836,23.299999237060547,2684800,MTG,1996-07-19 to 2008-10-31
2004-10-26 00:00:00+00:00,13.273551940917969,23.75,24.084999084472656,23.299999237060547,23.350000381469727,5597400,MTG,1996-07-19 to 2008-10-31
2004-10-27 00:00:00+00:00,13.84641170501709,24.774999618530273,24.825000762939453,23.575000762939453,23.674999237060547,4980800,MTG,1996-07-19 to 2008-10-31
2004-10-28 00:00:00+00:00,13.87994384765625,24.834999084472656,25.030000686645508,24.53499984741211,24.649999618530273,5218600,MTG,1996-07-19 to 2008-10-31
2004-10-29 00:00:00+00:00,14.097906112670898,25.225000381469727,25.549999237060547,24.80500030517578,24.834999084472656,6028600,MTG,1996-07-19 to 2008-10-31
2004-11-01 00:00:00+00:00,13.902302742004395,24.875,25.225000381469727,24.665000915527344,25.225000381469727,3277800,MTG,1996-07-19 to 2008-10-31
2004-11-02 00:00:00+00:00,14.028043746948242,25.100000381469727,25.209999084472656,24.8700008392334,24.875,3707000,MTG,1996-07-19 to 2008-10-31
2004-11-03 00:00:00+00:00,13.933040618896484,24.93000030517578,25.5049991607666,24.729999542236328,25.350000381469727,4645400,MTG,1996-07-19 to 2008-10-31
2004-11-04 00:00:00+00:00,14.704303741455078,26.309999465942383,26.5049991607666,25.065000534057617,25.5,9480000,MTG,1996-07-19 to 2008-10-31
2004-11-05 00:00:00+00:00,15.01168155670166,26.860000610351562,27.100000381469727,26.049999237060547,26.315000534057617,6394400,MTG,1996-07-19 to 2008-10-31
2004-11-08 00:00:00+00:00,14.972564697265625,26.790000915527344,26.875,26.204999923706055,26.450000762939453,4739200,MTG,1996-07-19 to 2008-10-31
2004-11-09 00:00:00+00:00,15.034046173095703,26.899999618530273,27.09000015258789,26.7549991607666,26.799999237060547,3834200,MTG,1996-07-19 to 2008-10-31
2004-11-10 00:00:00+00:00,15.048014640808105,26.924999237060547,27.385000228881836,26.854999542236328,26.899999618530273,5551200,MTG,1996-07-19 to 2008-10-31
2004-11-11 00:00:00+00:00,15.190530776977539,27.18000030517578,27.2450008392334,26.78499984741211,26.924999237060547,3066800,MTG,1996-07-19 to 2008-10-31
2004-11-12 00:00:00+00:00,15.293930053710938,27.364999771118164,27.450000762939453,27.030000686645508,27.139999389648438,2330600,MTG,1996-07-19 to 2008-10-31
2004-11-15 00:00:00+00:00,15.648828506469727,28.0,28.200000762939453,27.4950008392334,27.5,6465800,MTG,1996-07-19 to 2008-10-31
2004-11-16 00:00:00+00:00,15.472771644592285,27.684999465942383,28.100000381469727,27.68000030517578,28.0,6644400,MTG,1996-07-19 to 2008-10-31
2004-11-17 00:00:00+00:00,15.838838577270508,28.34000015258789,29.079999923706055,28.25,28.489999771118164,7921800,MTG,1996-07-19 to 2008-10-31
2004-11-18 00:00:00+00:00,15.567782402038574,27.854999542236328,28.2549991607666,27.739999771118164,28.25,4555000,MTG,1996-07-19 to 2008-10-31
2004-11-19 00:00:00+00:00,15.316278457641602,27.405000686645508,27.864999771118164,27.325000762939453,27.860000610351562,3324000,MTG,1996-07-19 to 2008-10-31
2004-11-22 00:00:00+00:00,15.545421600341797,27.815000534057617,27.924999237060547,27.299999237060547,27.5,3444000,MTG,1996-07-19 to 2008-10-31
2004-11-23 00:00:00+00:00,15.925469398498535,28.4950008392334,28.4950008392334,27.80500030517578,27.815000534057617,4120000,MTG,1996-07-19 to 2008-10-31
2004-11-24 00:00:00+00:00,15.925469398498535,28.4950008392334,28.674999237060547,28.229999542236328,28.350000381469727,2577800,MTG,1996-07-19 to 2008-10-31
2004-11-26 00:00:00+00:00,16.020475387573242,28.665000915527344,28.80500030517578,28.299999237060547,28.299999237060547,770000,MTG,1996-07-19 to 2008-10-31
2004-11-29 00:00:00+00:00,15.82487678527832,28.315000534057617,28.40999984741211,27.954999923706055,28.25,4834200,MTG,1996-07-19 to 2008-10-31
2004-11-30 00:00:00+00:00,15.31348705291748,27.399999618530273,28.1200008392334,27.344999313354492,28.010000228881836,6681000,MTG,1996-07-19 to 2008-10-31
2004-12-01 00:00:00+00:00,15.430854797363281,27.610000610351562,27.774999618530273,27.450000762939453,27.524999618530273,5242600,MTG,1996-07-19 to 2008-10-31
2004-12-02 00:00:00+00:00,15.388936996459961,27.53499984741211,27.975000381469727,26.899999618530273,27.25,6707600,MTG,1996-07-19 to 2008-10-31
2004-12-03 00:00:00+00:00,15.394523620605469,27.545000076293945,27.770000457763672,27.350000381469727,27.450000762939453,2796200,MTG,1996-07-19 to 2008-10-31
2004-12-06 00:00:00+00:00,15.576162338256836,27.8700008392334,27.90999984741211,27.350000381469727,27.350000381469727,4067000,MTG,1996-07-19 to 2008-10-31
2004-12-07 00:00:00+00:00,15.495121955871582,27.725000381469727,27.9950008392334,27.4950008392334,27.8700008392334,2721600,MTG,1996-07-19 to 2008-10-31
2004-12-08 00:00:00+00:00,15.643228530883789,27.989999771118164,28.05500030517578,27.579999923706055,27.649999618530273,2476800,MTG,1996-07-19 to 2008-10-31
2004-12-09 00:00:00+00:00,15.696327209472656,28.084999084472656,28.145000457763672,27.614999771118164,27.850000381469727,2007200,MTG,1996-07-19 to 2008-10-31
2004-12-10 00:00:00+00:00,15.587337493896484,27.889999389648438,28.59000015258789,27.770000457763672,28.59000015258789,1598800,MTG,1996-07-19 to 2008-10-31
2004-12-13 00:00:00+00:00,15.356239318847656,27.40999984741211,28.049999237060547,27.184999465942383,27.889999389648438,3325800,MTG,1996-07-19 to 2008-10-31
2004-12-14 00:00:00+00:00,15.387055397033691,27.46500015258789,27.725000381469727,27.3799991607666,27.40999984741211,4103400,MTG,1996-07-19 to 2008-10-31
2004-12-15 00:00:00+00:00,15.431876182556152,27.545000076293945,27.709999084472656,27.25,27.4950008392334,3905200,MTG,1996-07-19 to 2008-10-31
2004-12-16 00:00:00+00:00,15.398263931274414,27.485000610351562,27.69499969482422,27.28499984741211,27.545000076293945,4780200,MTG,1996-07-19 to 2008-10-31
2004-12-17 00:00:00+00:00,15.224579811096191,27.174999237060547,27.649999618530273,27.174999237060547,27.485000610351562,4485200,MTG,1996-07-19 to 2008-10-31
2004-12-20 00:00:00+00:00,15.308624267578125,27.325000762939453,27.475000381469727,27.094999313354492,27.225000381469727,4423400,MTG,1996-07-19 to 2008-10-31
2004-12-21 00:00:00+00:00,15.392656326293945,27.475000381469727,27.520000457763672,27.149999618530273,27.315000534057617,3650400,MTG,1996-07-19 to 2008-10-31
2004-12-22 00:00:00+00:00,15.916483879089355,28.40999984741211,28.40999984741211,27.225000381469727,27.25,5232000,MTG,1996-07-19 to 2008-10-31
2004-12-23 00:00:00+00:00,15.473893165588379,27.6200008392334,28.420000076293945,27.6200008392334,28.325000762939453,3531400,MTG,1996-07-19 to 2008-10-31
2004-12-27 00:00:00+00:00,15.557934761047363,27.770000457763672,28.065000534057617,27.649999618530273,27.7450008392334,3198000,MTG,1996-07-19 to 2008-10-31
2004-12-28 00:00:00+00:00,15.756821632385254,28.125,28.19499969482422,27.7549991607666,27.825000762939453,2973600,MTG,1996-07-19 to 2008-10-31
2004-12-29 00:00:00+00:00,16.003326416015625,28.565000534057617,28.704999923706055,28.114999771118164,28.125,2716800,MTG,1996-07-19 to 2008-10-31
2004-12-30 00:00:00+00:00,16.1798038482666,28.8799991607666,28.975000381469727,28.690000534057617,28.690000534057617,2219000,MTG,1996-07-19 to 2008-10-31
2004-12-31 00:00:00+00:00,16.188203811645508,28.895000457763672,29.010000228881836,28.75,28.8799991607666,2355400,MTG,1996-07-19 to 2008-10-31
2005-01-03 00:00:00+00:00,16.11817741394043,28.770000457763672,29.344999313354492,28.75,28.93000030517578,4201600,MTG,1996-07-19 to 2008-10-31
2005-01-04 00:00:00+00:00,16.11817741394043,28.770000457763672,29.135000228881836,28.670000076293945,29.049999237060547,3901400,MTG,1996-07-19 to 2008-10-31
2005-01-05 00:00:00+00:00,16.028533935546875,28.610000610351562,29.25,28.610000610351562,29.024999618530273,5751200,MTG,1996-07-19 to 2008-10-31
2005-01-06 00:00:00+00:00,16.022932052612305,28.600000381469727,29.200000762939453,28.100000381469727,28.5,4962400,MTG,1996-07-19 to 2008-10-31
2005-01-07 00:00:00+00:00,15.843653678894043,28.280000686645508,28.600000381469727,28.184999465942383,28.600000381469727,3250200,MTG,1996-07-19 to 2008-10-31
2005-01-10 00:00:00+00:00,16.137784957885742,28.80500030517578,28.9950008392334,28.149999618530273,28.149999618530273,2763800,MTG,1996-07-19 to 2008-10-31
2005-01-11 00:00:00+00:00,16.134973526000977,28.799999237060547,28.864999771118164,28.540000915527344,28.80500030517578,2211600,MTG,1996-07-19 to 2008-10-31
2005-01-12 00:00:00+00:00,16.050945281982422,28.649999618530273,28.825000762939453,28.450000762939453,28.71500015258789,2153200,MTG,1996-07-19 to 2008-10-31
2005-01-13 00:00:00+00:00,16.0705509185791,28.684999465942383,29.030000686645508,28.454999923706055,28.524999618530273,1838000,MTG,1996-07-19 to 2008-10-31
2005-01-14 00:00:00+00:00,16.350677490234375,29.184999465942383,29.25,28.700000762939453,28.704999923706055,1492000,MTG,1996-07-19 to 2008-10-31
2005-01-18 00:00:00+00:00,16.238628387451172,28.985000610351562,29.700000762939453,28.84000015258789,29.190000534057617,4899000,MTG,1996-07-19 to 2008-10-31
2005-01-19 00:00:00+00:00,15.989319801330566,28.540000915527344,28.950000762939453,28.524999618530273,28.825000762939453,1866200,MTG,1996-07-19 to 2008-10-31
2005-01-20 00:00:00+00:00,15.493500709533691,27.655000686645508,28.674999237060547,27.549999237060547,28.274999618530273,11232200,MTG,1996-07-19 to 2008-10-31
2005-01-21 00:00:00+00:00,15.448683738708496,27.575000762939453,28.149999618530273,27.46500015258789,27.655000686645508,6436400,MTG,1996-07-19 to 2008-10-31
2005-01-24 00:00:00+00:00,15.308624267578125,27.325000762939453,27.7549991607666,27.270000457763672,27.725000381469727,2691600,MTG,1996-07-19 to 2008-10-31
2005-01-25 00:00:00+00:00,15.2946138381958,27.299999237060547,27.625,27.100000381469727,27.424999237060547,3511400,MTG,1996-07-19 to 2008-10-31
2005-01-26 00:00:00+00:00,15.325432777404785,27.354999542236328,27.424999237060547,27.229999542236328,27.280000686645508,2909600,MTG,1996-07-19 to 2008-10-31
2005-01-27 00:00:00+00:00,15.630760192871094,27.899999618530273,27.950000762939453,27.264999389648438,27.375,3044400,MTG,1996-07-19 to 2008-10-31
2005-01-28 00:00:00+00:00,15.468291282653809,27.610000610351562,27.989999771118164,27.540000915527344,27.950000762939453,2403000,MTG,1996-07-19 to 2008-10-31
2005-01-31 00:00:00+00:00,15.910883903503418,28.399999618530273,28.420000076293945,27.69499969482422,27.809999465942383,3301000,MTG,1996-07-19 to 2008-10-31
2005-02-01 00:00:00+00:00,16.151790618896484,28.829999923706055,29.149999618530273,28.700000762939453,28.875,2985600,MTG,1996-07-19 to 2008-10-31
2005-02-02 00:00:00+00:00,16.190998077392578,28.899999618530273,28.899999618530273,28.635000228881836,28.760000228881836,1550600,MTG,1996-07-19 to 2008-10-31
2005-02-03 00:00:00+00:00,16.294652938842773,29.084999084472656,29.110000610351562,28.700000762939453,28.75,2484800,MTG,1996-07-19 to 2008-10-31
2005-02-04 00:00:00+00:00,16.42070198059082,29.309999465942383,29.424999237060547,29.0,29.09000015258789,2052000,MTG,1996-07-19 to 2008-10-31
2005-02-07 00:00:00+00:00,16.563562393188477,29.565000534057617,29.954999923706055,29.309999465942383,29.309999465942383,4931800,MTG,1996-07-19 to 2008-10-31
2005-02-08 00:00:00+00:00,16.40108871459961,29.274999618530273,29.8700008392334,29.260000228881836,29.649999618530273,2692400,MTG,1996-07-19 to 2008-10-31
2005-02-09 00:00:00+00:00,16.078954696655273,28.700000762939453,29.364999771118164,28.6200008392334,29.344999313354492,2431200,MTG,1996-07-19 to 2008-10-31
2005-02-10 00:00:00+00:00,15.994921684265137,28.549999237060547,28.81999969482422,28.485000610351562,28.799999237060547,1913200,MTG,1996-07-19 to 2008-10-31
2005-02-11 00:00:00+00:00,16.106969833374023,28.75,28.905000686645508,28.59000015258789,28.59000015258789,1994200,MTG,1996-07-19 to 2008-10-31
2005-02-14 00:00:00+00:00,16.036935806274414,28.625,28.799999237060547,28.479999542236328,28.799999237060547,1255400,MTG,1996-07-19 to 2008-10-31
2005-02-15 00:00:00+00:00,16.24702262878418,29.0,29.135000228881836,28.614999771118164,28.799999237060547,3535800,MTG,1996-07-19 to 2008-10-31
2005-02-16 00:00:00+00:00,16.076152801513672,28.69499969482422,29.010000228881836,28.56999969482422,28.899999618530273,1640000,MTG,1996-07-19 to 2008-10-31
2005-02-17 00:00:00+00:00,16.0705509185791,28.684999465942383,28.850000381469727,28.579999923706055,28.7450008392334,1757600,MTG,1996-07-19 to 2008-10-31
2005-02-18 00:00:00+00:00,15.888466835021973,28.360000610351562,28.684999465942383,27.905000686645508,28.684999465942383,5418000,MTG,1996-07-19 to 2008-10-31
2005-02-22 00:00:00+00:00,15.487900733947754,27.645000457763672,28.0,27.450000762939453,27.850000381469727,5812200,MTG,1996-07-19 to 2008-10-31
2005-02-23 00:00:00+00:00,15.86046314239502,28.309999465942383,28.604999542236328,27.764999389648438,27.764999389648438,6461000,MTG,1996-07-19 to 2008-10-31
2005-02-24 00:00:00+00:00,15.969709396362305,28.5049991607666,28.649999618530273,28.174999237060547,28.350000381469727,3345600,MTG,1996-07-19 to 2008-10-31
2005-02-25 00:00:00+00:00,15.908079147338867,28.395000457763672,28.405000686645508,27.905000686645508,28.399999618530273,5140200,MTG,1996-07-19 to 2008-10-31
2005-02-28 00:00:00+00:00,15.812848091125488,28.225000381469727,29.05500030517578,27.809999465942383,29.0049991607666,25535200,MTG,1996-07-19 to 2008-10-31
2005-03-01 00:00:00+00:00,17.081789016723633,30.489999771118164,30.815000534057617,28.25,28.5,25200600,MTG,1996-07-19 to 2008-10-31
2005-03-02 00:00:00+00:00,17.23305320739746,30.760000228881836,31.549999237060547,30.0,30.075000762939453,14206600,MTG,1996-07-19 to 2008-10-31
2005-03-03 00:00:00+00:00,17.32549285888672,30.924999237060547,31.200000762939453,30.434999465942383,30.885000228881836,8571600,MTG,1996-07-19 to 2008-10-31
2005-03-04 00:00:00+00:00,17.073389053344727,30.475000381469727,31.040000915527344,30.44499969482422,30.875,5398800,MTG,1996-07-19 to 2008-10-31
2005-03-07 00:00:00+00:00,17.017356872558594,30.375,30.600000381469727,30.014999389648438,30.5049991607666,6945000,MTG,1996-07-19 to 2008-10-31
2005-03-08 00:00:00+00:00,16.978145599365234,30.30500030517578,30.385000228881836,30.094999313354492,30.174999237060547,4714200,MTG,1996-07-19 to 2008-10-31
2005-03-09 00:00:00+00:00,17.087392807006836,30.5,31.024999618530273,30.3700008392334,30.575000762939453,6611800,MTG,1996-07-19 to 2008-10-31
2005-03-10 00:00:00+00:00,17.549592971801758,31.325000762939453,31.424999237060547,30.424999237060547,30.450000762939453,7162000,MTG,1996-07-19 to 2008-10-31
2005-03-11 00:00:00+00:00,17.447128295898438,31.075000762939453,31.190000534057617,30.959999084472656,31.100000381469727,3604000,MTG,1996-07-19 to 2008-10-31
2005-03-14 00:00:00+00:00,18.092788696289062,32.224998474121094,32.22999954223633,31.30500030517578,31.325000762939453,8240200,MTG,1996-07-19 to 2008-10-31
2005-03-15 00:00:00+00:00,18.064722061157227,32.17499923706055,32.27000045776367,31.920000076293945,32.150001525878906,6787800,MTG,1996-07-19 to 2008-10-31
2005-03-16 00:00:00+00:00,17.685739517211914,31.5,32.07500076293945,31.3799991607666,32.07500076293945,5540000,MTG,1996-07-19 to 2008-10-31
2005-03-17 00:00:00+00:00,17.88225555419922,31.850000381469727,31.934999465942383,31.3700008392334,31.6200008392334,3618600,MTG,1996-07-19 to 2008-10-31
2005-03-18 00:00:00+00:00,17.69416618347168,31.514999389648438,31.834999084472656,31.1200008392334,31.75,4438600,MTG,1996-07-19 to 2008-10-31
2005-03-21 00:00:00+00:00,17.494853973388672,31.15999984741211,31.440000534057617,30.565000534057617,31.350000381469727,3787600,MTG,1996-07-19 to 2008-10-31
2005-03-22 00:00:00+00:00,17.2506160736084,30.725000381469727,31.25,30.540000915527344,31.15999984741211,4089800,MTG,1996-07-19 to 2008-10-31
2005-03-23 00:00:00+00:00,17.003576278686523,30.28499984741211,30.65999984741211,30.1299991607666,30.399999618530273,7677200,MTG,1996-07-19 to 2008-10-31
2005-03-24 00:00:00+00:00,17.143943786621094,30.53499984741211,30.9950008392334,30.174999237060547,30.5,5306800,MTG,1996-07-19 to 2008-10-31
2005-03-28 00:00:00+00:00,17.71381378173828,31.549999237060547,31.75,30.520000457763672,30.53499984741211,6396400,MTG,1996-07-19 to 2008-10-31
2005-03-29 00:00:00+00:00,17.312379837036133,30.834999084472656,31.559999465942383,30.674999237060547,31.200000762939453,5053400,MTG,1996-07-19 to 2008-10-31
2005-03-30 00:00:00+00:00,17.753122329711914,31.6200008392334,31.649999618530273,30.81999969482422,30.84000015258789,5086800,MTG,1996-07-19 to 2008-10-31
2005-03-31 00:00:00+00:00,17.86541175842285,31.81999969482422,31.975000381469727,31.5049991607666,31.520000457763672,4854600,MTG,1996-07-19 to 2008-10-31
2005-04-01 00:00:00+00:00,17.632400512695312,31.405000686645508,31.920000076293945,31.315000534057617,31.899999618530273,5440200,MTG,1996-07-19 to 2008-10-31
2005-04-04 00:00:00+00:00,18.123672485351562,32.279998779296875,32.435001373291016,31.399999618530273,31.450000762939453,9869800,MTG,1996-07-19 to 2008-10-31
2005-04-05 00:00:00+00:00,18.177011489868164,32.375,32.47999954223633,32.03499984741211,32.150001525878906,5138600,MTG,1996-07-19 to 2008-10-31
2005-04-06 00:00:00+00:00,18.148942947387695,32.32500076293945,32.474998474121094,32.099998474121094,32.380001068115234,4151800,MTG,1996-07-19 to 2008-10-31
2005-04-07 00:00:00+00:00,18.16858673095703,32.36000061035156,32.42499923706055,31.860000610351562,32.125,5943400,MTG,1996-07-19 to 2008-10-31
2005-04-08 00:00:00+00:00,18.036649703979492,32.125,32.375,32.064998626708984,32.224998474121094,5970400,MTG,1996-07-19 to 2008-10-31
2005-04-11 00:00:00+00:00,18.12648582458496,32.28499984741211,32.540000915527344,32.150001525878906,32.17499923706055,5998000,MTG,1996-07-19 to 2008-10-31
2005-04-12 00:00:00+00:00,18.067522048950195,32.18000030517578,32.28499984741211,31.8700008392334,32.28499984741211,4490000,MTG,1996-07-19 to 2008-10-31
2005-04-13 00:00:00+00:00,17.966466903686523,32.0,32.14500045776367,31.950000762939453,32.060001373291016,4200600,MTG,1996-07-19 to 2008-10-31
2005-04-14 00:00:00+00:00,17.52853012084961,31.219999313354492,32.20000076293945,31.209999084472656,32.07500076293945,5892400,MTG,1996-07-19 to 2008-10-31
2005-04-15 00:00:00+00:00,17.275880813598633,30.770000457763672,31.485000610351562,30.44499969482422,31.049999237060547,6738200,MTG,1996-07-19 to 2008-10-31
2005-04-18 00:00:00+00:00,17.337646484375,30.8799991607666,30.940000534057617,30.360000610351562,30.850000381469727,5173800,MTG,1996-07-19 to 2008-10-31
2005-04-19 00:00:00+00:00,17.503280639648438,31.174999237060547,31.2549991607666,30.600000381469727,30.889999389648438,3399200,MTG,1996-07-19 to 2008-10-31
2005-04-20 00:00:00+00:00,17.3629093170166,30.924999237060547,31.510000228881836,30.799999237060547,31.174999237060547,4814800,MTG,1996-07-19 to 2008-10-31
2005-04-21 00:00:00+00:00,17.51731300354004,31.200000762939453,31.364999771118164,30.725000381469727,31.125,3439800,MTG,1996-07-19 to 2008-10-31
2005-04-22 00:00:00+00:00,17.222543716430664,30.674999237060547,31.204999923706055,30.520000457763672,31.200000762939453,3988800,MTG,1996-07-19 to 2008-10-31
2005-04-25 00:00:00+00:00,17.413442611694336,31.014999389648438,31.03499984741211,30.709999084472656,30.774999618530273,3005400,MTG,1996-07-19 to 2008-10-31
2005-04-26 00:00:00+00:00,17.326417922973633,30.860000610351562,31.334999084472656,30.799999237060547,31.010000228881836,3234800,MTG,1996-07-19 to 2008-10-31
2005-04-27 00:00:00+00:00,17.068151473999023,30.399999618530273,30.799999237060547,30.174999237060547,30.799999237060547,3343600,MTG,1996-07-19 to 2008-10-31
2005-04-28 00:00:00+00:00,16.672317504882812,29.69499969482422,30.549999237060547,29.674999237060547,30.325000762939453,3643600,MTG,1996-07-19 to 2008-10-31
2005-04-29 00:00:00+00:00,16.141748428344727,28.75,29.81999969482422,28.299999237060547,29.799999237060547,9348800,MTG,1996-07-19 to 2008-10-31
2005-05-02 00:00:00+00:00,16.51791763305664,29.420000076293945,29.420000076293945,28.844999313354492,28.940000534057617,3980000,MTG,1996-07-19 to 2008-10-31
2005-05-03 00:00:00+00:00,16.742504119873047,29.81999969482422,30.149999618530273,29.2549991607666,29.350000381469727,4926600,MTG,1996-07-19 to 2008-10-31
2005-05-04 00:00:00+00:00,16.891292572021484,30.084999084472656,30.155000686645508,29.75,29.81999969482422,3080000,MTG,1996-07-19 to 2008-10-31
2005-05-05 00:00:00+00:00,17.508886337280273,31.184999465942383,31.989999771118164,31.059999465942383,31.5,8951800,MTG,1996-07-19 to 2008-10-31
2005-05-06 00:00:00+00:00,17.73627281188965,31.59000015258789,31.825000762939453,31.405000686645508,31.524999618530273,4699200,MTG,1996-07-19 to 2008-10-31
2005-05-09 00:00:00+00:00,18.036649703979492,32.125,32.45500183105469,31.649999618530273,31.649999618530273,5905200,MTG,1996-07-19 to 2008-10-31
2005-05-10 00:00:00+00:00,17.938400268554688,31.950000762939453,32.29999923706055,31.65999984741211,31.850000381469727,5467400,MTG,1996-07-19 to 2008-10-31
2005-05-11 00:00:00+00:00,17.764345169067383,31.639999389648438,32.439998626708984,31.024999618530273,32.25,8873800,MTG,1996-07-19 to 2008-10-31
2005-05-12 00:00:00+00:00,17.699779510498047,31.524999618530273,31.950000762939453,31.385000228881836,31.399999618530273,5697800,MTG,1996-07-19 to 2008-10-31
2005-05-13 00:00:00+00:00,17.755924224853516,31.625,31.75,31.3700008392334,31.5,5362000,MTG,1996-07-19 to 2008-10-31
2005-05-16 00:00:00+00:00,18.2359676361084,32.47999954223633,32.53499984741211,31.600000381469727,31.600000381469727,5107000,MTG,1996-07-19 to 2008-10-31
2005-05-17 00:00:00+00:00,18.696361541748047,33.29999923706055,33.69499969482422,32.25,32.25,9473200,MTG,1996-07-19 to 2008-10-31
2005-05-18 00:00:00+00:00,19.072528839111328,33.970001220703125,34.04999923706055,33.560001373291016,33.775001525878906,7083200,MTG,1996-07-19 to 2008-10-31
2005-05-19 00:00:00+00:00,19.353254318237305,34.470001220703125,34.525001525878906,33.849998474121094,33.875,7637800,MTG,1996-07-19 to 2008-10-31
2005-05-20 00:00:00+00:00,19.330799102783203,34.43000030517578,34.435001373291016,33.665000915527344,34.349998474121094,5696800,MTG,1996-07-19 to 2008-10-31
2005-05-23 00:00:00+00:00,19.504846572875977,34.7400016784668,34.75,34.25,34.25,4749800,MTG,1996-07-19 to 2008-10-31
2005-05-24 00:00:00+00:00,19.37571907043457,34.5099983215332,34.68000030517578,34.42499923706055,34.57500076293945,6018400,MTG,1996-07-19 to 2008-10-31
2005-05-25 00:00:00+00:00,18.901288986206055,33.665000915527344,34.275001525878906,33.54499816894531,34.275001525878906,5675400,MTG,1996-07-19 to 2008-10-31
2005-05-26 00:00:00+00:00,19.055688858032227,33.939998626708984,34.11000061035156,33.560001373291016,33.900001525878906,3609600,MTG,1996-07-19 to 2008-10-31
2005-05-27 00:00:00+00:00,19.010774612426758,33.86000061035156,34.17499923706055,33.779998779296875,34.025001525878906,2658000,MTG,1996-07-19 to 2008-10-31
2005-05-31 00:00:00+00:00,18.93497657775879,33.724998474121094,33.900001525878906,33.56999969482422,33.900001525878906,2549600,MTG,1996-07-19 to 2008-10-31
2005-06-01 00:00:00+00:00,19.00516128540039,33.849998474121094,34.369998931884766,33.5,33.724998474121094,3584600,MTG,1996-07-19 to 2008-10-31
2005-06-02 00:00:00+00:00,19.395360946655273,34.54499816894531,34.54999923706055,34.064998626708984,34.125,8838800,MTG,1996-07-19 to 2008-10-31
2005-06-03 00:00:00+00:00,19.061302185058594,33.95000076293945,34.915000915527344,33.869998931884766,34.404998779296875,5103200,MTG,1996-07-19 to 2008-10-31
2005-06-06 00:00:00+00:00,19.1679744720459,34.13999938964844,34.189998626708984,33.5,33.875,3258600,MTG,1996-07-19 to 2008-10-31
2005-06-07 00:00:00+00:00,19.38694190979004,34.529998779296875,35.029998779296875,34.04999923706055,34.125,4182800,MTG,1996-07-19 to 2008-10-31
2005-06-08 00:00:00+00:00,19.2549991607666,34.29499816894531,34.58000183105469,34.1349983215332,34.459999084472656,2224800,MTG,1996-07-19 to 2008-10-31
2005-06-09 00:00:00+00:00,19.706974029541016,35.099998474121094,35.154998779296875,34.01499938964844,34.22999954223633,3741800,MTG,1996-07-19 to 2008-10-31
2005-06-10 00:00:00+00:00,19.92313003540039,35.48500061035156,35.59000015258789,35.02000045776367,35.04999923706055,5324400,MTG,1996-07-19 to 2008-10-31
2005-06-13 00:00:00+00:00,20.16361427307129,35.845001220703125,36.244998931884766,35.4900016784668,35.599998474121094,4272400,MTG,1996-07-19 to 2008-10-31
2005-06-14 00:00:00+00:00,20.95394515991211,37.25,37.755001068115234,35.67499923706055,35.73500061035156,8610200,MTG,1996-07-19 to 2008-10-31
2005-06-15 00:00:00+00:00,20.574249267578125,36.57500076293945,37.25,36.25,37.25,6437000,MTG,1996-07-19 to 2008-10-31
2005-06-16 00:00:00+00:00,20.540504455566406,36.51499938964844,37.22999954223633,36.5,36.525001525878906,3525000,MTG,1996-07-19 to 2008-10-31
2005-06-17 00:00:00+00:00,20.574249267578125,36.57500076293945,36.900001525878906,36.255001068115234,36.775001525878906,3348000,MTG,1996-07-19 to 2008-10-31
2005-06-20 00:00:00+00:00,20.419551849365234,36.29999923706055,36.540000915527344,36.130001068115234,36.3849983215332,2765400,MTG,1996-07-19 to 2008-10-31
2005-06-21 00:00:00+00:00,20.464557647705078,36.380001068115234,36.70500183105469,35.974998474121094,36.45000076293945,2297800,MTG,1996-07-19 to 2008-10-31
2005-06-22 00:00:00+00:00,20.574249267578125,36.57500076293945,36.65999984741211,36.255001068115234,36.44499969482422,2297000,MTG,1996-07-19 to 2008-10-31
2005-06-23 00:00:00+00:00,20.363306045532227,36.20000076293945,36.974998474121094,36.05500030517578,36.57500076293945,2705800,MTG,1996-07-19 to 2008-10-31
2005-06-24 00:00:00+00:00,20.29298210144043,36.07500076293945,36.2400016784668,35.53499984741211,36.099998474121094,3344800,MTG,1996-07-19 to 2008-10-31
2005-06-27 00:00:00+00:00,20.25924301147461,36.01499938964844,36.415000915527344,35.80500030517578,35.82500076293945,3648400,MTG,1996-07-19 to 2008-10-31
2005-06-28 00:00:00+00:00,20.939884185791016,37.224998474121094,37.25,36.130001068115234,36.130001068115234,3782400,MTG,1996-07-19 to 2008-10-31
2005-06-29 00:00:00+00:00,20.861129760742188,37.084999084472656,37.654998779296875,36.915000915527344,37.29999923706055,2903000,MTG,1996-07-19 to 2008-10-31
2005-06-30 00:00:00+00:00,20.610809326171875,36.63999938964844,37.42499923706055,36.625,37.07500076293945,3223600,MTG,1996-07-19 to 2008-10-31
2005-07-01 00:00:00+00:00,20.633312225341797,36.68000030517578,36.89500045776367,36.45000076293945,36.869998931884766,2726000,MTG,1996-07-19 to 2008-10-31
2005-07-05 00:00:00+00:00,21.26052474975586,37.79499816894531,37.875,36.42499923706055,36.45000076293945,5442200,MTG,1996-07-19 to 2008-10-31
2005-07-06 00:00:00+00:00,21.322402954101562,37.904998779296875,38.34000015258789,37.71500015258789,37.834999084472656,5985600,MTG,1996-07-19 to 2008-10-31
2005-07-07 00:00:00+00:00,21.263341903686523,37.79999923706055,38.005001068115234,37.11000061035156,37.36000061035156,5229800,MTG,1996-07-19 to 2008-10-31
2005-07-08 00:00:00+00:00,21.223962783813477,37.72999954223633,38.05500030517578,37.494998931884766,37.849998474121094,3860200,MTG,1996-07-19 to 2008-10-31
2005-07-11 00:00:00+00:00,21.212709426879883,37.709999084472656,37.9900016784668,37.5,37.974998474121094,2965400,MTG,1996-07-19 to 2008-10-31
2005-07-12 00:00:00+00:00,21.460220336914062,38.150001525878906,38.20500183105469,37.54999923706055,37.775001525878906,3413600,MTG,1996-07-19 to 2008-10-31
2005-07-13 00:00:00+00:00,21.021455764770508,37.369998931884766,38.220001220703125,37.130001068115234,38.20000076293945,4509600,MTG,1996-07-19 to 2008-10-31
2005-07-14 00:00:00+00:00,20.841445922851562,37.04999923706055,37.67499923706055,37.040000915527344,37.369998931884766,3831200,MTG,1996-07-19 to 2008-10-31
2005-07-15 00:00:00+00:00,20.754257202148438,36.89500045776367,36.97999954223633,36.415000915527344,36.76499938964844,4631400,MTG,1996-07-19 to 2008-10-31
2005-07-18 00:00:00+00:00,21.043954849243164,37.40999984741211,37.64500045776367,36.900001525878906,36.93000030517578,2980400,MTG,1996-07-19 to 2008-10-31
2005-07-19 00:00:00+00:00,21.418033599853516,38.07500076293945,38.095001220703125,37.459999084472656,37.744998931884766,4692800,MTG,1996-07-19 to 2008-10-31
2005-07-20 00:00:00+00:00,21.617725372314453,38.43000030517578,38.525001525878906,37.29999923706055,37.45000076293945,4483000,MTG,1996-07-19 to 2008-10-31
2005-07-21 00:00:00+00:00,21.080524444580078,37.474998474121094,38.39500045776367,37.334999084472656,38.39500045776367,4477800,MTG,1996-07-19 to 2008-10-31
2005-07-22 00:00:00+00:00,21.305530548095703,37.875,37.974998474121094,37.375,37.45000076293945,3551000,MTG,1996-07-19 to 2008-10-31
2005-07-25 00:00:00+00:00,21.238021850585938,37.755001068115234,38.625,37.744998931884766,37.92499923706055,3392200,MTG,1996-07-19 to 2008-10-31
2005-07-26 00:00:00+00:00,21.361780166625977,37.974998474121094,38.08000183105469,37.54999923706055,37.82500076293945,3303600,MTG,1996-07-19 to 2008-10-31
2005-07-27 00:00:00+00:00,21.3111572265625,37.8849983215332,37.959999084472656,37.494998931884766,37.959999084472656,3614000,MTG,1996-07-19 to 2008-10-31
2005-07-28 00:00:00+00:00,21.443349838256836,38.119998931884766,38.375,37.76499938964844,37.869998931884766,3433000,MTG,1996-07-19 to 2008-10-31
2005-07-29 00:00:00+00:00,21.33928108215332,37.935001373291016,38.369998931884766,37.8650016784668,38.2400016784668,3324400,MTG,1996-07-19 to 2008-10-31
2005-08-01 00:00:00+00:00,21.741487503051758,38.650001525878906,39.025001525878906,37.790000915527344,37.790000915527344,6689600,MTG,1996-07-19 to 2008-10-31
2005-08-02 00:00:00+00:00,21.657102584838867,38.5,38.650001525878906,38.23500061035156,38.63999938964844,2882400,MTG,1996-07-19 to 2008-10-31
2005-08-03 00:00:00+00:00,21.488353729248047,38.20000076293945,38.55500030517578,38.1150016784668,38.51499938964844,2568200,MTG,1996-07-19 to 2008-10-31
2005-08-04 00:00:00+00:00,20.996139526367188,37.32500076293945,38.13999938964844,37.154998779296875,37.55500030517578,6438400,MTG,1996-07-19 to 2008-10-31
2005-08-05 00:00:00+00:00,20.63895034790039,36.689998626708984,37.42499923706055,36.38999938964844,37.31999969482422,4104800,MTG,1996-07-19 to 2008-10-31
2005-08-08 00:00:00+00:00,20.540504455566406,36.51499938964844,37.27000045776367,36.46500015258789,36.875,3287600,MTG,1996-07-19 to 2008-10-31
2005-08-09 00:00:00+00:00,20.464557647705078,36.380001068115234,36.85499954223633,36.20500183105469,36.51499938964844,5808400,MTG,1996-07-19 to 2008-10-31
2005-08-10 00:00:00+00:00,20.72613525390625,36.845001220703125,37.869998931884766,36.65999984741211,36.849998474121094,6776600,MTG,1996-07-19 to 2008-10-31
2005-08-11 00:00:00+00:00,20.68956756591797,36.779998779296875,37.44499969482422,36.625,36.95000076293945,3959800,MTG,1996-07-19 to 2008-10-31
2005-08-12 00:00:00+00:00,21.07208251953125,37.459999084472656,37.70500183105469,36.689998626708984,36.79999923706055,4561600,MTG,1996-07-19 to 2008-10-31
2005-08-15 00:00:00+00:00,21.052398681640625,37.42499923706055,37.875,37.0099983215332,37.42499923706055,3536800,MTG,1996-07-19 to 2008-10-31
2005-08-16 00:00:00+00:00,20.408306121826172,36.279998779296875,37.29999923706055,36.279998779296875,37.29999923706055,5743400,MTG,1996-07-19 to 2008-10-31
2005-08-17 00:00:00+00:00,20.6192569732666,36.654998779296875,36.92499923706055,36.19499969482422,36.369998931884766,3815000,MTG,1996-07-19 to 2008-10-31
2005-08-18 00:00:00+00:00,20.869579315185547,37.099998474121094,37.1349983215332,36.349998474121094,36.599998474121094,3527200,MTG,1996-07-19 to 2008-10-31
2005-08-19 00:00:00+00:00,20.349246978759766,36.17499923706055,37.11000061035156,36.095001220703125,37.10499954223633,4337000,MTG,1996-07-19 to 2008-10-31
2005-08-22 00:00:00+00:00,20.222679138183594,35.95000076293945,36.38999938964844,35.689998626708984,36.13999938964844,4139600,MTG,1996-07-19 to 2008-10-31
2005-08-23 00:00:00+00:00,20.191736221313477,35.89500045776367,36.029998779296875,35.46500015258789,35.94499969482422,3866000,MTG,1996-07-19 to 2008-10-31
2005-08-24 00:00:00+00:00,19.890790939331055,35.36000061035156,35.974998474121094,35.25,35.75,4840000,MTG,1996-07-19 to 2008-10-31
2005-08-25 00:00:00+00:00,19.96672248840332,35.494998931884766,36.13999938964844,35.310001373291016,35.349998474121094,3963400,MTG,1996-07-19 to 2008-10-31
2005-08-26 00:00:00+00:00,19.828901290893555,35.25,35.79999923706055,35.23500061035156,35.775001525878906,5044600,MTG,1996-07-19 to 2008-10-31
2005-08-29 00:00:00+00:00,19.87390899658203,35.33000183105469,35.70000076293945,34.779998779296875,35.04999923706055,5657800,MTG,1996-07-19 to 2008-10-31
2005-08-30 00:00:00+00:00,19.611404418945312,34.7400016784668,35.275001525878906,34.154998779296875,35.275001525878906,9194600,MTG,1996-07-19 to 2008-10-31
2005-08-31 00:00:00+00:00,19.470285415649414,34.4900016784668,35.03499984741211,34.07500076293945,34.744998931884766,7455600,MTG,1996-07-19 to 2008-10-31
2005-09-01 00:00:00+00:00,18.575510025024414,32.904998779296875,34.51499938964844,32.79999923706055,34.45000076293945,9558200,MTG,1996-07-19 to 2008-10-31
2005-09-02 00:00:00+00:00,18.691247940063477,33.11000061035156,33.41999816894531,32.875,32.875,6974000,MTG,1996-07-19 to 2008-10-31
2005-09-06 00:00:00+00:00,19.018659591674805,33.689998626708984,34.05500030517578,33.20000076293945,33.20000076293945,7843000,MTG,1996-07-19 to 2008-10-31
2005-09-07 00:00:00+00:00,19.281160354614258,34.154998779296875,34.19499969482422,33.43000030517578,33.70000076293945,6779400,MTG,1996-07-19 to 2008-10-31
2005-09-08 00:00:00+00:00,19.027137756347656,33.70500183105469,34.025001525878906,33.25,33.92499923706055,7600800,MTG,1996-07-19 to 2008-10-31
2005-09-09 00:00:00+00:00,19.334793090820312,34.25,34.3650016784668,33.7400016784668,33.7400016784668,7028800,MTG,1996-07-19 to 2008-10-31
2005-09-12 00:00:00+00:00,19.512615203857422,34.564998626708984,34.665000915527344,33.75,34.25,6676600,MTG,1996-07-19 to 2008-10-31
2005-09-13 00:00:00+00:00,19.128747940063477,33.8849983215332,34.57500076293945,33.86000061035156,34.48500061035156,6170200,MTG,1996-07-19 to 2008-10-31
2005-09-14 00:00:00+00:00,18.564226150512695,32.8849983215332,34.1349983215332,32.779998779296875,34.1349983215332,8017800,MTG,1996-07-19 to 2008-10-31
2005-09-15 00:00:00+00:00,18.46261215209961,32.70500183105469,33.189998626708984,32.46500015258789,33.04999923706055,7285600,MTG,1996-07-19 to 2008-10-31
2005-09-16 00:00:00+00:00,18.73076057434082,33.18000030517578,33.18000030517578,32.650001525878906,32.92499923706055,7909400,MTG,1996-07-19 to 2008-10-31
2005-09-19 00:00:00+00:00,18.544469833374023,32.849998474121094,34.244998931884766,32.75,33.505001068115234,6184400,MTG,1996-07-19 to 2008-10-31
2005-09-20 00:00:00+00:00,18.279144287109375,32.380001068115234,33.44499969482422,32.04999923706055,33.040000915527344,7553400,MTG,1996-07-19 to 2008-10-31
2005-09-21 00:00:00+00:00,17.951717376708984,31.799999237060547,32.29999923706055,31.334999084472656,32.25,8621200,MTG,1996-07-19 to 2008-10-31
2005-09-22 00:00:00+00:00,18.742053985595703,33.20000076293945,33.349998474121094,31.579999923706055,31.725000381469727,8078400,MTG,1996-07-19 to 2008-10-31
2005-09-23 00:00:00+00:00,18.68277931213379,33.095001220703125,33.75,32.665000915527344,32.86000061035156,6840000,MTG,1996-07-19 to 2008-10-31
2005-09-26 00:00:00+00:00,18.609386444091797,32.96500015258789,34.25,32.72999954223633,33.5,6795400,MTG,1996-07-19 to 2008-10-31
2005-09-27 00:00:00+00:00,18.94809913635254,33.564998626708984,33.775001525878906,32.869998931884766,33.04499816894531,6289000,MTG,1996-07-19 to 2008-10-31
2005-09-28 00:00:00+00:00,18.897281646728516,33.474998474121094,33.97999954223633,32.91999816894531,33.57500076293945,5847200,MTG,1996-07-19 to 2008-10-31
2005-09-29 00:00:00+00:00,18.931156158447266,33.53499984741211,33.71500015258789,32.98500061035156,33.42499923706055,4357400,MTG,1996-07-19 to 2008-10-31
2005-09-30 00:00:00+00:00,18.874717712402344,33.435001373291016,33.63999938964844,33.275001525878906,33.53499984741211,3920800,MTG,1996-07-19 to 2008-10-31
2005-10-03 00:00:00+00:00,18.47108268737793,32.720001220703125,33.44499969482422,32.654998779296875,33.224998474121094,5979200,MTG,1996-07-19 to 2008-10-31
2005-10-04 00:00:00+00:00,18.157772064208984,32.165000915527344,32.92499923706055,32.165000915527344,32.845001220703125,5630600,MTG,1996-07-19 to 2008-10-31
2005-10-05 00:00:00+00:00,17.954544067382812,31.80500030517578,32.400001525878906,31.729999542236328,32.29999923706055,5128800,MTG,1996-07-19 to 2008-10-31
2005-10-06 00:00:00+00:00,18.346881866455078,32.5,33.150001525878906,30.7450008392334,30.7450008392334,12535200,MTG,1996-07-19 to 2008-10-31
2005-10-07 00:00:00+00:00,18.346881866455078,32.5,32.96500015258789,32.3849983215332,32.689998626708984,4975600,MTG,1996-07-19 to 2008-10-31
2005-10-10 00:00:00+00:00,17.99687957763672,31.8799991607666,32.53499984741211,31.540000915527344,32.404998779296875,4482800,MTG,1996-07-19 to 2008-10-31
2005-10-11 00:00:00+00:00,18.07026481628418,32.0099983215332,32.3650016784668,31.854999542236328,31.920000076293945,4181800,MTG,1996-07-19 to 2008-10-31
2005-10-12 00:00:00+00:00,17.57631492614746,31.135000228881836,31.905000686645508,30.774999618530273,31.875,7279000,MTG,1996-07-19 to 2008-10-31
2005-10-13 00:00:00+00:00,17.838823318481445,31.600000381469727,31.645000457763672,30.9950008392334,31.075000762939453,4518400,MTG,1996-07-19 to 2008-10-31
2005-10-14 00:00:00+00:00,18.078739166259766,32.025001525878906,32.3849983215332,31.2549991607666,31.709999084472656,3912800,MTG,1996-07-19 to 2008-10-31
2005-10-17 00:00:00+00:00,17.680753707885742,31.31999969482422,31.985000610351562,31.09000015258789,31.975000381469727,4793000,MTG,1996-07-19 to 2008-10-31
2005-10-18 00:00:00+00:00,17.423898696899414,30.864999771118164,31.450000762939453,30.700000762939453,31.325000762939453,3424200,MTG,1996-07-19 to 2008-10-31
2005-10-19 00:00:00+00:00,17.720273971557617,31.389999389648438,31.489999771118164,30.350000381469727,30.65999984741211,5725600,MTG,1996-07-19 to 2008-10-31
2005-10-20 00:00:00+00:00,17.373085021972656,30.774999618530273,31.815000534057617,30.735000610351562,31.485000610351562,4294400,MTG,1996-07-19 to 2008-10-31
2005-10-21 00:00:00+00:00,17.220670700073242,30.5049991607666,30.989999771118164,30.364999771118164,30.700000762939453,4204000,MTG,1996-07-19 to 2008-10-31
2005-10-24 00:00:00+00:00,17.288410186767578,30.625,30.735000610351562,30.075000762939453,30.524999618530273,5643000,MTG,1996-07-19 to 2008-10-31
2005-10-25 00:00:00+00:00,17.39566993713379,30.815000534057617,30.899999618530273,30.270000457763672,30.649999618530273,5352400,MTG,1996-07-19 to 2008-10-31
2005-10-26 00:00:00+00:00,17.056957244873047,30.21500015258789,31.045000076293945,30.21500015258789,30.725000381469727,3669200,MTG,1996-07-19 to 2008-10-31
2005-10-27 00:00:00+00:00,16.373884201049805,29.0049991607666,30.334999084472656,28.979999542236328,30.225000381469727,4687400,MTG,1996-07-19 to 2008-10-31
2005-10-28 00:00:00+00:00,16.79727554321289,29.7549991607666,29.7549991607666,28.780000686645508,28.950000762939453,7895200,MTG,1996-07-19 to 2008-10-31
2005-10-31 00:00:00+00:00,17.322280883789062,30.684999465942383,31.145000457763672,29.899999618530273,29.899999618530273,8787000,MTG,1996-07-19 to 2008-10-31
2005-11-01 00:00:00+00:00,17.14445686340332,30.3700008392334,30.524999618530273,30.110000610351562,30.450000762939453,5115200,MTG,1996-07-19 to 2008-10-31
2005-11-02 00:00:00+00:00,17.697690963745117,31.350000381469727,31.350000381469727,30.049999237060547,30.399999618530273,4803000,MTG,1996-07-19 to 2008-10-31
2005-11-03 00:00:00+00:00,18.208580017089844,32.255001068115234,32.375,31.59000015258789,31.850000381469727,8908400,MTG,1996-07-19 to 2008-10-31
2005-11-04 00:00:00+00:00,18.104145050048828,32.06999969482422,32.310001373291016,31.604999542236328,32.16999816894531,4092400,MTG,1996-07-19 to 2008-10-31
2005-11-07 00:00:00+00:00,18.346881866455078,32.5,32.76499938964844,32.0,32.21500015258789,6188800,MTG,1996-07-19 to 2008-10-31
2005-11-08 00:00:00+00:00,18.039216995239258,31.954999923706055,32.369998931884766,31.834999084472656,32.349998474121094,4455800,MTG,1996-07-19 to 2008-10-31
2005-11-09 00:00:00+00:00,19.433574676513672,34.42499923706055,34.630001068115234,32.67499923706055,32.724998474121094,12066800,MTG,1996-07-19 to 2008-10-31
2005-11-10 00:00:00+00:00,19.639644622802734,34.790000915527344,34.98500061035156,33.79999923706055,34.125,6711000,MTG,1996-07-19 to 2008-10-31
2005-11-11 00:00:00+00:00,19.425121307373047,34.40999984741211,34.834999084472656,34.125,34.70000076293945,3070000,MTG,1996-07-19 to 2008-10-31
2005-11-14 00:00:00+00:00,19.36865997314453,34.310001373291016,34.78499984741211,34.099998474121094,34.224998474121094,3588600,MTG,1996-07-19 to 2008-10-31
2005-11-15 00:00:00+00:00,18.829547882080078,33.35499954223633,33.88999938964844,33.099998474121094,33.875,4297800,MTG,1996-07-19 to 2008-10-31
2005-11-16 00:00:00+00:00,18.90576171875,33.4900016784668,33.7400016784668,32.79999923706055,33.47999954223633,4281400,MTG,1996-07-19 to 2008-10-31
2005-11-17 00:00:00+00:00,19.365846633911133,34.30500030517578,34.369998931884766,33.45500183105469,33.45500183105469,4241400,MTG,1996-07-19 to 2008-10-31
2005-11-18 00:00:00+00:00,19.625516891479492,34.76499938964844,34.79499816894531,34.125,34.42499923706055,3812400,MTG,1996-07-19 to 2008-10-31
2005-11-21 00:00:00+00:00,19.111814498901367,33.85499954223633,34.665000915527344,33.665000915527344,34.654998779296875,5721400,MTG,1996-07-19 to 2008-10-31
2005-11-22 00:00:00+00:00,18.620681762695312,32.98500061035156,33.52000045776367,32.8650016784668,33.5,7273600,MTG,1996-07-19 to 2008-10-31
2005-11-23 00:00:00+00:00,19.224700927734375,34.05500030517578,34.189998626708984,33.1349983215332,33.150001525878906,4717400,MTG,1996-07-19 to 2008-10-31
2005-11-25 00:00:00+00:00,18.931156158447266,33.53499984741211,33.97999954223633,33.30500030517578,33.95000076293945,2293200,MTG,1996-07-19 to 2008-10-31
2005-11-28 00:00:00+00:00,18.22833251953125,32.290000915527344,33.17499923706055,32.099998474121094,33.17499923706055,6987600,MTG,1996-07-19 to 2008-10-31
2005-11-29 00:00:00+00:00,18.310192108154297,32.435001373291016,32.880001068115234,32.095001220703125,32.57500076293945,4614400,MTG,1996-07-19 to 2008-10-31
2005-11-30 00:00:00+00:00,18.186002731323242,32.21500015258789,32.625,31.9950008392334,32.404998779296875,4062200,MTG,1996-07-19 to 2008-10-31
2005-12-01 00:00:00+00:00,18.784385681152344,33.275001525878906,33.42499923706055,32.255001068115234,32.5,6568800,MTG,1996-07-19 to 2008-10-31
2005-12-02 00:00:00+00:00,18.81261444091797,33.32500076293945,33.875,32.95000076293945,32.95000076293945,6583200,MTG,1996-07-19 to 2008-10-31
2005-12-05 00:00:00+00:00,18.39204978942871,32.58000183105469,33.2400016784668,32.525001525878906,33.20000076293945,4596800,MTG,1996-07-19 to 2008-10-31
2005-12-06 00:00:00+00:00,18.617856979370117,32.97999954223633,33.380001068115234,32.81999969482422,32.97999954223633,4625000,MTG,1996-07-19 to 2008-10-31
2005-12-07 00:00:00+00:00,19.111814498901367,33.85499954223633,33.98500061035156,33.05500030517578,33.25,8167000,MTG,1996-07-19 to 2008-10-31
2005-12-08 00:00:00+00:00,19.188020706176758,33.9900016784668,34.05500030517578,33.314998626708984,33.67499923706055,4481600,MTG,1996-07-19 to 2008-10-31
2005-12-09 00:00:00+00:00,19.221887588500977,34.04999923706055,34.29999923706055,33.525001525878906,33.95500183105469,2895400,MTG,1996-07-19 to 2008-10-31
2005-12-12 00:00:00+00:00,19.1795597076416,33.974998474121094,34.42499923706055,33.849998474121094,34.19499969482422,3049800,MTG,1996-07-19 to 2008-10-31
2005-12-13 00:00:00+00:00,18.69793128967285,33.0,33.529998779296875,32.875,33.349998474121094,6562000,MTG,1996-07-19 to 2008-10-31
2005-12-14 00:00:00+00:00,18.740434646606445,33.07500076293945,33.369998931884766,32.959999084472656,33.0,4003200,MTG,1996-07-19 to 2008-10-31
2005-12-15 00:00:00+00:00,18.499624252319336,32.650001525878906,33.05500030517578,32.375,33.0,5202800,MTG,1996-07-19 to 2008-10-31
2005-12-16 00:00:00+00:00,18.40613555908203,32.48500061035156,32.88999938964844,31.975000381469727,32.654998779296875,6730800,MTG,1996-07-19 to 2008-10-31
2005-12-19 00:00:00+00:00,18.352306365966797,32.38999938964844,33.11000061035156,32.33000183105469,32.540000915527344,4600800,MTG,1996-07-19 to 2008-10-31
2005-12-20 00:00:00+00:00,18.47979736328125,32.6150016784668,32.709999084472656,31.7549991607666,32.04999923706055,6640000,MTG,1996-07-19 to 2008-10-31
2005-12-21 00:00:00+00:00,18.559120178222656,32.755001068115234,32.76499938964844,32.349998474121094,32.595001220703125,4436600,MTG,1996-07-19 to 2008-10-31
2005-12-22 00:00:00+00:00,18.593116760253906,32.814998626708984,33.0099983215332,32.529998779296875,32.9900016784668,3430600,MTG,1996-07-19 to 2008-10-31
2005-12-23 00:00:00+00:00,18.768760681152344,33.125,33.54499816894531,32.834999084472656,32.849998474121094,2266200,MTG,1996-07-19 to 2008-10-31
2005-12-27 00:00:00+00:00,18.40613555908203,32.48500061035156,33.369998931884766,32.48500061035156,33.150001525878906,2812600,MTG,1996-07-19 to 2008-10-31
2005-12-28 00:00:00+00:00,18.712108612060547,33.025001525878906,33.28499984741211,32.70000076293945,32.70000076293945,2755800,MTG,1996-07-19 to 2008-10-31
2005-12-29 00:00:00+00:00,18.8282527923584,33.22999954223633,33.4900016784668,33.06999969482422,33.17499923706055,3007000,MTG,1996-07-19 to 2008-10-31
2005-12-30 00:00:00+00:00,18.791425704956055,33.165000915527344,33.470001220703125,32.75,32.95000076293945,2840000,MTG,1996-07-19 to 2008-10-31
2006-01-03 00:00:00+00:00,19.326868057250977,34.11000061035156,34.23500061035156,32.404998779296875,33.275001525878906,7515400,MTG,1996-07-19 to 2008-10-31
2006-01-04 00:00:00+00:00,19.567672729492188,34.53499984741211,34.685001373291016,33.970001220703125,34.29999923706055,7242200,MTG,1996-07-19 to 2008-10-31
2006-01-05 00:00:00+00:00,19.624338150024414,34.6349983215332,34.82500076293945,34.275001525878906,34.275001525878906,8260800,MTG,1996-07-19 to 2008-10-31
2006-01-06 00:00:00+00:00,19.819812774658203,34.97999954223633,35.0,34.439998626708984,34.869998931884766,4511200,MTG,1996-07-19 to 2008-10-31
2006-01-09 00:00:00+00:00,20.332599639892578,35.8849983215332,36.2400016784668,34.875,34.875,6631000,MTG,1996-07-19 to 2008-10-31
2006-01-10 00:00:00+00:00,20.39208221435547,35.9900016784668,36.084999084472656,35.525001525878906,35.650001525878906,4819400,MTG,1996-07-19 to 2008-10-31
2006-01-11 00:00:00+00:00,20.292924880981445,35.814998626708984,35.9900016784668,35.5,35.93000030517578,5723200,MTG,1996-07-19 to 2008-10-31
2006-01-12 00:00:00+00:00,20.666879653930664,36.474998474121094,36.625,35.584999084472656,35.75,6531800,MTG,1996-07-19 to 2008-10-31
2006-01-13 00:00:00+00:00,21.17116355895996,37.3650016784668,37.47999954223633,36.47999954223633,36.47999954223633,7227600,MTG,1996-07-19 to 2008-10-31
2006-01-17 00:00:00+00:00,20.315587997436523,35.85499954223633,37.220001220703125,35.779998779296875,36.935001373291016,8949600,MTG,1996-07-19 to 2008-10-31
2006-01-18 00:00:00+00:00,20.281587600708008,35.79499816894531,36.07500076293945,35.375,35.709999084472656,5218200,MTG,1996-07-19 to 2008-10-31
2006-01-19 00:00:00+00:00,20.375093460083008,35.959999084472656,36.099998474121094,35.540000915527344,35.849998474121094,3611800,MTG,1996-07-19 to 2008-10-31
2006-01-20 00:00:00+00:00,19.859479904174805,35.04999923706055,35.900001525878906,34.974998474121094,35.775001525878906,5893200,MTG,1996-07-19 to 2008-10-31
2006-01-23 00:00:00+00:00,19.944469451904297,35.20000076293945,35.380001068115234,34.98500061035156,35.150001525878906,5252400,MTG,1996-07-19 to 2008-10-31
2006-01-24 00:00:00+00:00,20.139942169189453,35.54499816894531,35.810001373291016,35.275001525878906,35.375,6099200,MTG,1996-07-19 to 2008-10-31
2006-01-25 00:00:00+00:00,20.06062126159668,35.404998779296875,35.790000915527344,35.255001068115234,35.32500076293945,5181200,MTG,1996-07-19 to 2008-10-31
2006-01-26 00:00:00+00:00,19.369359970092773,34.185001373291016,35.25,33.400001525878906,33.400001525878906,26205200,MTG,1996-07-19 to 2008-10-31
2006-01-27 00:00:00+00:00,19.193708419799805,33.875,34.244998931884766,33.68000030517578,34.185001373291016,9820800,MTG,1996-07-19 to 2008-10-31
2006-01-30 00:00:00+00:00,18.927417755126953,33.404998779296875,34.040000915527344,33.29499816894531,33.849998474121094,6038200,MTG,1996-07-19 to 2008-10-31
2006-01-31 00:00:00+00:00,18.876413345336914,33.314998626708984,33.375,32.375,32.92499923706055,6375800,MTG,1996-07-19 to 2008-10-31
2006-02-01 00:00:00+00:00,19.00106430053711,33.53499984741211,33.6349983215332,33.04999923706055,33.099998474121094,4530600,MTG,1996-07-19 to 2008-10-31
2006-02-02 00:00:00+00:00,19.754661560058594,34.8650016784668,35.369998931884766,34.525001525878906,34.875,9423600,MTG,1996-07-19 to 2008-10-31
2006-02-03 00:00:00+00:00,19.556346893310547,34.51499938964844,34.7400016784668,34.11000061035156,34.625,5170000,MTG,1996-07-19 to 2008-10-31
2006-02-06 00:00:00+00:00,19.290037155151367,34.04499816894531,34.560001373291016,33.6349983215332,34.375,3406000,MTG,1996-07-19 to 2008-10-31
2006-02-07 00:00:00+00:00,19.012407302856445,33.55500030517578,34.3650016784668,33.3849983215332,34.040000915527344,4407000,MTG,1996-07-19 to 2008-10-31
2006-02-08 00:00:00+00:00,19.394859313964844,34.22999954223633,34.31999969482422,33.38999938964844,33.55500030517578,4397000,MTG,1996-07-19 to 2008-10-31
2006-02-09 00:00:00+00:00,19.460020065307617,34.345001220703125,34.599998474121094,34.29999923706055,34.474998474121094,3120600,MTG,1996-07-19 to 2008-10-31
2006-02-10 00:00:00+00:00,19.539342880249023,34.48500061035156,34.6349983215332,33.93000030517578,34.3849983215332,2777600,MTG,1996-07-19 to 2008-10-31
2006-02-13 00:00:00+00:00,19.39769172668457,34.23500061035156,34.46500015258789,34.060001373291016,34.255001068115234,2895800,MTG,1996-07-19 to 2008-10-31
2006-02-14 00:00:00+00:00,19.879304885864258,35.084999084472656,35.220001220703125,34.32500076293945,34.32500076293945,3648000,MTG,1996-07-19 to 2008-10-31
2006-02-15 00:00:00+00:00,20.11444091796875,35.5,35.58000183105469,34.92499923706055,35.029998779296875,5136000,MTG,1996-07-19 to 2008-10-31
2006-02-16 00:00:00+00:00,20.431739807128906,36.060001373291016,36.060001373291016,35.474998474121094,35.474998474121094,7478000,MTG,1996-07-19 to 2008-10-31
2006-02-17 00:00:00+00:00,20.292924880981445,35.814998626708984,36.21500015258789,35.814998626708984,36.150001525878906,5044400,MTG,1996-07-19 to 2008-10-31
2006-02-21 00:00:00+00:00,19.944469451904297,35.20000076293945,36.224998474121094,35.0,35.77000045776367,4130400,MTG,1996-07-19 to 2008-10-31
2006-02-22 00:00:00+00:00,20.26459503173828,35.76499938964844,36.10499954223633,35.290000915527344,35.42499923706055,2934200,MTG,1996-07-19 to 2008-10-31
2006-02-23 00:00:00+00:00,20.199438095092773,35.650001525878906,36.16999816894531,35.53499984741211,36.16999816894531,4447400,MTG,1996-07-19 to 2008-10-31
2006-02-24 00:00:00+00:00,19.958629608154297,35.224998474121094,36.29499816894531,35.025001525878906,36.04999923706055,3996400,MTG,1996-07-19 to 2008-10-31
2006-02-27 00:00:00+00:00,20.162612915039062,35.584999084472656,35.775001525878906,35.25,35.25,3629800,MTG,1996-07-19 to 2008-10-31
2006-02-28 00:00:00+00:00,20.12578582763672,35.52000045776367,35.96500015258789,35.279998779296875,35.67499923706055,2788000,MTG,1996-07-19 to 2008-10-31
2006-03-01 00:00:00+00:00,20.134273529052734,35.53499984741211,35.67499923706055,35.040000915527344,35.67499923706055,4770000,MTG,1996-07-19 to 2008-10-31
2006-03-02 00:00:00+00:00,19.97279167175293,35.25,35.54999923706055,35.060001373291016,35.529998779296875,5746200,MTG,1996-07-19 to 2008-10-31
2006-03-03 00:00:00+00:00,19.97279167175293,35.25,35.90999984741211,35.23500061035156,35.6349983215332,3469800,MTG,1996-07-19 to 2008-10-31
2006-03-06 00:00:00+00:00,19.8623104095459,35.05500030517578,35.275001525878906,34.98500061035156,35.26499938964844,3099600,MTG,1996-07-19 to 2008-10-31
2006-03-07 00:00:00+00:00,19.79147720336914,34.93000030517578,35.125,34.78499984741211,35.0,2727000,MTG,1996-07-19 to 2008-10-31
2006-03-08 00:00:00+00:00,19.98696517944336,35.275001525878906,35.47999954223633,34.875,34.91999816894531,3773000,MTG,1996-07-19 to 2008-10-31
2006-03-09 00:00:00+00:00,20.196605682373047,35.64500045776367,35.80500030517578,35.209999084472656,35.400001525878906,4727600,MTG,1996-07-19 to 2008-10-31
2006-03-10 00:00:00+00:00,20.363758087158203,35.939998626708984,36.119998931884766,35.75,35.89500045776367,3056800,MTG,1996-07-19 to 2008-10-31
2006-03-13 00:00:00+00:00,20.36944580078125,35.82500076293945,36.23500061035156,35.689998626708984,35.849998474121094,2317200,MTG,1996-07-19 to 2008-10-31
2006-03-14 00:00:00+00:00,20.44051170349121,35.95000076293945,36.02000045776367,35.7400016784668,35.75,4447200,MTG,1996-07-19 to 2008-10-31
2006-03-15 00:00:00+00:00,20.485998153686523,36.029998779296875,36.36000061035156,35.755001068115234,36.08000183105469,2095800,MTG,1996-07-19 to 2008-10-31
2006-03-16 00:00:00+00:00,20.5030517578125,36.060001373291016,36.220001220703125,35.904998779296875,36.029998779296875,2670000,MTG,1996-07-19 to 2008-10-31
2006-03-17 00:00:00+00:00,20.534332275390625,36.1150016784668,36.19499969482422,35.8849983215332,36.125,3854200,MTG,1996-07-19 to 2008-10-31
2006-03-20 00:00:00+00:00,20.588346481323242,36.209999084472656,36.505001068115234,35.93000030517578,36.23500061035156,2701000,MTG,1996-07-19 to 2008-10-31
2006-03-21 00:00:00+00:00,20.75323486328125,36.5,36.9900016784668,36.255001068115234,36.45000076293945,5162000,MTG,1996-07-19 to 2008-10-31
2006-03-22 00:00:00+00:00,20.679309844970703,36.369998931884766,36.439998626708984,35.915000915527344,36.17499923706055,4599800,MTG,1996-07-19 to 2008-10-31
2006-03-23 00:00:00+00:00,20.616771697998047,36.2599983215332,36.5,36.130001068115234,36.349998474121094,3215000,MTG,1996-07-19 to 2008-10-31
2006-03-24 00:00:00+00:00,20.36944580078125,35.82500076293945,36.209999084472656,35.59000015258789,36.209999084472656,3361000,MTG,1996-07-19 to 2008-10-31
2006-03-27 00:00:00+00:00,20.36944580078125,35.82500076293945,35.994998931884766,35.57500076293945,35.57500076293945,2562800,MTG,1996-07-19 to 2008-10-31
2006-03-28 00:00:00+00:00,20.443361282348633,35.95500183105469,36.25,35.72999954223633,35.75,3790000,MTG,1996-07-19 to 2008-10-31
2006-03-29 00:00:00+00:00,20.946556091308594,36.84000015258789,36.95000076293945,36.35499954223633,36.400001525878906,6356400,MTG,1996-07-19 to 2008-10-31
2006-03-30 00:00:00+00:00,20.918121337890625,36.790000915527344,37.19499969482422,36.540000915527344,36.724998474121094,3041200,MTG,1996-07-19 to 2008-10-31
2006-03-31 00:00:00+00:00,20.75323486328125,36.5,36.9900016784668,36.47999954223633,36.5,5890000,MTG,1996-07-19 to 2008-10-31
2006-04-03 00:00:00+00:00,20.454723358154297,35.974998474121094,36.5,35.95000076293945,36.494998931884766,4172200,MTG,1996-07-19 to 2008-10-31
2006-04-04 00:00:00+00:00,20.861263275146484,36.689998626708984,36.71500015258789,35.939998626708984,36.0,4240200,MTG,1996-07-19 to 2008-10-31
2006-04-05 00:00:00+00:00,21.7908878326416,38.32500076293945,38.560001373291016,36.79999923706055,36.79999923706055,12200800,MTG,1996-07-19 to 2008-10-31
2006-04-06 00:00:00+00:00,21.992733001708984,38.68000030517578,38.83000183105469,37.95000076293945,38.20000076293945,6381600,MTG,1996-07-19 to 2008-10-31
2006-04-07 00:00:00+00:00,21.77952003479004,38.30500030517578,39.0099983215332,38.26499938964844,38.974998474121094,6575400,MTG,1996-07-19 to 2008-10-31
2006-04-10 00:00:00+00:00,21.35308074951172,37.55500030517578,38.32500076293945,37.40999984741211,38.25,4220200,MTG,1996-07-19 to 2008-10-31
2006-04-11 00:00:00+00:00,21.080181121826172,37.07500076293945,37.939998626708984,37.04499816894531,37.939998626708984,5619800,MTG,1996-07-19 to 2008-10-31
2006-04-12 00:00:00+00:00,21.179664611816406,37.25,37.564998626708984,37.07500076293945,37.07500076293945,2942800,MTG,1996-07-19 to 2008-10-31
2006-04-13 00:00:00+00:00,21.037527084350586,37.0,37.3650016784668,36.8650016784668,37.29999923706055,3534200,MTG,1996-07-19 to 2008-10-31
2006-04-17 00:00:00+00:00,20.79587745666504,36.57500076293945,37.060001373291016,36.3650016784668,36.93000030517578,3102800,MTG,1996-07-19 to 2008-10-31
2006-04-18 00:00:00+00:00,21.208099365234375,37.29999923706055,37.45500183105469,36.63999938964844,36.66999816894531,6584600,MTG,1996-07-19 to 2008-10-31
2006-04-19 00:00:00+00:00,21.318973541259766,37.494998931884766,37.564998626708984,37.25,37.30500030517578,4146800,MTG,1996-07-19 to 2008-10-31
2006-04-20 00:00:00+00:00,21.662961959838867,38.099998474121094,38.275001525878906,37.32500076293945,37.3849983215332,5007000,MTG,1996-07-19 to 2008-10-31
2006-04-21 00:00:00+00:00,21.6828556060791,38.1349983215332,38.665000915527344,37.88999938964844,38.494998931884766,4623800,MTG,1996-07-19 to 2008-10-31
2006-04-24 00:00:00+00:00,21.637374877929688,38.05500030517578,38.06999969482422,37.70500183105469,37.875,2251800,MTG,1996-07-19 to 2008-10-31
2006-04-25 00:00:00+00:00,21.57768440246582,37.95000076293945,38.439998626708984,37.82500076293945,38.0,3098600,MTG,1996-07-19 to 2008-10-31
2006-04-26 00:00:00+00:00,21.944412231445312,38.595001220703125,38.79999923706055,38.005001068115234,38.04999923706055,4084600,MTG,1996-07-19 to 2008-10-31
2006-04-27 00:00:00+00:00,22.021163940429688,38.72999954223633,39.084999084472656,38.349998474121094,38.54999923706055,5029200,MTG,1996-07-19 to 2008-10-31
2006-04-28 00:00:00+00:00,22.132047653198242,38.92499923706055,39.209999084472656,38.45500183105469,38.45500183105469,3342000,MTG,1996-07-19 to 2008-10-31
2006-05-01 00:00:00+00:00,22.393590927124023,39.3849983215332,39.66999816894531,39.1150016784668,39.189998626708984,5923400,MTG,1996-07-19 to 2008-10-31
2006-05-02 00:00:00+00:00,22.331052780151367,39.275001525878906,39.54499816894531,38.73500061035156,39.5099983215332,3293200,MTG,1996-07-19 to 2008-10-31
2006-05-03 00:00:00+00:00,22.112146377563477,38.88999938964844,39.22999954223633,38.88999938964844,39.025001525878906,3325600,MTG,1996-07-19 to 2008-10-31
2006-05-04 00:00:00+00:00,22.16899871826172,38.9900016784668,39.310001373291016,38.5,39.04999923706055,4360600,MTG,1996-07-19 to 2008-10-31
2006-05-05 00:00:00+00:00,22.228700637817383,39.095001220703125,39.23500061035156,38.97999954223633,39.17499923706055,3526000,MTG,1996-07-19 to 2008-10-31
2006-05-08 00:00:00+00:00,22.461824417114258,39.505001068115234,39.630001068115234,38.849998474121094,39.0,4809200,MTG,1996-07-19 to 2008-10-31
2006-05-09 00:00:00+00:00,22.444759368896484,39.474998474121094,39.69499969482422,39.20000076293945,39.400001525878906,5264800,MTG,1996-07-19 to 2008-10-31
2006-05-10 00:00:00+00:00,22.16899871826172,38.9900016784668,39.25,38.25,38.25,9678200,MTG,1996-07-19 to 2008-10-31
2006-05-11 00:00:00+00:00,21.571996688842773,37.939998626708984,39.220001220703125,37.54999923706055,39.20000076293945,8470400,MTG,1996-07-19 to 2008-10-31
2006-05-12 00:00:00+00:00,21.279170989990234,37.42499923706055,37.845001220703125,37.21500015258789,37.814998626708984,5990800,MTG,1996-07-19 to 2008-10-31
2006-05-15 00:00:00+00:00,21.262115478515625,37.39500045776367,37.63999938964844,36.970001220703125,37.2400016784668,5325200,MTG,1996-07-19 to 2008-10-31
2006-05-16 00:00:00+00:00,20.861263275146484,36.689998626708984,37.744998931884766,36.5,37.54999923706055,6002000,MTG,1996-07-19 to 2008-10-31
2006-05-17 00:00:00+00:00,20.71059226989746,36.42499923706055,36.72999954223633,35.93000030517578,36.375,5907800,MTG,1996-07-19 to 2008-10-31
2006-05-18 00:00:00+00:00,20.602558135986328,36.23500061035156,36.71500015258789,36.025001525878906,36.025001525878906,4110600,MTG,1996-07-19 to 2008-10-31
2006-05-19 00:00:00+00:00,20.778820037841797,36.54499816894531,36.6349983215332,36.209999084472656,36.36000061035156,4332200,MTG,1996-07-19 to 2008-10-31
2006-05-22 00:00:00+00:00,20.406394958496094,35.88999938964844,36.375,35.724998474121094,36.25,3762400,MTG,1996-07-19 to 2008-10-31
2006-05-23 00:00:00+00:00,20.426301956176758,35.92499923706055,36.53499984741211,35.904998779296875,36.0,4155200,MTG,1996-07-19 to 2008-10-31
2006-05-24 00:00:00+00:00,20.213085174560547,35.54999923706055,36.16999816894531,35.375,35.75,5467800,MTG,1996-07-19 to 2008-10-31
2006-05-25 00:00:00+00:00,20.608243942260742,36.244998931884766,36.3650016784668,35.57500076293945,35.875,3134000,MTG,1996-07-19 to 2008-10-31
2006-05-26 00:00:00+00:00,20.51726722717285,36.084999084472656,36.619998931884766,35.849998474121094,36.38999938964844,3450600,MTG,1996-07-19 to 2008-10-31
2006-05-30 00:00:00+00:00,20.18180274963379,35.494998931884766,35.79499816894531,35.13999938964844,35.79499816894531,4332000,MTG,1996-07-19 to 2008-10-31
2006-05-31 00:00:00+00:00,20.70490074157715,36.415000915527344,36.54499816894531,35.494998931884766,35.494998931884766,5385200,MTG,1996-07-19 to 2008-10-31
2006-06-01 00:00:00+00:00,20.949390411376953,36.845001220703125,36.92499923706055,36.2599983215332,36.650001525878906,5886000,MTG,1996-07-19 to 2008-10-31
2006-06-02 00:00:00+00:00,20.75607681274414,36.505001068115234,36.900001525878906,35.48500061035156,36.73500061035156,4798600,MTG,1996-07-19 to 2008-10-31
2006-06-05 00:00:00+00:00,20.434823989868164,35.939998626708984,36.59000015258789,35.86000061035156,36.42499923706055,3289200,MTG,1996-07-19 to 2008-10-31
2006-06-06 00:00:00+00:00,20.480314254760742,36.02000045776367,36.15999984741211,35.060001373291016,35.875,5054000,MTG,1996-07-19 to 2008-10-31
2006-06-07 00:00:00+00:00,20.40923500061035,35.89500045776367,36.63999938964844,35.68000030517578,36.1150016784668,5327200,MTG,1996-07-19 to 2008-10-31
2006-06-08 00:00:00+00:00,20.426301956176758,35.92499923706055,35.92499923706055,34.47999954223633,35.79999923706055,7277200,MTG,1996-07-19 to 2008-10-31
2006-06-09 00:00:00+00:00,20.082311630249023,35.31999969482422,36.040000915527344,35.275001525878906,36.0,4299200,MTG,1996-07-19 to 2008-10-31
2006-06-12 00:00:00+00:00,19.31472396850586,33.970001220703125,35.72999954223633,33.79999923706055,35.70000076293945,5393500,MTG,1996-07-19 to 2008-10-31
2006-06-13 00:00:00+00:00,19.49097442626953,34.279998779296875,34.720001220703125,33.459999084472656,33.86000061035156,6742500,MTG,1996-07-19 to 2008-10-31
2006-06-14 00:00:00+00:00,19.38711166381836,33.970001220703125,34.61000061035156,33.689998626708984,34.150001525878906,3280800,MTG,1996-07-19 to 2008-10-31
2006-06-15 00:00:00+00:00,20.3173770904541,35.599998474121094,35.779998779296875,34.0099983215332,34.0099983215332,5616900,MTG,1996-07-19 to 2008-10-31
2006-06-16 00:00:00+00:00,20.032011032104492,35.099998474121094,35.75,34.84000015258789,35.54999923706055,4298000,MTG,1996-07-19 to 2008-10-31
2006-06-19 00:00:00+00:00,19.986356735229492,35.02000045776367,35.66999816894531,34.939998626708984,35.470001220703125,2406800,MTG,1996-07-19 to 2008-10-31
2006-06-20 00:00:00+00:00,20.003480911254883,35.04999923706055,35.290000915527344,34.689998626708984,34.91999816894531,3357800,MTG,1996-07-19 to 2008-10-31
2006-06-21 00:00:00+00:00,20.43151092529297,35.79999923706055,36.04999923706055,34.959999084472656,35.0,2636900,MTG,1996-07-19 to 2008-10-31
2006-06-22 00:00:00+00:00,20.619857788085938,36.130001068115234,36.369998931884766,35.52000045776367,35.58000183105469,3164600,MTG,1996-07-19 to 2008-10-31
2006-06-23 00:00:00+00:00,20.636962890625,36.15999984741211,36.38999938964844,35.83000183105469,35.900001525878906,2569900,MTG,1996-07-19 to 2008-10-31
2006-06-26 00:00:00+00:00,20.69404411315918,36.2599983215332,36.540000915527344,35.97999954223633,36.040000915527344,1904200,MTG,1996-07-19 to 2008-10-31
2006-06-27 00:00:00+00:00,20.49428939819336,35.90999984741211,36.79999923706055,35.90999984741211,36.349998474121094,3270300,MTG,1996-07-19 to 2008-10-31
2006-06-28 00:00:00+00:00,20.4771671295166,35.880001068115234,36.150001525878906,35.83000183105469,35.97999954223633,3207700,MTG,1996-07-19 to 2008-10-31
2006-06-29 00:00:00+00:00,20.779644012451172,36.40999984741211,36.68000030517578,35.93000030517578,36.16999816894531,4291100,MTG,1996-07-19 to 2008-10-31
2006-06-30 00:00:00+00:00,20.888086318969727,36.599998474121094,36.72999954223633,36.310001373291016,36.599998474121094,3726800,MTG,1996-07-19 to 2008-10-31
2006-07-03 00:00:00+00:00,21.03646469116211,36.86000061035156,36.959999084472656,36.5,36.560001373291016,1425900,MTG,1996-07-19 to 2008-10-31
2006-07-05 00:00:00+00:00,20.68263053894043,36.2400016784668,36.630001068115234,36.0,36.599998474121094,3481800,MTG,1996-07-19 to 2008-10-31
2006-07-06 00:00:00+00:00,20.81389617919922,36.470001220703125,36.720001220703125,35.0099983215332,35.86000061035156,5769300,MTG,1996-07-19 to 2008-10-31
2006-07-07 00:00:00+00:00,20.808183670043945,36.459999084472656,36.66999816894531,35.900001525878906,35.900001525878906,2863100,MTG,1996-07-19 to 2008-10-31
2006-07-10 00:00:00+00:00,20.836715698242188,36.5099983215332,36.7599983215332,36.209999084472656,36.41999816894531,2157300,MTG,1996-07-19 to 2008-10-31
2006-07-11 00:00:00+00:00,20.796777725219727,36.439998626708984,36.68000030517578,35.93000030517578,36.400001525878906,4310800,MTG,1996-07-19 to 2008-10-31
2006-07-12 00:00:00+00:00,20.51712417602539,35.95000076293945,36.650001525878906,35.900001525878906,36.4900016784668,3727300,MTG,1996-07-19 to 2008-10-31
2006-07-13 00:00:00+00:00,19.71812629699707,34.54999923706055,35.560001373291016,34.47999954223633,35.349998474121094,5518500,MTG,1996-07-19 to 2008-10-31
2006-07-14 00:00:00+00:00,19.261552810668945,33.75,34.5,33.31999969482422,34.34000015258789,6233000,MTG,1996-07-19 to 2008-10-31
2006-07-17 00:00:00+00:00,19.695295333862305,34.5099983215332,34.72999954223633,33.650001525878906,33.7599983215332,5586200,MTG,1996-07-19 to 2008-10-31
2006-07-18 00:00:00+00:00,19.021852493286133,33.33000183105469,34.060001373291016,32.56999969482422,33.75,8498900,MTG,1996-07-19 to 2008-10-31
2006-07-19 00:00:00+00:00,19.946413040161133,34.95000076293945,35.150001525878906,33.40999984741211,33.40999984741211,5503400,MTG,1996-07-19 to 2008-10-31
2006-07-20 00:00:00+00:00,19.5982723236084,34.34000015258789,35.02000045776367,34.310001373291016,34.65999984741211,4546500,MTG,1996-07-19 to 2008-10-31
2006-07-21 00:00:00+00:00,18.9761962890625,33.25,34.220001220703125,33.130001068115234,34.220001220703125,6137700,MTG,1996-07-19 to 2008-10-31
2006-07-24 00:00:00+00:00,19.67817497253418,34.47999954223633,34.650001525878906,33.2599983215332,33.2599983215332,4799200,MTG,1996-07-19 to 2008-10-31
2006-07-25 00:00:00+00:00,20.06055450439453,35.150001525878906,35.31999969482422,33.88999938964844,34.29999923706055,4575900,MTG,1996-07-19 to 2008-10-31
2006-07-26 00:00:00+00:00,19.769485473632812,34.63999938964844,35.13999938964844,34.5,35.13999938964844,4499800,MTG,1996-07-19 to 2008-10-31
2006-07-27 00:00:00+00:00,19.6439266204834,34.41999816894531,35.11000061035156,34.400001525878906,34.849998474121094,2653300,MTG,1996-07-19 to 2008-10-31
2006-07-28 00:00:00+00:00,20.06055450439453,35.150001525878906,35.68000030517578,34.630001068115234,34.75,2718900,MTG,1996-07-19 to 2008-10-31
2006-07-31 00:00:00+00:00,20.037715911865234,35.11000061035156,35.599998474121094,34.86000061035156,35.0,2316600,MTG,1996-07-19 to 2008-10-31
2006-08-01 00:00:00+00:00,19.638221740722656,34.40999984741211,34.88999938964844,34.08000183105469,34.86000061035156,3322600,MTG,1996-07-19 to 2008-10-31
2006-08-02 00:00:00+00:00,19.501249313354492,34.16999816894531,34.68000030517578,33.88999938964844,34.5,2946200,MTG,1996-07-19 to 2008-10-31
2006-08-03 00:00:00+00:00,19.986356735229492,35.02000045776367,35.88999938964844,33.88999938964844,33.91999816894531,6421900,MTG,1996-07-19 to 2008-10-31
2006-08-04 00:00:00+00:00,20.020605087280273,35.08000183105469,35.95000076293945,34.93000030517578,35.70000076293945,3663500,MTG,1996-07-19 to 2008-10-31
2006-08-07 00:00:00+00:00,19.906455993652344,34.880001068115234,35.11000061035156,34.77000045776367,35.029998779296875,2976200,MTG,1996-07-19 to 2008-10-31
2006-08-08 00:00:00+00:00,19.28438377380371,33.790000915527344,34.77000045776367,33.52000045776367,34.77000045776367,3832500,MTG,1996-07-19 to 2008-10-31
2006-08-09 00:00:00+00:00,19.666757583618164,34.459999084472656,35.650001525878906,34.18000030517578,35.5,11042200,MTG,1996-07-19 to 2008-10-31
2006-08-10 00:00:00+00:00,20.391572952270508,35.72999954223633,35.81999969482422,34.470001220703125,34.84000015258789,6254300,MTG,1996-07-19 to 2008-10-31
2006-08-11 00:00:00+00:00,20.511411666870117,35.939998626708984,36.0,35.349998474121094,35.70000076293945,2357700,MTG,1996-07-19 to 2008-10-31
2006-08-14 00:00:00+00:00,21.059303283691406,36.900001525878906,37.41999816894531,36.04999923706055,36.7599983215332,5577400,MTG,1996-07-19 to 2008-10-31
2006-08-15 00:00:00+00:00,21.635723114013672,37.90999984741211,37.95000076293945,36.959999084472656,37.400001525878906,4400300,MTG,1996-07-19 to 2008-10-31
2006-08-16 00:00:00+00:00,21.687076568603516,38.0,38.2400016784668,37.34000015258789,38.04999923706055,3342500,MTG,1996-07-19 to 2008-10-31
2006-08-17 00:00:00+00:00,21.48733139038086,37.650001525878906,38.720001220703125,37.599998474121094,37.72999954223633,3765100,MTG,1996-07-19 to 2008-10-31
2006-08-18 00:00:00+00:00,21.304706573486328,37.33000183105469,38.40999984741211,37.31999969482422,38.0,3070000,MTG,1996-07-19 to 2008-10-31
2006-08-21 00:00:00+00:00,21.22480583190918,37.189998626708984,37.33000183105469,36.61000061035156,36.650001525878906,2571400,MTG,1996-07-19 to 2008-10-31
2006-08-22 00:00:00+00:00,21.293291091918945,37.310001373291016,37.68000030517578,37.22999954223633,37.2599983215332,2914200,MTG,1996-07-19 to 2008-10-31
2006-08-23 00:00:00+00:00,21.11637306213379,37.0,37.349998474121094,36.88999938964844,37.16999816894531,3302000,MTG,1996-07-19 to 2008-10-31
2006-08-24 00:00:00+00:00,21.162031173706055,37.08000183105469,37.209999084472656,36.61000061035156,37.119998931884766,2691800,MTG,1996-07-19 to 2008-10-31
2006-08-25 00:00:00+00:00,21.173444747924805,37.099998474121094,37.31999969482422,36.279998779296875,36.79999923706055,2745100,MTG,1996-07-19 to 2008-10-31
2006-08-28 00:00:00+00:00,21.687076568603516,38.0,38.349998474121094,37.16999816894531,37.2400016784668,4854700,MTG,1996-07-19 to 2008-10-31
2006-08-29 00:00:00+00:00,22.097991943359375,38.720001220703125,38.81999969482422,37.81999969482422,37.959999084472656,4321800,MTG,1996-07-19 to 2008-10-31
2006-08-30 00:00:00+00:00,21.384601593017578,37.470001220703125,38.88999938964844,37.40999984741211,38.83000183105469,5559600,MTG,1996-07-19 to 2008-10-31
2006-08-31 00:00:00+00:00,21.6756649017334,37.97999954223633,38.369998931884766,37.70000076293945,37.720001220703125,4241100,MTG,1996-07-19 to 2008-10-31
2006-09-01 00:00:00+00:00,22.1379451751709,38.790000915527344,38.84000015258789,37.79999923706055,38.09000015258789,2977400,MTG,1996-07-19 to 2008-10-31
2006-09-05 00:00:00+00:00,22.39476776123047,39.2400016784668,39.25,38.869998931884766,38.900001525878906,3455400,MTG,1996-07-19 to 2008-10-31
2006-09-06 00:00:00+00:00,22.27490997314453,39.029998779296875,39.22999954223633,38.790000915527344,38.849998474121094,2817500,MTG,1996-07-19 to 2008-10-31
2006-09-07 00:00:00+00:00,22.39476776123047,39.2400016784668,39.7400016784668,38.790000915527344,38.849998474121094,3119600,MTG,1996-07-19 to 2008-10-31
2006-09-08 00:00:00+00:00,22.58881378173828,39.58000183105469,39.68000030517578,38.81999969482422,39.25,2735000,MTG,1996-07-19 to 2008-10-31
2006-09-11 00:00:00+00:00,23.0624942779541,40.40999984741211,40.58000183105469,39.34000015258789,39.5099983215332,9225400,MTG,1996-07-19 to 2008-10-31
2006-09-12 00:00:00+00:00,23.399215698242188,41.0,41.33000183105469,40.29999923706055,40.5,6110000,MTG,1996-07-19 to 2008-10-31
2006-09-13 00:00:00+00:00,24.119426727294922,42.130001068115234,42.470001220703125,41.29999923706055,41.5,11189900,MTG,1996-07-19 to 2008-10-31
2006-09-14 00:00:00+00:00,24.10225486755371,42.099998474121094,42.16999816894531,41.2599983215332,41.5,5162600,MTG,1996-07-19 to 2008-10-31
2006-09-15 00:00:00+00:00,24.03927230834961,41.9900016784668,42.4900016784668,41.33000183105469,42.45000076293945,4919800,MTG,1996-07-19 to 2008-10-31
2006-09-18 00:00:00+00:00,24.03927230834961,41.9900016784668,42.33000183105469,41.560001373291016,41.650001525878906,3670300,MTG,1996-07-19 to 2008-10-31
2006-09-19 00:00:00+00:00,24.03927230834961,41.9900016784668,42.310001373291016,41.5099983215332,41.9900016784668,3346000,MTG,1996-07-19 to 2008-10-31
2006-09-20 00:00:00+00:00,24.451467514038086,42.709999084472656,42.900001525878906,42.0,42.20000076293945,4912200,MTG,1996-07-19 to 2008-10-31
2006-09-21 00:00:00+00:00,23.443880081176758,40.95000076293945,42.25,40.75,41.75,6161800,MTG,1996-07-19 to 2008-10-31
2006-09-22 00:00:00+00:00,23.47249984741211,41.0,41.33000183105469,40.439998626708984,40.900001525878906,3831800,MTG,1996-07-19 to 2008-10-31
2006-09-25 00:00:00+00:00,23.64997673034668,41.310001373291016,41.560001373291016,40.709999084472656,41.0,4524100,MTG,1996-07-19 to 2008-10-31
2006-09-26 00:00:00+00:00,23.844614028930664,41.650001525878906,41.97999954223633,41.09000015258789,41.310001373291016,5344600,MTG,1996-07-19 to 2008-10-31
2006-09-27 00:00:00+00:00,24.28545379638672,42.41999816894531,43.900001525878906,41.13999938964844,41.810001373291016,11560500,MTG,1996-07-19 to 2008-10-31
2006-09-28 00:00:00+00:00,24.817873001098633,43.349998474121094,43.470001220703125,42.279998779296875,42.70000076293945,4535700,MTG,1996-07-19 to 2008-10-31
2006-09-29 00:00:00+00:00,24.737730026245117,43.209999084472656,44.13999938964844,43.04999923706055,44.13999938964844,4103100,MTG,1996-07-19 to 2008-10-31
2006-10-02 00:00:00+00:00,24.697643280029297,43.13999938964844,43.61000061035156,42.83000183105469,43.0,3476000,MTG,1996-07-19 to 2008-10-31
2006-10-03 00:00:00+00:00,24.898021697998047,43.4900016784668,43.709999084472656,42.65999984741211,43.189998626708984,5642800,MTG,1996-07-19 to 2008-10-31
2006-10-04 00:00:00+00:00,24.961000442504883,43.599998474121094,43.75,42.61000061035156,43.400001525878906,6829800,MTG,1996-07-19 to 2008-10-31
2006-10-05 00:00:00+00:00,25.001083374023438,43.66999816894531,43.95000076293945,42.900001525878906,43.29999923706055,6065300,MTG,1996-07-19 to 2008-10-31
2006-10-06 00:00:00+00:00,24.817873001098633,43.349998474121094,43.939998626708984,43.189998626708984,43.540000915527344,4908800,MTG,1996-07-19 to 2008-10-31
2006-10-09 00:00:00+00:00,24.9896183013916,43.650001525878906,43.689998626708984,43.18000030517578,43.20000076293945,4483500,MTG,1996-07-19 to 2008-10-31
2006-10-10 00:00:00+00:00,25.03542709350586,43.72999954223633,43.88999938964844,43.52000045776367,43.66999816894531,3599800,MTG,1996-07-19 to 2008-10-31
2006-10-11 00:00:00+00:00,25.247251510620117,44.099998474121094,44.150001525878906,43.439998626708984,43.630001068115234,9047700,MTG,1996-07-19 to 2008-10-31
2006-10-12 00:00:00+00:00,25.590755462646484,44.70000076293945,44.88999938964844,43.95000076293945,44.099998474121094,6061900,MTG,1996-07-19 to 2008-10-31
2006-10-13 00:00:00+00:00,25.70525360107422,44.900001525878906,45.0099983215332,44.310001373291016,44.5,4743900,MTG,1996-07-19 to 2008-10-31
2006-10-16 00:00:00+00:00,25.533504486083984,44.599998474121094,44.9900016784668,44.540000915527344,44.75,4266900,MTG,1996-07-19 to 2008-10-31
2006-10-17 00:00:00+00:00,25.293045043945312,44.18000030517578,44.619998931884766,44.09000015258789,44.45000076293945,3628700,MTG,1996-07-19 to 2008-10-31
2006-10-18 00:00:00+00:00,25.470529556274414,44.4900016784668,44.75,44.119998931884766,44.279998779296875,4374900,MTG,1996-07-19 to 2008-10-31
2006-10-19 00:00:00+00:00,25.419002532958984,44.400001525878906,44.83000183105469,44.150001525878906,44.29999923706055,5270900,MTG,1996-07-19 to 2008-10-31
2006-10-20 00:00:00+00:00,25.37318992614746,44.31999969482422,44.70000076293945,43.9900016784668,44.650001525878906,4533000,MTG,1996-07-19 to 2008-10-31
2006-10-23 00:00:00+00:00,25.333127975463867,44.25,44.77000045776367,43.619998931884766,44.0,8776700,MTG,1996-07-19 to 2008-10-31
2006-10-24 00:00:00+00:00,25.722427368164062,44.93000030517578,44.97999954223633,44.20000076293945,44.20000076293945,5765600,MTG,1996-07-19 to 2008-10-31
2006-10-25 00:00:00+00:00,25.447622299194336,44.45000076293945,44.9900016784668,44.13999938964844,44.70000076293945,3939000,MTG,1996-07-19 to 2008-10-31
2006-10-26 00:00:00+00:00,25.73386573791504,44.95000076293945,44.9900016784668,44.310001373291016,44.45000076293945,3016300,MTG,1996-07-19 to 2008-10-31
2006-10-27 00:00:00+00:00,25.121305465698242,43.880001068115234,44.70000076293945,43.650001525878906,44.650001525878906,3703300,MTG,1996-07-19 to 2008-10-31
2006-10-30 00:00:00+00:00,25.419002532958984,44.400001525878906,44.75,43.15999984741211,43.5,3897800,MTG,1996-07-19 to 2008-10-31
2006-10-31 00:00:00+00:00,25.138469696044922,43.90999984741211,44.86000061035156,43.84000015258789,44.79999923706055,4120000,MTG,1996-07-19 to 2008-10-31
2006-11-01 00:00:00+00:00,24.634674072265625,43.029998779296875,44.08000183105469,42.849998474121094,44.02000045776367,4556000,MTG,1996-07-19 to 2008-10-31
2006-11-02 00:00:00+00:00,23.672876358032227,41.349998474121094,42.45000076293945,41.15999984741211,42.189998626708984,10441000,MTG,1996-07-19 to 2008-10-31
2006-11-03 00:00:00+00:00,22.86564826965332,39.939998626708984,41.790000915527344,39.790000915527344,41.5,10725700,MTG,1996-07-19 to 2008-10-31
2006-11-06 00:00:00+00:00,22.613758087158203,39.5,40.75,39.18000030517578,40.380001068115234,10664400,MTG,1996-07-19 to 2008-10-31
2006-11-07 00:00:00+00:00,23.094654083251953,40.34000015258789,40.540000915527344,39.25,39.25,10531200,MTG,1996-07-19 to 2008-10-31
2006-11-08 00:00:00+00:00,22.825572967529297,39.869998931884766,40.869998931884766,39.119998931884766,39.279998779296875,12126600,MTG,1996-07-19 to 2008-10-31
2006-11-09 00:00:00+00:00,22.64236831665039,39.54999923706055,40.369998931884766,39.5,39.9900016784668,7385300,MTG,1996-07-19 to 2008-10-31
2006-11-10 00:00:00+00:00,23.277851104736328,40.65999984741211,40.68000030517578,39.63999938964844,39.650001525878906,8078500,MTG,1996-07-19 to 2008-10-31
2006-11-13 00:00:00+00:00,23.36945152282715,40.81999969482422,41.5,40.29999923706055,40.4900016784668,9813400,MTG,1996-07-19 to 2008-10-31
2006-11-14 00:00:00+00:00,23.936222076416016,41.810001373291016,42.060001373291016,41.40999984741211,41.470001220703125,11232700,MTG,1996-07-19 to 2008-10-31
2006-11-15 00:00:00+00:00,24.010652542114258,41.939998626708984,42.119998931884766,41.650001525878906,41.650001525878906,9621300,MTG,1996-07-19 to 2008-10-31
2006-11-16 00:00:00+00:00,24.03927230834961,41.9900016784668,42.150001525878906,41.40999984741211,42.150001525878906,5514200,MTG,1996-07-19 to 2008-10-31
2006-11-17 00:00:00+00:00,24.371322631835938,42.56999969482422,42.72999954223633,41.95000076293945,41.9900016784668,8233100,MTG,1996-07-19 to 2008-10-31
2006-11-20 00:00:00+00:00,24.32552719116211,42.4900016784668,42.70000076293945,42.31999969482422,42.52000045776367,5412700,MTG,1996-07-19 to 2008-10-31
2006-11-21 00:00:00+00:00,24.371322631835938,42.56999969482422,42.709999084472656,42.099998474121094,42.400001525878906,4573600,MTG,1996-07-19 to 2008-10-31
2006-11-22 00:00:00+00:00,24.65758514404297,43.06999969482422,43.34000015258789,42.79999923706055,42.95000076293945,3571400,MTG,1996-07-19 to 2008-10-31
2006-11-24 00:00:00+00:00,24.680463790893555,43.11000061035156,43.5099983215332,42.75,42.849998474121094,1366900,MTG,1996-07-19 to 2008-10-31
2006-11-27 00:00:00+00:00,23.953401565551758,41.84000015258789,43.70000076293945,41.68000030517578,43.349998474121094,6548600,MTG,1996-07-19 to 2008-10-31
2006-11-28 00:00:00+00:00,23.54119873046875,41.119998931884766,41.91999816894531,40.97999954223633,41.650001525878906,7174300,MTG,1996-07-19 to 2008-10-31
2006-11-29 00:00:00+00:00,23.38662338256836,40.849998474121094,41.43000030517578,40.31999969482422,41.43000030517578,18713100,MTG,1996-07-19 to 2008-10-31
2006-11-30 00:00:00+00:00,24.096534729003906,42.09000015258789,42.540000915527344,40.709999084472656,41.900001525878906,13200600,MTG,1996-07-19 to 2008-10-31
2006-12-01 00:00:00+00:00,23.24349594116211,40.599998474121094,41.20000076293945,40.220001220703125,40.650001525878906,12904800,MTG,1996-07-19 to 2008-10-31
2006-12-04 00:00:00+00:00,23.54119873046875,41.119998931884766,41.47999954223633,40.72999954223633,40.95000076293945,5769100,MTG,1996-07-19 to 2008-10-31
2006-12-05 00:00:00+00:00,23.59272575378418,41.209999084472656,41.56999969482422,41.0,41.099998474121094,5719800,MTG,1996-07-19 to 2008-10-31
2006-12-06 00:00:00+00:00,23.581275939941406,41.189998626708984,41.45000076293945,40.9900016784668,41.400001525878906,3656300,MTG,1996-07-19 to 2008-10-31
2006-12-07 00:00:00+00:00,23.29502296447754,40.689998626708984,41.599998474121094,40.630001068115234,41.439998626708984,4142300,MTG,1996-07-19 to 2008-10-31
2006-12-08 00:00:00+00:00,23.1175594329834,40.380001068115234,40.779998779296875,40.2400016784668,40.54999923706055,3313400,MTG,1996-07-19 to 2008-10-31
2006-12-11 00:00:00+00:00,22.613758087158203,39.5,40.0,39.119998931884766,40.0,8500300,MTG,1996-07-19 to 2008-10-31
2006-12-12 00:00:00+00:00,21.754995346069336,38.0,39.5099983215332,37.900001525878906,39.400001525878906,14184900,MTG,1996-07-19 to 2008-10-31
2006-12-13 00:00:00+00:00,22.02384376525879,38.34000015258789,38.63999938964844,37.709999084472656,38.470001220703125,11317200,MTG,1996-07-19 to 2008-10-31
2006-12-14 00:00:00+00:00,22.63273048400879,39.400001525878906,39.47999954223633,38.060001373291016,38.34000015258789,9403900,MTG,1996-07-19 to 2008-10-31
2006-12-15 00:00:00+00:00,22.305307388305664,38.83000183105469,39.75,38.75,39.66999816894531,7137400,MTG,1996-07-19 to 2008-10-31
2006-12-18 00:00:00+00:00,22.36849594116211,38.939998626708984,39.36000061035156,38.529998779296875,38.95000076293945,4466900,MTG,1996-07-19 to 2008-10-31
2006-12-19 00:00:00+00:00,22.02958106994629,38.349998474121094,38.970001220703125,38.06999969482422,38.75,7026200,MTG,1996-07-19 to 2008-10-31
2006-12-20 00:00:00+00:00,22.121490478515625,38.5099983215332,38.529998779296875,38.0,38.119998931884766,6905900,MTG,1996-07-19 to 2008-10-31
2006-12-21 00:00:00+00:00,22.075525283813477,38.43000030517578,38.619998931884766,37.849998474121094,38.27000045776367,7026200,MTG,1996-07-19 to 2008-10-31
2006-12-22 00:00:00+00:00,21.880224227905273,38.09000015258789,38.38999938964844,37.709999084472656,38.38999938964844,4754800,MTG,1996-07-19 to 2008-10-31
2006-12-26 00:00:00+00:00,21.690670013427734,37.7599983215332,38.150001525878906,37.38999938964844,37.959999084472656,3797300,MTG,1996-07-19 to 2008-10-31
2006-12-27 00:00:00+00:00,22.02384376525879,38.34000015258789,38.41999816894531,37.54999923706055,38.20000076293945,4029700,MTG,1996-07-19 to 2008-10-31
2006-12-28 00:00:00+00:00,21.983627319335938,38.27000045776367,38.5,37.560001373291016,37.75,5411600,MTG,1996-07-19 to 2008-10-31
2006-12-29 00:00:00+00:00,21.903207778930664,38.130001068115234,38.68000030517578,37.97999954223633,38.2599983215332,3668800,MTG,1996-07-19 to 2008-10-31
2007-01-03 00:00:00+00:00,21.547054290771484,37.5099983215332,38.720001220703125,37.09000015258789,38.20000076293945,10278900,MTG,1996-07-19 to 2008-10-31
2007-01-04 00:00:00+00:00,21.432167053222656,37.310001373291016,38.29999923706055,37.29999923706055,37.599998474121094,10699000,MTG,1996-07-19 to 2008-10-31
2007-01-05 00:00:00+00:00,21.19090461730957,36.88999938964844,37.41999816894531,36.720001220703125,37.349998474121094,10002000,MTG,1996-07-19 to 2008-10-31
2007-01-08 00:00:00+00:00,21.5987491607666,37.599998474121094,37.75,36.119998931884766,37.06999969482422,10049900,MTG,1996-07-19 to 2008-10-31
2007-01-09 00:00:00+00:00,22.316791534423828,38.849998474121094,38.90999984741211,37.599998474121094,37.599998474121094,8865300,MTG,1996-07-19 to 2008-10-31
2007-01-10 00:00:00+00:00,22.29956817626953,38.81999969482422,38.970001220703125,38.20000076293945,38.70000076293945,4737800,MTG,1996-07-19 to 2008-10-31
2007-01-11 00:00:00+00:00,22.5925235748291,39.33000183105469,39.70000076293945,38.83000183105469,39.0,5895500,MTG,1996-07-19 to 2008-10-31
2007-01-12 00:00:00+00:00,22.540828704833984,39.2400016784668,39.33000183105469,38.61000061035156,39.029998779296875,3992700,MTG,1996-07-19 to 2008-10-31
2007-01-16 00:00:00+00:00,22.477643966674805,39.130001068115234,39.279998779296875,38.61000061035156,39.099998474121094,4568800,MTG,1996-07-19 to 2008-10-31
2007-01-17 00:00:00+00:00,22.351259231567383,38.90999984741211,39.29999923706055,38.66999816894531,39.04999923706055,3365700,MTG,1996-07-19 to 2008-10-31
2007-01-18 00:00:00+00:00,22.649967193603516,39.43000030517578,39.650001525878906,38.83000183105469,39.650001525878906,4416300,MTG,1996-07-19 to 2008-10-31
2007-01-19 00:00:00+00:00,23.103788375854492,40.220001220703125,40.52000045776367,39.560001373291016,39.70000076293945,8269300,MTG,1996-07-19 to 2008-10-31
2007-01-22 00:00:00+00:00,22.919960021972656,39.900001525878906,40.720001220703125,39.56999969482422,40.400001525878906,6614200,MTG,1996-07-19 to 2008-10-31
2007-01-23 00:00:00+00:00,22.747621536254883,39.599998474121094,39.970001220703125,39.11000061035156,39.75,4588200,MTG,1996-07-19 to 2008-10-31
2007-01-24 00:00:00+00:00,23.3909912109375,40.720001220703125,41.09000015258789,39.529998779296875,39.54999923706055,6490700,MTG,1996-07-19 to 2008-10-31
2007-01-25 00:00:00+00:00,22.87399673461914,39.81999969482422,40.810001373291016,39.61000061035156,40.779998779296875,3743400,MTG,1996-07-19 to 2008-10-31
2007-01-26 00:00:00+00:00,23.132497787475586,40.27000045776367,40.43000030517578,39.380001068115234,39.70000076293945,5085700,MTG,1996-07-19 to 2008-10-31
2007-01-29 00:00:00+00:00,23.178451538085938,40.349998474121094,40.54999923706055,39.790000915527344,40.400001525878906,4663600,MTG,1996-07-19 to 2008-10-31
2007-01-30 00:00:00+00:00,23.178451538085938,40.349998474121094,40.72999954223633,40.150001525878906,40.349998474121094,3292900,MTG,1996-07-19 to 2008-10-31
2007-01-31 00:00:00+00:00,23.83330726623535,41.4900016784668,41.61000061035156,40.15999984741211,40.22999954223633,6083200,MTG,1996-07-19 to 2008-10-31
2007-02-01 00:00:00+00:00,24.05158805847168,41.869998931884766,42.20000076293945,41.459999084472656,41.599998474121094,4829100,MTG,1996-07-19 to 2008-10-31
2007-02-02 00:00:00+00:00,24.05733299255371,41.880001068115234,42.060001373291016,41.619998931884766,42.0,3620600,MTG,1996-07-19 to 2008-10-31
2007-02-05 00:00:00+00:00,23.729907989501953,41.310001373291016,41.83000183105469,41.13999938964844,41.54999923706055,2777600,MTG,1996-07-19 to 2008-10-31
2007-02-06 00:00:00+00:00,23.907989501953125,41.619998931884766,41.75,41.16999816894531,41.27000045776367,3153500,MTG,1996-07-19 to 2008-10-31
2007-02-07 00:00:00+00:00,23.73565673828125,41.31999969482422,41.5099983215332,40.880001068115234,41.4900016784668,2738500,MTG,1996-07-19 to 2008-10-31
2007-02-08 00:00:00+00:00,24.620288848876953,42.86000061035156,43.380001068115234,42.029998779296875,42.029998779296875,9878600,MTG,1996-07-19 to 2008-10-31
2007-02-09 00:00:00+00:00,24.723684310913086,43.040000915527344,43.630001068115234,42.709999084472656,42.709999084472656,8268300,MTG,1996-07-19 to 2008-10-31
2007-02-12 00:00:00+00:00,24.90750503540039,43.36000061035156,43.58000183105469,42.75,43.0,5189100,MTG,1996-07-19 to 2008-10-31
2007-02-13 00:00:00+00:00,25.246423721313477,43.95000076293945,44.029998779296875,43.119998931884766,43.25,6559600,MTG,1996-07-19 to 2008-10-31
2007-02-14 00:00:00+00:00,25.464704513549805,44.33000183105469,44.470001220703125,43.849998474121094,44.0,8155500,MTG,1996-07-19 to 2008-10-31
2007-02-15 00:00:00+00:00,25.579587936401367,44.529998779296875,44.81999969482422,44.04999923706055,44.5,4285000,MTG,1996-07-19 to 2008-10-31
2007-02-16 00:00:00+00:00,25.332595825195312,44.099998474121094,44.4900016784668,44.0,44.45000076293945,3351000,MTG,1996-07-19 to 2008-10-31
2007-02-20 00:00:00+00:00,25.516389846801758,44.41999816894531,44.70000076293945,44.099998474121094,44.349998474121094,3550300,MTG,1996-07-19 to 2008-10-31
2007-02-21 00:00:00+00:00,25.26365089416504,43.97999954223633,44.279998779296875,43.88999938964844,44.150001525878906,5686500,MTG,1996-07-19 to 2008-10-31
2007-02-22 00:00:00+00:00,25.418743133544922,44.25,44.4900016784668,43.31999969482422,44.04999923706055,7807800,MTG,1996-07-19 to 2008-10-31
2007-02-23 00:00:00+00:00,25.44172477722168,44.290000915527344,44.630001068115234,44.040000915527344,44.47999954223633,6331600,MTG,1996-07-19 to 2008-10-31
2007-02-26 00:00:00+00:00,25.390031814575195,44.20000076293945,44.939998626708984,43.86000061035156,44.939998626708984,7901200,MTG,1996-07-19 to 2008-10-31
2007-02-27 00:00:00+00:00,24.901750564575195,43.349998474121094,44.66999816894531,42.779998779296875,42.849998474121094,17766500,MTG,1996-07-19 to 2008-10-31
2007-02-28 00:00:00+00:00,25.660015106201172,44.66999816894531,45.0,43.529998779296875,44.47999954223633,13038000,MTG,1996-07-19 to 2008-10-31
2007-03-01 00:00:00+00:00,25.44172477722168,44.290000915527344,44.75,43.45000076293945,44.0,10133100,MTG,1996-07-19 to 2008-10-31
2007-03-02 00:00:00+00:00,25.418743133544922,44.25,44.54999923706055,43.95000076293945,44.0,10056800,MTG,1996-07-19 to 2008-10-31
2007-03-05 00:00:00+00:00,25.372787475585938,44.16999816894531,44.369998931884766,43.7400016784668,44.0,9211100,MTG,1996-07-19 to 2008-10-31
2007-03-06 00:00:00+00:00,25.211952209472656,43.88999938964844,44.810001373291016,43.81999969482422,44.459999084472656,8907100,MTG,1996-07-19 to 2008-10-31
2007-03-07 00:00:00+00:00,25.160253524780273,43.79999923706055,44.369998931884766,43.65999984741211,43.709999084472656,6661700,MTG,1996-07-19 to 2008-10-31
2007-03-08 00:00:00+00:00,25.81509780883789,44.939998626708984,44.9900016784668,43.790000915527344,43.810001373291016,8372000,MTG,1996-07-19 to 2008-10-31
2007-03-09 00:00:00+00:00,25.556615829467773,44.4900016784668,45.0,44.209999084472656,44.95000076293945,8126700,MTG,1996-07-19 to 2008-10-31
2007-03-12 00:00:00+00:00,25.889785766601562,45.06999969482422,45.45000076293945,44.400001525878906,44.5,15569200,MTG,1996-07-19 to 2008-10-31
2007-03-13 00:00:00+00:00,25.40472412109375,44.099998474121094,44.77000045776367,43.790000915527344,44.70000076293945,8094300,MTG,1996-07-19 to 2008-10-31
2007-03-14 00:00:00+00:00,25.32984733581543,43.970001220703125,44.5,42.52000045776367,44.5,8595200,MTG,1996-07-19 to 2008-10-31
2007-03-15 00:00:00+00:00,25.514190673828125,44.290000915527344,44.630001068115234,43.70000076293945,43.81999969482422,4781400,MTG,1996-07-19 to 2008-10-31
2007-03-16 00:00:00+00:00,25.554506301879883,44.36000061035156,44.470001220703125,44.02000045776367,44.22999954223633,4903300,MTG,1996-07-19 to 2008-10-31
2007-03-19 00:00:00+00:00,25.917434692382812,44.9900016784668,45.220001220703125,44.560001373291016,44.56999969482422,5818700,MTG,1996-07-19 to 2008-10-31
2007-03-20 00:00:00+00:00,26.234289169311523,45.540000915527344,45.599998474121094,44.900001525878906,45.099998474121094,6007100,MTG,1996-07-19 to 2008-10-31
2007-03-21 00:00:00+00:00,26.626007080078125,46.220001220703125,46.36000061035156,45.439998626708984,45.58000183105469,6770500,MTG,1996-07-19 to 2008-10-31
2007-03-22 00:00:00+00:00,26.5856876373291,46.150001525878906,46.43000030517578,45.349998474121094,45.77000045776367,5255200,MTG,1996-07-19 to 2008-10-31
2007-03-23 00:00:00+00:00,26.793054580688477,46.5099983215332,46.70000076293945,46.13999938964844,46.2400016784668,6756200,MTG,1996-07-19 to 2008-10-31
2007-03-26 00:00:00+00:00,26.781539916992188,46.4900016784668,46.63999938964844,45.86000061035156,46.279998779296875,5587600,MTG,1996-07-19 to 2008-10-31
2007-03-27 00:00:00+00:00,26.631763458251953,46.22999954223633,46.40999984741211,45.939998626708984,46.310001373291016,4960500,MTG,1996-07-19 to 2008-10-31
2007-03-28 00:00:00+00:00,26.11330795288086,45.33000183105469,46.630001068115234,45.25,45.47999954223633,8050900,MTG,1996-07-19 to 2008-10-31
2007-03-29 00:00:00+00:00,26.130586624145508,45.36000061035156,45.91999816894531,44.880001068115234,45.79999923706055,5194100,MTG,1996-07-19 to 2008-10-31
2007-03-30 00:00:00+00:00,25.95200538635254,45.04999923706055,45.66999816894531,44.72999954223633,45.36000061035156,5257500,MTG,1996-07-19 to 2008-10-31
2007-04-02 00:00:00+00:00,25.957763671875,45.060001373291016,45.310001373291016,44.650001525878906,45.29999923706055,6053000,MTG,1996-07-19 to 2008-10-31
2007-04-03 00:00:00+00:00,26.240022659301758,45.54999923706055,45.869998931884766,45.279998779296875,45.36000061035156,5280100,MTG,1996-07-19 to 2008-10-31
2007-04-04 00:00:00+00:00,26.211223602294922,45.5,45.959999084472656,45.369998931884766,45.54999923706055,3881600,MTG,1996-07-19 to 2008-10-31
2007-04-05 00:00:00+00:00,26.499267578125,46.0,46.189998626708984,45.349998474121094,45.349998474121094,3773600,MTG,1996-07-19 to 2008-10-31
2007-04-09 00:00:00+00:00,26.677854537963867,46.310001373291016,46.38999938964844,45.83000183105469,46.2400016784668,6004100,MTG,1996-07-19 to 2008-10-31
2007-04-10 00:00:00+00:00,26.343721389770508,45.72999954223633,46.52000045776367,45.619998931884766,46.16999816894531,6164200,MTG,1996-07-19 to 2008-10-31
2007-04-11 00:00:00+00:00,25.842544555664062,44.86000061035156,45.86000061035156,44.779998779296875,45.7599983215332,8522300,MTG,1996-07-19 to 2008-10-31
2007-04-12 00:00:00+00:00,26.15361976623535,45.400001525878906,45.790000915527344,43.83000183105469,44.209999084472656,8111600,MTG,1996-07-19 to 2008-10-31
2007-04-13 00:00:00+00:00,25.980806350708008,45.099998474121094,45.849998474121094,44.869998931884766,45.79999923706055,4280900,MTG,1996-07-19 to 2008-10-31
2007-04-16 00:00:00+00:00,26.15361976623535,45.400001525878906,45.5,44.70000076293945,45.349998474121094,3791600,MTG,1996-07-19 to 2008-10-31
2007-04-17 00:00:00+00:00,26.049936294555664,45.220001220703125,45.81999969482422,45.040000915527344,45.380001068115234,4144500,MTG,1996-07-19 to 2008-10-31
2007-04-18 00:00:00+00:00,25.807979583740234,44.79999923706055,45.16999816894531,44.65999984741211,44.95000076293945,14262800,MTG,1996-07-19 to 2008-10-31
2007-04-19 00:00:00+00:00,25.813737869262695,44.810001373291016,45.369998931884766,44.02000045776367,44.75,8286800,MTG,1996-07-19 to 2008-10-31
2007-04-20 00:00:00+00:00,25.957763671875,45.060001373291016,45.43000030517578,44.7599983215332,45.43000030517578,6806200,MTG,1996-07-19 to 2008-10-31
2007-04-23 00:00:00+00:00,25.84830665588379,44.869998931884766,45.400001525878906,44.779998779296875,44.959999084472656,4077600,MTG,1996-07-19 to 2008-10-31
2007-04-24 00:00:00+00:00,25.66972541809082,44.560001373291016,44.779998779296875,44.0,44.400001525878906,4912200,MTG,1996-07-19 to 2008-10-31
2007-04-25 00:00:00+00:00,25.96927833557129,45.08000183105469,45.18000030517578,44.630001068115234,44.849998474121094,3789100,MTG,1996-07-19 to 2008-10-31
2007-04-26 00:00:00+00:00,26.05568504333496,45.22999954223633,45.41999816894531,44.880001068115234,45.0,4121100,MTG,1996-07-19 to 2008-10-31
2007-04-27 00:00:00+00:00,25.78493881225586,44.7599983215332,44.9900016784668,44.380001068115234,44.380001068115234,4231200,MTG,1996-07-19 to 2008-10-31
2007-04-30 00:00:00+00:00,25.30103874206543,43.91999816894531,45.61000061035156,43.83000183105469,45.29999923706055,7863600,MTG,1996-07-19 to 2008-10-31
2007-05-01 00:00:00+00:00,25.335601806640625,43.97999954223633,44.16999816894531,43.0,43.459999084472656,6994900,MTG,1996-07-19 to 2008-10-31
2007-05-02 00:00:00+00:00,25.237667083740234,43.810001373291016,44.849998474121094,43.619998931884766,44.849998474121094,5332200,MTG,1996-07-19 to 2008-10-31
2007-05-03 00:00:00+00:00,25.018770217895508,43.43000030517578,44.04999923706055,43.40999984741211,43.84000015258789,6656600,MTG,1996-07-19 to 2008-10-31
2007-05-04 00:00:00+00:00,25.151260375976562,43.65999984741211,43.91999816894531,43.40999984741211,43.439998626708984,3915400,MTG,1996-07-19 to 2008-10-31
2007-05-07 00:00:00+00:00,25.28375244140625,43.88999938964844,44.16999816894531,43.47999954223633,43.59000015258789,4288900,MTG,1996-07-19 to 2008-10-31
2007-05-08 00:00:00+00:00,25.082134246826172,43.540000915527344,44.04999923706055,43.20000076293945,43.40999984741211,5074800,MTG,1996-07-19 to 2008-10-31
2007-05-09 00:00:00+00:00,25.243427276611328,43.81999969482422,44.099998474121094,43.400001525878906,43.560001373291016,5705000,MTG,1996-07-19 to 2008-10-31
2007-05-10 00:00:00+00:00,24.252595901489258,42.099998474121094,43.650001525878906,42.099998474121094,42.939998626708984,16178200,MTG,1996-07-19 to 2008-10-31
2007-05-11 00:00:00+00:00,23.89543342590332,41.47999954223633,42.619998931884766,41.189998626708984,42.5,12476800,MTG,1996-07-19 to 2008-10-31
2007-05-14 00:00:00+00:00,23.561304092407227,40.900001525878906,41.810001373291016,40.77000045776367,41.45000076293945,13341300,MTG,1996-07-19 to 2008-10-31
2007-05-15 00:00:00+00:00,23.00826644897461,39.939998626708984,40.93000030517578,39.900001525878906,40.290000915527344,17703400,MTG,1996-07-19 to 2008-10-31
2007-05-16 00:00:00+00:00,22.841217041015625,39.650001525878906,40.40999984741211,39.34000015258789,40.0,12233600,MTG,1996-07-19 to 2008-10-31
2007-05-17 00:00:00+00:00,22.5013370513916,39.060001373291016,40.02000045776367,38.900001525878906,39.9900016784668,12818500,MTG,1996-07-19 to 2008-10-31
2007-05-18 00:00:00+00:00,22.87002182006836,39.70000076293945,39.70000076293945,38.93000030517578,39.16999816894531,8022300,MTG,1996-07-19 to 2008-10-31
2007-05-21 00:00:00+00:00,22.979476928710938,39.88999938964844,40.220001220703125,39.5,39.59000015258789,9355300,MTG,1996-07-19 to 2008-10-31
2007-05-22 00:00:00+00:00,22.61078453063965,39.25,39.9900016784668,39.11000061035156,39.810001373291016,10367300,MTG,1996-07-19 to 2008-10-31
2007-05-23 00:00:00+00:00,22.230581283569336,38.59000015258789,39.66999816894531,38.54999923706055,39.540000915527344,10887000,MTG,1996-07-19 to 2008-10-31
2007-05-24 00:00:00+00:00,21.982868194580078,38.15999984741211,38.83000183105469,38.06999969482422,38.70000076293945,12646900,MTG,1996-07-19 to 2008-10-31
2007-05-25 00:00:00+00:00,22.121129989624023,38.400001525878906,38.56999969482422,38.16999816894531,38.31999969482422,8162000,MTG,1996-07-19 to 2008-10-31
2007-05-29 00:00:00+00:00,22.316993713378906,38.7400016784668,38.83000183105469,38.22999954223633,38.22999954223633,7456000,MTG,1996-07-19 to 2008-10-31
2007-05-30 00:00:00+00:00,22.558940887451172,39.15999984741211,39.2599983215332,38.380001068115234,38.38999938964844,6497500,MTG,1996-07-19 to 2008-10-31
2007-05-31 00:00:00+00:00,23.002513885498047,39.93000030517578,40.119998931884766,39.20000076293945,39.25,7827800,MTG,1996-07-19 to 2008-10-31
2007-06-01 00:00:00+00:00,23.376962661743164,40.58000183105469,40.86000061035156,39.040000915527344,39.75,4254600,MTG,1996-07-19 to 2008-10-31
2007-06-04 00:00:00+00:00,23.175338745117188,40.22999954223633,40.59000015258789,39.95000076293945,40.099998474121094,5046700,MTG,1996-07-19 to 2008-10-31
2007-06-05 00:00:00+00:00,23.08316993713379,40.06999969482422,40.22999954223633,39.939998626708984,40.04999923706055,4796300,MTG,1996-07-19 to 2008-10-31
2007-06-06 00:00:00+00:00,22.754806518554688,39.5,40.189998626708984,39.4900016784668,39.9900016784668,5448500,MTG,1996-07-19 to 2008-10-31
2007-06-07 00:00:00+00:00,22.138399124145508,38.43000030517578,39.529998779296875,38.380001068115234,39.0,6599600,MTG,1996-07-19 to 2008-10-31
2007-06-08 00:00:00+00:00,22.55318260192871,39.150001525878906,39.18000030517578,38.4900016784668,38.619998931884766,3820000,MTG,1996-07-19 to 2008-10-31
2007-06-11 00:00:00+00:00,22.530141830444336,39.11000061035156,39.29999923706055,38.56999969482422,38.95000076293945,4718900,MTG,1996-07-19 to 2008-10-31
2007-06-12 00:00:00+00:00,22.409170150756836,38.900001525878906,39.34000015258789,38.779998779296875,38.900001525878906,4767600,MTG,1996-07-19 to 2008-10-31
2007-06-13 00:00:00+00:00,22.617252349853516,39.130001068115234,39.34000015258789,38.93000030517578,39.25,3953600,MTG,1996-07-19 to 2008-10-31
2007-06-14 00:00:00+00:00,22.802209854125977,39.45000076293945,39.77000045776367,39.220001220703125,39.29999923706055,3514600,MTG,1996-07-19 to 2008-10-31
2007-06-15 00:00:00+00:00,22.513208389282227,38.95000076293945,39.81999969482422,38.93000030517578,39.689998626708984,4859400,MTG,1996-07-19 to 2008-10-31
2007-06-18 00:00:00+00:00,22.47852897644043,38.88999938964844,39.02000045776367,38.439998626708984,38.900001525878906,3990000,MTG,1996-07-19 to 2008-10-31
2007-06-19 00:00:00+00:00,22.339807510375977,38.650001525878906,38.900001525878906,38.34000015258789,38.869998931884766,3255300,MTG,1996-07-19 to 2008-10-31
2007-06-20 00:00:00+00:00,22.299335479736328,38.58000183105469,39.209999084472656,38.5,38.54999923706055,4702900,MTG,1996-07-19 to 2008-10-31
2007-06-21 00:00:00+00:00,22.46695899963379,38.869998931884766,38.91999816894531,38.06999969482422,38.349998474121094,4376900,MTG,1996-07-19 to 2008-10-31
2007-06-22 00:00:00+00:00,23.94664764404297,41.43000030517578,43.11000061035156,38.40999984741211,38.849998474121094,22510500,MTG,1996-07-19 to 2008-10-31
2007-06-25 00:00:00+00:00,23.432233810424805,40.540000915527344,41.560001373291016,40.220001220703125,41.25,7489400,MTG,1996-07-19 to 2008-10-31
2007-06-26 00:00:00+00:00,22.88313102722168,39.59000015258789,40.959999084472656,39.4900016784668,40.59000015258789,6585200,MTG,1996-07-19 to 2008-10-31
2007-06-27 00:00:00+00:00,22.651926040649414,39.189998626708984,39.93000030517578,38.52000045776367,39.27000045776367,7459600,MTG,1996-07-19 to 2008-10-31
2007-06-28 00:00:00+00:00,22.92936134338379,39.66999816894531,39.939998626708984,38.869998931884766,39.189998626708984,3942300,MTG,1996-07-19 to 2008-10-31
2007-06-29 00:00:00+00:00,22.992942810058594,39.779998779296875,40.689998626708984,39.529998779296875,39.599998474121094,5535400,MTG,1996-07-19 to 2008-10-31
2007-07-02 00:00:00+00:00,23.0218563079834,39.83000183105469,40.2400016784668,39.59000015258789,40.04999923706055,3704200,MTG,1996-07-19 to 2008-10-31
2007-07-03 00:00:00+00:00,22.750194549560547,39.36000061035156,39.84000015258789,38.86000061035156,39.779998779296875,2283700,MTG,1996-07-19 to 2008-10-31
2007-07-05 00:00:00+00:00,22.98716926574707,39.77000045776367,40.31999969482422,39.20000076293945,39.20000076293945,3667400,MTG,1996-07-19 to 2008-10-31
2007-07-06 00:00:00+00:00,24.270336151123047,41.9900016784668,43.029998779296875,39.220001220703125,39.75,13809600,MTG,1996-07-19 to 2008-10-31
2007-07-09 00:00:00+00:00,24.073808670043945,41.650001525878906,41.88999938964844,40.88999938964844,41.849998474121094,5741200,MTG,1996-07-19 to 2008-10-31
2007-07-10 00:00:00+00:00,23.195247650146484,40.130001068115234,41.119998931884766,40.02000045776367,40.79999923706055,6388500,MTG,1996-07-19 to 2008-10-31
2007-07-11 00:00:00+00:00,23.357086181640625,40.40999984741211,40.630001068115234,39.70000076293945,39.70000076293945,6154700,MTG,1996-07-19 to 2008-10-31
2007-07-12 00:00:00+00:00,22.68660545349121,39.25,40.40999984741211,38.810001373291016,39.47999954223633,13983600,MTG,1996-07-19 to 2008-10-31
2007-07-13 00:00:00+00:00,22.975605010986328,39.75,39.95000076293945,39.060001373291016,39.400001525878906,5925100,MTG,1996-07-19 to 2008-10-31
2007-07-16 00:00:00+00:00,23.201026916503906,40.13999938964844,40.65999984741211,39.61000061035156,39.650001525878906,5535400,MTG,1996-07-19 to 2008-10-31
2007-07-17 00:00:00+00:00,23.137451171875,40.029998779296875,40.56999969482422,39.72999954223633,39.93000030517578,6261200,MTG,1996-07-19 to 2008-10-31
2007-07-18 00:00:00+00:00,24.9061336517334,43.09000015258789,45.5,42.0,45.380001068115234,37889100,MTG,1996-07-19 to 2008-10-31
2007-07-19 00:00:00+00:00,24.507307052612305,42.400001525878906,42.65999984741211,41.75,41.77000045776367,8201600,MTG,1996-07-19 to 2008-10-31
2007-07-20 00:00:00+00:00,24.22986602783203,41.91999816894531,42.7599983215332,41.5099983215332,41.849998474121094,9053600,MTG,1996-07-19 to 2008-10-31
2007-07-23 00:00:00+00:00,24.19518280029297,41.86000061035156,42.29999923706055,41.2599983215332,42.279998779296875,6115000,MTG,1996-07-19 to 2008-10-31
2007-07-24 00:00:00+00:00,23.60563087463379,40.84000015258789,42.18000030517578,40.68000030517578,41.52000045776367,7375500,MTG,1996-07-19 to 2008-10-31
2007-07-25 00:00:00+00:00,23.20681381225586,40.150001525878906,41.13999938964844,39.790000915527344,41.099998474121094,6081100,MTG,1996-07-19 to 2008-10-31
2007-07-26 00:00:00+00:00,21.987220764160156,38.040000915527344,39.66999816894531,36.84000015258789,39.0099983215332,10462500,MTG,1996-07-19 to 2008-10-31
2007-07-27 00:00:00+00:00,21.32829475402832,36.900001525878906,38.29999923706055,36.560001373291016,38.0,8145700,MTG,1996-07-19 to 2008-10-31
2007-07-30 00:00:00+00:00,21.149120330810547,36.59000015258789,37.400001525878906,36.11000061035156,37.25,7534200,MTG,1996-07-19 to 2008-10-31
2007-07-31 00:00:00+00:00,20.848556518554688,36.06999969482422,37.22999954223633,36.06999969482422,36.709999084472656,5857600,MTG,1996-07-19 to 2008-10-31
2007-08-01 00:00:00+00:00,20.57688331604004,35.599998474121094,36.29999923706055,34.83000183105469,36.29999923706055,6623500,MTG,1996-07-19 to 2008-10-31
2007-08-02 00:00:00+00:00,20.784969329833984,35.959999084472656,36.2400016784668,35.40999984741211,35.880001068115234,5517000,MTG,1996-07-19 to 2008-10-31
2007-08-03 00:00:00+00:00,19.47869300842285,33.70000076293945,36.11000061035156,33.61000061035156,35.06999969482422,7211100,MTG,1996-07-19 to 2008-10-31
2007-08-06 00:00:00+00:00,20.1665096282959,34.88999938964844,34.93000030517578,32.310001373291016,34.0,7372100,MTG,1996-07-19 to 2008-10-31
2007-08-07 00:00:00+00:00,19.9988956451416,34.599998474121094,34.880001068115234,33.540000915527344,34.650001525878906,6918200,MTG,1996-07-19 to 2008-10-31
2007-08-08 00:00:00+00:00,20.54221534729004,35.540000915527344,35.709999084472656,33.709999084472656,33.720001220703125,6740200,MTG,1996-07-19 to 2008-10-31
2007-08-09 00:00:00+00:00,19.397777557373047,33.560001373291016,36.709999084472656,32.849998474121094,33.900001525878906,9995500,MTG,1996-07-19 to 2008-10-31
2007-08-10 00:00:00+00:00,19.438228607177734,33.630001068115234,33.900001525878906,32.279998779296875,33.150001525878906,7963300,MTG,1996-07-19 to 2008-10-31
2007-08-13 00:00:00+00:00,19.28216552734375,33.36000061035156,34.63999938964844,33.040000915527344,34.0,4710500,MTG,1996-07-19 to 2008-10-31
2007-08-14 00:00:00+00:00,18.340023040771484,31.729999542236328,33.290000915527344,31.670000076293945,33.2400016784668,6341200,MTG,1996-07-19 to 2008-10-31
2007-08-15 00:00:00+00:00,17.97588539123535,31.100000381469727,33.0,30.700000762939453,31.399999618530273,10782100,MTG,1996-07-19 to 2008-10-31
2007-08-16 00:00:00+00:00,17.53081703186035,30.329999923706055,31.510000228881836,29.1299991607666,30.889999389648438,10655600,MTG,1996-07-19 to 2008-10-31
2007-08-17 00:00:00+00:00,17.866060256958008,30.90999984741211,31.899999618530273,30.43000030517578,31.479999542236328,7813900,MTG,1996-07-19 to 2008-10-31
2007-08-20 00:00:00+00:00,17.767810821533203,30.739999771118164,31.209999084472656,30.469999313354492,30.989999771118164,5906000,MTG,1996-07-19 to 2008-10-31
2007-08-21 00:00:00+00:00,17.7042179107666,30.6299991607666,31.5,30.34000015258789,30.68000030517578,7284600,MTG,1996-07-19 to 2008-10-31
2007-08-22 00:00:00+00:00,17.99323272705078,31.1299991607666,31.3700008392334,30.670000076293945,30.899999618530273,5635500,MTG,1996-07-19 to 2008-10-31
2007-08-23 00:00:00+00:00,17.99323272705078,31.1299991607666,31.81999969482422,30.93000030517578,31.600000381469727,4583100,MTG,1996-07-19 to 2008-10-31
2007-08-24 00:00:00+00:00,18.368919372558594,31.780000686645508,31.84000015258789,30.850000381469727,31.200000762939453,5161300,MTG,1996-07-19 to 2008-10-31
2007-08-27 00:00:00+00:00,18.14927864074707,31.399999618530273,32.279998779296875,31.270000457763672,31.43000030517578,3569700,MTG,1996-07-19 to 2008-10-31
2007-08-28 00:00:00+00:00,17.253381729125977,29.850000381469727,31.25,29.790000915527344,31.25,6100500,MTG,1996-07-19 to 2008-10-31
2007-08-29 00:00:00+00:00,18.31690788269043,31.690000534057617,31.75,30.0,30.100000381469727,4719900,MTG,1996-07-19 to 2008-10-31
2007-08-30 00:00:00+00:00,17.842937469482422,30.8700008392334,31.3799991607666,30.6200008392334,30.989999771118164,4905400,MTG,1996-07-19 to 2008-10-31
2007-08-31 00:00:00+00:00,18.334247589111328,31.719999313354492,32.18000030517578,30.799999237060547,31.350000381469727,6651100,MTG,1996-07-19 to 2008-10-31
2007-09-04 00:00:00+00:00,18.189746856689453,31.469999313354492,31.860000610351562,30.75,31.360000610351562,5392900,MTG,1996-07-19 to 2008-10-31
2007-09-05 00:00:00+00:00,17.669546127319336,30.56999969482422,32.54999923706055,30.399999618530273,31.399999618530273,4827500,MTG,1996-07-19 to 2008-10-31
2007-09-06 00:00:00+00:00,17.842937469482422,30.8700008392334,31.25,30.25,31.0,4288600,MTG,1996-07-19 to 2008-10-31
2007-09-07 00:00:00+00:00,17.201366424560547,29.760000228881836,30.469999313354492,29.270000457763672,30.329999923706055,6899400,MTG,1996-07-19 to 2008-10-31
2007-09-10 00:00:00+00:00,16.883460998535156,29.209999084472656,30.040000915527344,28.510000228881836,29.850000381469727,6934700,MTG,1996-07-19 to 2008-10-31
2007-09-11 00:00:00+00:00,17.1088809967041,29.600000381469727,29.81999969482422,28.829999923706055,29.139999389648438,5484500,MTG,1996-07-19 to 2008-10-31
2007-09-12 00:00:00+00:00,16.73733139038086,28.829999923706055,29.649999618530273,28.700000762939453,29.520000457763672,6466600,MTG,1996-07-19 to 2008-10-31
2007-09-13 00:00:00+00:00,16.981159210205078,29.25,29.739999771118164,28.59000015258789,28.959999084472656,6381400,MTG,1996-07-19 to 2008-10-31
2007-09-14 00:00:00+00:00,17.521068572998047,30.18000030517578,30.649999618530273,28.65999984741211,28.969999313354492,9002200,MTG,1996-07-19 to 2008-10-31
2007-09-17 00:00:00+00:00,17.387548446655273,29.950000762939453,30.299999237060547,29.18000030517578,30.049999237060547,4893600,MTG,1996-07-19 to 2008-10-31
2007-09-18 00:00:00+00:00,18.8331241607666,32.439998626708984,32.70000076293945,30.209999084472656,30.25,8228900,MTG,1996-07-19 to 2008-10-31
2007-09-19 00:00:00+00:00,19.57623291015625,33.720001220703125,34.13999938964844,32.70000076293945,33.459999084472656,8647800,MTG,1996-07-19 to 2008-10-31
2007-09-20 00:00:00+00:00,18.7924747467041,32.369998931884766,33.47999954223633,31.93000030517578,33.400001525878906,5044300,MTG,1996-07-19 to 2008-10-31
2007-09-21 00:00:00+00:00,19.22789192199707,33.119998931884766,33.400001525878906,32.099998474121094,32.54999923706055,10262500,MTG,1996-07-19 to 2008-10-31
2007-09-24 00:00:00+00:00,19.12920570373535,32.95000076293945,33.97999954223633,32.439998626708984,33.40999984741211,5499800,MTG,1996-07-19 to 2008-10-31
2007-09-25 00:00:00+00:00,18.525421142578125,31.90999984741211,32.20000076293945,31.200000762939453,31.93000030517578,6225600,MTG,1996-07-19 to 2008-10-31
2007-09-26 00:00:00+00:00,18.896984100341797,32.54999923706055,32.68000030517578,31.700000762939453,31.850000381469727,4105300,MTG,1996-07-19 to 2008-10-31
2007-09-27 00:00:00+00:00,18.577674865722656,32.0,32.7400016784668,31.860000610351562,32.58000183105469,4984900,MTG,1996-07-19 to 2008-10-31
2007-09-28 00:00:00+00:00,18.763452529907227,32.31999969482422,32.75,32.0,32.119998931884766,3760700,MTG,1996-07-19 to 2008-10-31
2007-10-01 00:00:00+00:00,19.320781707763672,33.279998779296875,33.599998474121094,32.09000015258789,32.31999969482422,5526500,MTG,1996-07-19 to 2008-10-31
2007-10-02 00:00:00+00:00,19.947782516479492,34.36000061035156,34.59000015258789,33.400001525878906,33.599998474121094,5836900,MTG,1996-07-19 to 2008-10-31
2007-10-03 00:00:00+00:00,20.069698333740234,34.56999969482422,35.7599983215332,34.189998626708984,34.38999938964844,5910000,MTG,1996-07-19 to 2008-10-31
2007-10-04 00:00:00+00:00,19.7271728515625,33.97999954223633,35.47999954223633,33.7599983215332,34.970001220703125,4415700,MTG,1996-07-19 to 2008-10-31
2007-10-05 00:00:00+00:00,20.37738609313965,35.099998474121094,35.540000915527344,34.349998474121094,35.15999984741211,6018900,MTG,1996-07-19 to 2008-10-31
2007-10-08 00:00:00+00:00,19.808448791503906,34.119998931884766,35.099998474121094,33.84000015258789,35.04999923706055,4133200,MTG,1996-07-19 to 2008-10-31
2007-10-09 00:00:00+00:00,19.750396728515625,34.02000045776367,34.290000915527344,32.900001525878906,34.15999984741211,5088300,MTG,1996-07-19 to 2008-10-31
2007-10-10 00:00:00+00:00,20.029054641723633,34.5,34.7599983215332,33.619998931884766,34.119998931884766,3389600,MTG,1996-07-19 to 2008-10-31
2007-10-11 00:00:00+00:00,19.645891189575195,33.84000015258789,35.47999954223633,33.369998931884766,34.0,7208300,MTG,1996-07-19 to 2008-10-31
2007-10-12 00:00:00+00:00,19.187253952026367,33.04999923706055,34.25,32.810001373291016,34.099998474121094,4359800,MTG,1996-07-19 to 2008-10-31
2007-10-15 00:00:00+00:00,18.780868530273438,32.349998474121094,33.22999954223633,31.950000762939453,33.029998779296875,5331500,MTG,1996-07-19 to 2008-10-31
2007-10-16 00:00:00+00:00,18.380287170410156,31.65999984741211,32.22999954223633,30.84000015258789,32.22999954223633,4954400,MTG,1996-07-19 to 2008-10-31
2007-10-17 00:00:00+00:00,18.438339233398438,31.760000228881836,32.349998474121094,31.219999313354492,31.959999084472656,4105800,MTG,1996-07-19 to 2008-10-31
2007-10-18 00:00:00+00:00,18.217731475830078,31.3799991607666,31.649999618530273,30.420000076293945,31.649999618530273,5249600,MTG,1996-07-19 to 2008-10-31
2007-10-19 00:00:00+00:00,17.555906295776367,30.239999771118164,31.600000381469727,29.959999084472656,31.299999237060547,6034800,MTG,1996-07-19 to 2008-10-31
2007-10-22 00:00:00+00:00,17.968093872070312,30.950000762939453,31.549999237060547,29.84000015258789,29.84000015258789,6006800,MTG,1996-07-19 to 2008-10-31
2007-10-23 00:00:00+00:00,18.14226722717285,31.25,31.459999084472656,30.360000610351562,31.260000228881836,4825300,MTG,1996-07-19 to 2008-10-31
2007-10-24 00:00:00+00:00,18.28740119934082,31.5,31.75,30.729999542236328,31.31999969482422,4917500,MTG,1996-07-19 to 2008-10-31
2007-10-25 00:00:00+00:00,18.844730377197266,32.459999084472656,32.75,31.309999465942383,32.029998779296875,5103500,MTG,1996-07-19 to 2008-10-31
2007-10-26 00:00:00+00:00,19.158231735229492,33.0,33.20000076293945,31.68000030517578,31.889999389648438,5061200,MTG,1996-07-19 to 2008-10-31
2007-10-29 00:00:00+00:00,19.402061462402344,33.41999816894531,33.7599983215332,32.779998779296875,33.06999969482422,4170100,MTG,1996-07-19 to 2008-10-31
2007-10-30 00:00:00+00:00,18.757652282714844,32.310001373291016,33.4900016784668,32.20000076293945,33.41999816894531,5275100,MTG,1996-07-19 to 2008-10-31
2007-10-31 00:00:00+00:00,18.595094680786133,32.029998779296875,32.47999954223633,31.290000915527344,32.47999954223633,4309800,MTG,1996-07-19 to 2008-10-31
2007-11-01 00:00:00+00:00,18.310625076293945,31.540000915527344,32.560001373291016,31.309999465942383,31.549999237060547,5562900,MTG,1996-07-19 to 2008-10-31
2007-11-02 00:00:00+00:00,18.060993194580078,31.110000610351562,31.950000762939453,30.790000915527344,31.889999389648438,8718600,MTG,1996-07-19 to 2008-10-31
2007-11-05 00:00:00+00:00,17.822954177856445,30.700000762939453,32.56999969482422,30.389999389648438,30.799999237060547,6205300,MTG,1996-07-19 to 2008-10-31
2007-11-06 00:00:00+00:00,17.712656021118164,30.510000228881836,31.200000762939453,30.09000015258789,30.719999313354492,5616500,MTG,1996-07-19 to 2008-10-31
2007-11-07 00:00:00+00:00,17.364316940307617,29.90999984741211,30.84000015258789,29.75,30.0,7811400,MTG,1996-07-19 to 2008-10-31
2007-11-08 00:00:00+00:00,17.352703094482422,29.889999389648438,30.540000915527344,28.270000457763672,30.5,7427700,MTG,1996-07-19 to 2008-10-31
2007-11-09 00:00:00+00:00,16.539939880371094,28.489999771118164,29.299999237060547,28.299999237060547,29.280000686645508,6348500,MTG,1996-07-19 to 2008-10-31
2007-11-12 00:00:00+00:00,16.690879821777344,28.75,29.940000534057617,28.450000762939453,28.739999771118164,8082300,MTG,1996-07-19 to 2008-10-31
2007-11-13 00:00:00+00:00,17.793928146362305,30.649999618530273,31.149999618530273,29.3799991607666,29.3799991607666,8757400,MTG,1996-07-19 to 2008-10-31
2007-11-14 00:00:00+00:00,16.528331756591797,28.469999313354492,31.600000381469727,28.190000534057617,31.549999237060547,11633600,MTG,1996-07-19 to 2008-10-31
2007-11-15 00:00:00+00:00,16.574766159057617,28.549999237060547,29.09000015258789,28.0,28.149999618530273,5593200,MTG,1996-07-19 to 2008-10-31
2007-11-16 00:00:00+00:00,16.44124412536621,28.31999969482422,28.700000762939453,27.5,28.700000762939453,6280200,MTG,1996-07-19 to 2008-10-31
2007-11-19 00:00:00+00:00,15.849080085754395,27.299999237060547,28.329999923706055,27.18000030517578,28.329999923706055,6274300,MTG,1996-07-19 to 2008-10-31
2007-11-20 00:00:00+00:00,16.516712188720703,28.450000762939453,29.209999084472656,27.299999237060547,27.59000015258789,9505500,MTG,1996-07-19 to 2008-10-31
2007-11-21 00:00:00+00:00,16.545743942260742,28.5,29.15999984741211,27.65999984741211,27.920000076293945,5065300,MTG,1996-07-19 to 2008-10-31
2007-11-23 00:00:00+00:00,17.433990478515625,30.030000686645508,30.18000030517578,28.639999389648438,29.34000015258789,4112500,MTG,1996-07-19 to 2008-10-31
2007-11-26 00:00:00+00:00,16.37738037109375,28.209999084472656,30.420000076293945,28.18000030517578,30.290000915527344,8731600,MTG,1996-07-19 to 2008-10-31
2007-11-27 00:00:00+00:00,16.557355880737305,28.520000457763672,29.360000610351562,27.81999969482422,28.219999313354492,6826200,MTG,1996-07-19 to 2008-10-31
2007-11-28 00:00:00+00:00,17.306270599365234,29.809999465942383,30.450000762939453,28.75,28.899999618530273,8942700,MTG,1996-07-19 to 2008-10-31
2007-11-29 00:00:00+00:00,17.01017951965332,29.299999237060547,29.90999984741211,28.989999771118164,29.639999389648438,5508400,MTG,1996-07-19 to 2008-10-31
2007-11-30 00:00:00+00:00,17.213376998901367,29.649999618530273,30.6200008392334,29.510000228881836,29.940000534057617,7413400,MTG,1996-07-19 to 2008-10-31
2007-12-03 00:00:00+00:00,17.265625,29.739999771118164,30.600000381469727,29.31999969482422,29.690000534057617,4992600,MTG,1996-07-19 to 2008-10-31
2007-12-04 00:00:00+00:00,17.759098052978516,30.59000015258789,30.790000915527344,29.290000915527344,29.5,5839700,MTG,1996-07-19 to 2008-10-31
2007-12-05 00:00:00+00:00,18.119043350219727,31.209999084472656,31.549999237060547,30.399999618530273,31.09000015258789,7635800,MTG,1996-07-19 to 2008-10-31
2007-12-06 00:00:00+00:00,17.306270599365234,29.809999465942383,31.0,29.579999923706055,31.0,9222100,MTG,1996-07-19 to 2008-10-31
2007-12-07 00:00:00+00:00,17.712656021118164,30.510000228881836,30.760000228881836,29.6299991607666,30.0,5677800,MTG,1996-07-19 to 2008-10-31
2007-12-10 00:00:00+00:00,17.648794174194336,30.399999618530273,30.719999313354492,29.950000762939453,30.719999313354492,3047500,MTG,1996-07-19 to 2008-10-31
2007-12-11 00:00:00+00:00,16.888273239135742,29.09000015258789,31.290000915527344,28.969999313354492,30.399999618530273,7283400,MTG,1996-07-19 to 2008-10-31
2007-12-12 00:00:00+00:00,16.759971618652344,28.739999771118164,30.399999618530273,28.43000030517578,29.959999084472656,6789700,MTG,1996-07-19 to 2008-10-31
2007-12-13 00:00:00+00:00,16.695829391479492,28.6299991607666,29.079999923706055,27.860000610351562,28.420000076293945,4199900,MTG,1996-07-19 to 2008-10-31
2007-12-14 00:00:00+00:00,16.194311141967773,27.770000457763672,28.649999618530273,27.6200008392334,28.3799991607666,4369400,MTG,1996-07-19 to 2008-10-31
2007-12-17 00:00:00+00:00,16.048519134521484,27.520000457763672,28.190000534057617,27.200000762939453,27.860000610351562,5028000,MTG,1996-07-19 to 2008-10-31
2007-12-18 00:00:00+00:00,16.188478469848633,27.760000228881836,28.0,27.0,27.969999313354492,3692300,MTG,1996-07-19 to 2008-10-31
2007-12-19 00:00:00+00:00,15.570334434509277,26.700000762939453,27.969999313354492,26.399999618530273,27.969999313354492,5536700,MTG,1996-07-19 to 2008-10-31
2007-12-20 00:00:00+00:00,15.202942848205566,26.06999969482422,27.15999984741211,25.579999923706055,27.15999984741211,6731500,MTG,1996-07-19 to 2008-10-31
2007-12-21 00:00:00+00:00,15.477025032043457,26.540000915527344,26.770000457763672,26.040000915527344,26.649999618530273,6043000,MTG,1996-07-19 to 2008-10-31
2007-12-24 00:00:00+00:00,15.751114845275879,27.010000228881836,27.329999923706055,26.149999618530273,26.559999465942383,2691200,MTG,1996-07-19 to 2008-10-31
2007-12-26 00:00:00+00:00,15.13296127319336,25.950000762939453,26.75,25.25,26.75,6154400,MTG,1996-07-19 to 2008-10-31
2007-12-27 00:00:00+00:00,14.602293968200684,25.040000915527344,25.920000076293945,24.950000762939453,25.56999969482422,5516300,MTG,1996-07-19 to 2008-10-31
2007-12-28 00:00:00+00:00,14.858880996704102,25.479999542236328,25.6299991607666,24.700000762939453,24.950000762939453,6835800,MTG,1996-07-19 to 2008-10-31
2007-12-31 00:00:00+00:00,15.086313247680664,25.8700008392334,26.100000381469727,25.260000228881836,25.260000228881836,6482500,MTG,1996-07-19 to 2008-10-31
2008-01-02 00:00:00+00:00,14.573127746582031,24.989999771118164,25.889999389648438,24.889999389648438,25.8799991607666,5248000,MTG,1996-07-19 to 2008-10-31
2008-01-03 00:00:00+00:00,13.745044708251953,23.56999969482422,25.420000076293945,23.34000015258789,25.420000076293945,9448200,MTG,1996-07-19 to 2008-10-31
2008-01-04 00:00:00+00:00,13.062751770019531,22.399999618530273,23.100000381469727,21.799999237060547,23.059999465942383,14132200,MTG,1996-07-19 to 2008-10-31
2008-01-07 00:00:00+00:00,13.331003189086914,22.860000610351562,22.969999313354492,22.079999923706055,22.43000030517578,8313500,MTG,1996-07-19 to 2008-10-31
2008-01-08 00:00:00+00:00,12.724516868591309,21.81999969482422,23.25,21.709999084472656,23.09000015258789,8257900,MTG,1996-07-19 to 2008-10-31
2008-01-09 00:00:00+00:00,13.220202445983887,22.670000076293945,22.75,20.950000762939453,21.719999313354492,11469900,MTG,1996-07-19 to 2008-10-31
2008-01-10 00:00:00+00:00,13.179384231567383,22.600000381469727,23.399999618530273,21.809999465942383,22.299999237060547,17711600,MTG,1996-07-19 to 2008-10-31
2008-01-11 00:00:00+00:00,12.427104949951172,21.309999465942383,22.440000534057617,20.940000534057617,22.229999542236328,10299600,MTG,1996-07-19 to 2008-10-31
2008-01-14 00:00:00+00:00,12.823657989501953,21.989999771118164,22.079999923706055,21.34000015258789,21.43000030517578,7360700,MTG,1996-07-19 to 2008-10-31
2008-01-15 00:00:00+00:00,12.62537956237793,21.649999618530273,21.829999923706055,21.15999984741211,21.809999465942383,10569500,MTG,1996-07-19 to 2008-10-31
2008-01-16 00:00:00+00:00,13.115235328674316,22.489999771118164,23.06999969482422,21.239999771118164,21.290000915527344,10779400,MTG,1996-07-19 to 2008-10-31
2008-01-17 00:00:00+00:00,13.191044807434082,22.6200008392334,23.059999465942383,22.0,22.5,11224400,MTG,1996-07-19 to 2008-10-31
2008-01-18 00:00:00+00:00,13.441802024841309,23.049999237060547,23.6200008392334,22.479999542236328,23.399999618530273,12184000,MTG,1996-07-19 to 2008-10-31
2008-01-22 00:00:00+00:00,14.170757293701172,24.299999237060547,24.59000015258789,21.969999313354492,22.469999313354492,15184400,MTG,1996-07-19 to 2008-10-31
2008-01-23 00:00:00+00:00,14.818053245544434,25.40999984741211,25.690000534057617,23.530000686645508,23.530000686645508,20399900,MTG,1996-07-19 to 2008-10-31
2008-01-24 00:00:00+00:00,14.800559997558594,25.3799991607666,25.889999389648438,25.100000381469727,25.610000610351562,10264100,MTG,1996-07-19 to 2008-10-31
2008-01-25 00:00:00+00:00,14.549805641174316,24.950000762939453,25.959999084472656,24.719999313354492,25.309999465942383,12030300,MTG,1996-07-19 to 2008-10-31
2008-01-28 00:00:00+00:00,14.987171173095703,25.700000762939453,25.739999771118164,24.290000915527344,24.940000534057617,8646700,MTG,1996-07-19 to 2008-10-31
2008-01-29 00:00:00+00:00,15.512008666992188,26.600000381469727,26.68000030517578,25.459999084472656,25.459999084472656,8891100,MTG,1996-07-19 to 2008-10-31
2008-01-30 00:00:00+00:00,15.5878267288208,26.729999542236328,27.600000381469727,26.100000381469727,26.81999969482422,9227000,MTG,1996-07-19 to 2008-10-31
2008-01-31 00:00:00+00:00,16.106836318969727,27.6200008392334,28.329999923706055,25.59000015258789,26.40999984741211,12879200,MTG,1996-07-19 to 2008-10-31
2008-02-01 00:00:00+00:00,16.328439712524414,28.0,28.170000076293945,27.200000762939453,27.3799991607666,11469400,MTG,1996-07-19 to 2008-10-31
2008-02-04 00:00:00+00:00,15.76860237121582,27.040000915527344,28.469999313354492,26.420000076293945,28.469999313354492,8726600,MTG,1996-07-19 to 2008-10-31
2008-02-05 00:00:00+00:00,14.637275695800781,25.100000381469727,27.290000915527344,25.079999923706055,26.770000457763672,11576000,MTG,1996-07-19 to 2008-10-31
2008-02-06 00:00:00+00:00,13.960813522338867,23.940000534057617,26.899999618530273,23.579999923706055,25.190000534057617,23749200,MTG,1996-07-19 to 2008-10-31
2008-02-07 00:00:00+00:00,14.643107414245605,25.110000610351562,25.219999313354492,23.34000015258789,23.360000610351562,15018900,MTG,1996-07-19 to 2008-10-31
2008-02-08 00:00:00+00:00,14.112438201904297,24.200000762939453,25.450000762939453,24.040000915527344,24.68000030517578,8040900,MTG,1996-07-19 to 2008-10-31
2008-02-11 00:00:00+00:00,14.61977767944336,25.06999969482422,25.15999984741211,23.399999618530273,24.010000228881836,8961300,MTG,1996-07-19 to 2008-10-31
2008-02-12 00:00:00+00:00,14.456502914428711,24.790000915527344,26.530000686645508,24.489999771118164,25.1200008392334,9844500,MTG,1996-07-19 to 2008-10-31
2008-02-13 00:00:00+00:00,14.246561050415039,24.43000030517578,25.280000686645508,24.0,25.15999984741211,8224800,MTG,1996-07-19 to 2008-10-31
2008-02-14 00:00:00+00:00,14.054123878479004,24.100000381469727,24.3799991607666,23.719999313354492,24.3799991607666,7349500,MTG,1996-07-19 to 2008-10-31
2008-02-15 00:00:00+00:00,14.800559997558594,25.3799991607666,25.799999237060547,23.780000686645508,24.06999969482422,16064300,MTG,1996-07-19 to 2008-10-31
2008-02-19 00:00:00+00:00,14.293212890625,24.510000228881836,25.610000610351562,24.3799991607666,25.510000228881836,6164900,MTG,1996-07-19 to 2008-10-31
2008-02-20 00:00:00+00:00,14.538135528564453,24.93000030517578,25.270000457763672,24.079999923706055,24.3799991607666,5516800,MTG,1996-07-19 to 2008-10-31
2008-02-21 00:00:00+00:00,14.374859809875488,24.649999618530273,25.700000762939453,24.520000457763672,24.75,5915100,MTG,1996-07-19 to 2008-10-31
2008-02-22 00:00:00+00:00,14.357361793518066,24.6200008392334,24.8799991607666,24.110000610351562,24.68000030517578,5669900,MTG,1996-07-19 to 2008-10-31
2008-02-25 00:00:00+00:00,14.439004898071289,24.760000228881836,24.950000762939453,24.09000015258789,24.6200008392334,7676800,MTG,1996-07-19 to 2008-10-31
2008-02-26 00:00:00+00:00,15.465367317199707,26.520000457763672,26.760000228881836,25.06999969482422,25.530000686645508,15312300,MTG,1996-07-19 to 2008-10-31
2008-02-27 00:00:00+00:00,15.482856750488281,26.549999237060547,26.770000457763672,25.969999313354492,26.489999771118164,5495500,MTG,1996-07-19 to 2008-10-31
2008-02-28 00:00:00+00:00,14.888039588928223,25.530000686645508,26.549999237060547,25.3799991607666,26.5,4540600,MTG,1996-07-19 to 2008-10-31
2008-02-29 00:00:00+00:00,14.392353057861328,24.68000030517578,25.68000030517578,24.559999465942383,25.489999771118164,5734000,MTG,1996-07-19 to 2008-10-31
2008-03-03 00:00:00+00:00,14.421514511108398,24.729999542236328,25.09000015258789,24.010000228881836,24.729999542236328,3804200,MTG,1996-07-19 to 2008-10-31
2008-03-04 00:00:00+00:00,14.695592880249023,25.200000762939453,25.40999984741211,24.40999984741211,24.639999389648438,7235300,MTG,1996-07-19 to 2008-10-31
2008-03-05 00:00:00+00:00,14.742247581481934,25.280000686645508,26.200000762939453,24.989999771118164,25.200000762939453,5441700,MTG,1996-07-19 to 2008-10-31
2008-03-06 00:00:00+00:00,13.739213943481445,23.559999465942383,25.010000228881836,23.520000457763672,24.709999084472656,5786200,MTG,1996-07-19 to 2008-10-31
2008-03-07 00:00:00+00:00,13.651738166809082,23.40999984741211,24.5,23.06999969482422,23.360000610351562,6886200,MTG,1996-07-19 to 2008-10-31
2008-03-10 00:00:00+00:00,13.5642671585083,23.260000228881836,24.09000015258789,23.1200008392334,23.209999084472656,4883100,MTG,1996-07-19 to 2008-10-31
2008-03-11 00:00:00+00:00,14.059947967529297,24.110000610351562,24.540000915527344,22.979999542236328,24.3700008392334,6800900,MTG,1996-07-19 to 2008-10-31
2008-03-12 00:00:00+00:00,13.602619171142578,23.200000762939453,24.3700008392334,23.1299991607666,24.1299991607666,5202700,MTG,1996-07-19 to 2008-10-31
2008-03-13 00:00:00+00:00,13.637803077697754,23.260000228881836,23.350000381469727,21.469999313354492,22.860000610351562,7200900,MTG,1996-07-19 to 2008-10-31
2008-03-14 00:00:00+00:00,13.209786415100098,22.530000686645508,23.670000076293945,22.149999618530273,23.239999771118164,7386600,MTG,1996-07-19 to 2008-10-31
2008-03-17 00:00:00+00:00,12.62933349609375,21.540000915527344,22.25,21.010000228881836,22.0,8704100,MTG,1996-07-19 to 2008-10-31
2008-03-18 00:00:00+00:00,13.286014556884766,22.65999984741211,22.75,21.709999084472656,21.850000381469727,5484300,MTG,1996-07-19 to 2008-10-31
2008-03-19 00:00:00+00:00,13.620206832885742,23.229999542236328,23.860000610351562,22.579999923706055,22.6299991607666,8340800,MTG,1996-07-19 to 2008-10-31
2008-03-20 00:00:00+00:00,14.570052146911621,24.850000381469727,25.06999969482422,23.25,23.280000686645508,7350600,MTG,1996-07-19 to 2008-10-31
2008-03-24 00:00:00+00:00,15.4378023147583,26.329999923706055,26.559999465942383,24.8700008392334,25.219999313354492,7322100,MTG,1996-07-19 to 2008-10-31
2008-03-25 00:00:00+00:00,14.96288776397705,25.520000457763672,26.149999618530273,25.079999923706055,26.010000228881836,5009800,MTG,1996-07-19 to 2008-10-31
2008-03-26 00:00:00+00:00,14.17136001586914,24.170000076293945,25.3799991607666,24.079999923706055,25.309999465942383,5843000,MTG,1996-07-19 to 2008-10-31
2008-03-27 00:00:00+00:00,13.69643497467041,23.360000610351562,24.549999237060547,23.360000610351562,24.229999542236328,5143600,MTG,1996-07-19 to 2008-10-31
2008-03-28 00:00:00+00:00,12.881447792053223,21.969999313354492,23.190000534057617,21.90999984741211,21.979999542236328,11213200,MTG,1996-07-19 to 2008-10-31
2008-03-31 00:00:00+00:00,13.52053165435791,23.059999465942383,23.229999542236328,21.520000457763672,21.989999771118164,8256200,MTG,1996-07-19 to 2008-10-31
2008-04-01 00:00:00+00:00,14.464512825012207,24.670000076293945,24.670000076293945,23.18000030517578,23.280000686645508,7247800,MTG,1996-07-19 to 2008-10-31
2008-04-02 00:00:00+00:00,14.452790260314941,24.649999618530273,25.510000228881836,23.899999618530273,24.5,7773200,MTG,1996-07-19 to 2008-10-31
2008-04-03 00:00:00+00:00,14.341390609741211,24.459999084472656,24.700000762939453,23.969999313354492,24.309999465942383,4187800,MTG,1996-07-19 to 2008-10-31
2008-04-04 00:00:00+00:00,14.024768829345703,23.920000076293945,24.479999542236328,23.780000686645508,24.200000762939453,4378400,MTG,1996-07-19 to 2008-10-31
2008-04-07 00:00:00+00:00,14.001317977905273,23.8799991607666,24.420000076293945,23.579999923706055,24.18000030517578,4072200,MTG,1996-07-19 to 2008-10-31
2008-04-08 00:00:00+00:00,14.177212715148926,24.18000030517578,24.34000015258789,23.700000762939453,23.8799991607666,4325700,MTG,1996-07-19 to 2008-10-31
2008-04-09 00:00:00+00:00,13.60848331451416,23.209999084472656,24.420000076293945,22.90999984741211,24.18000030517578,6657000,MTG,1996-07-19 to 2008-10-31
2008-04-10 00:00:00+00:00,13.854740142822266,23.6299991607666,24.040000915527344,22.950000762939453,23.020000457763672,6154300,MTG,1996-07-19 to 2008-10-31
2008-04-11 00:00:00+00:00,13.555716514587402,23.1200008392334,23.559999465942383,22.889999389648438,23.149999618530273,3989000,MTG,1996-07-19 to 2008-10-31
2008-04-14 00:00:00+00:00,13.356369972229004,22.780000686645508,23.190000534057617,22.639999389648438,23.1299991607666,3333600,MTG,1996-07-19 to 2008-10-31
2008-04-15 00:00:00+00:00,13.473627090454102,22.979999542236328,23.06999969482422,22.399999618530273,23.06999969482422,3608400,MTG,1996-07-19 to 2008-10-31
2008-04-16 00:00:00+00:00,13.15701961517334,22.440000534057617,22.799999237060547,22.25,22.479999542236328,5923400,MTG,1996-07-19 to 2008-10-31
2008-04-17 00:00:00+00:00,13.303595542907715,22.690000534057617,22.780000686645508,22.110000610351562,22.219999313354492,3696900,MTG,1996-07-19 to 2008-10-31
2008-04-18 00:00:00+00:00,13.907506942749023,23.719999313354492,24.09000015258789,23.110000610351562,23.110000610351562,4202200,MTG,1996-07-19 to 2008-10-31
2008-04-21 00:00:00+00:00,14.07754135131836,24.010000228881836,24.09000015258789,23.299999237060547,23.389999389648438,3809400,MTG,1996-07-19 to 2008-10-31
2008-04-22 00:00:00+00:00,13.678842544555664,23.329999923706055,23.979999542236328,23.049999237060547,23.979999542236328,4664000,MTG,1996-07-19 to 2008-10-31
2008-04-23 00:00:00+00:00,13.602619171142578,23.200000762939453,23.639999389648438,22.979999542236328,23.290000915527344,4598400,MTG,1996-07-19 to 2008-10-31
2008-04-24 00:00:00+00:00,14.28275203704834,24.360000610351562,24.690000534057617,23.3700008392334,23.489999771118164,6591500,MTG,1996-07-19 to 2008-10-31
2008-04-25 00:00:00+00:00,14.992198944091797,25.56999969482422,25.799999237060547,24.5,24.530000686645508,8551000,MTG,1996-07-19 to 2008-10-31
2008-04-28 00:00:00+00:00,14.945295333862305,25.489999771118164,25.809999465942383,25.049999237060547,25.40999984741211,3758300,MTG,1996-07-19 to 2008-10-31
2008-04-29 00:00:00+00:00,15.156371116638184,25.850000381469727,26.010000228881836,25.200000762939453,25.56999969482422,3595000,MTG,1996-07-19 to 2008-10-31
2008-04-30 00:00:00+00:00,14.82802963256836,25.290000915527344,26.360000610351562,25.170000076293945,26.0,5667300,MTG,1996-07-19 to 2008-10-31
2008-05-01 00:00:00+00:00,15.420214653015137,26.299999237060547,26.489999771118164,24.389999389648438,25.229999542236328,7152900,MTG,1996-07-19 to 2008-10-31
2008-05-02 00:00:00+00:00,15.420214653015137,26.299999237060547,27.079999923706055,26.059999465942383,26.510000228881836,5940400,MTG,1996-07-19 to 2008-10-31
2008-05-05 00:00:00+00:00,14.710762023925781,25.09000015258789,26.299999237060547,25.0,26.299999237060547,5708600,MTG,1996-07-19 to 2008-10-31
2008-05-06 00:00:00+00:00,14.880796432495117,25.3799991607666,25.520000457763672,24.6200008392334,24.760000228881836,3683300,MTG,1996-07-19 to 2008-10-31
2008-05-07 00:00:00+00:00,14.499695777893066,24.729999542236328,25.969999313354492,24.639999389648438,25.190000534057617,3638300,MTG,1996-07-19 to 2008-10-31
2008-05-08 00:00:00+00:00,13.995455741882324,23.8700008392334,24.940000534057617,23.670000076293945,24.940000534057617,5653900,MTG,1996-07-19 to 2008-10-31
2008-05-09 00:00:00+00:00,13.60848331451416,23.209999084472656,24.040000915527344,23.040000915527344,23.600000381469727,6583600,MTG,1996-07-19 to 2008-10-31
2008-05-12 00:00:00+00:00,14.054084777832031,23.969999313354492,24.09000015258789,23.0,23.270000457763672,5367000,MTG,1996-07-19 to 2008-10-31
2008-05-13 00:00:00+00:00,14.106854438781738,24.059999465942383,24.389999389648438,23.65999984741211,24.149999618530273,5277100,MTG,1996-07-19 to 2008-10-31
2008-05-14 00:00:00+00:00,14.616950988769531,24.93000030517578,26.100000381469727,24.059999465942383,25.700000762939453,11641200,MTG,1996-07-19 to 2008-10-31
2008-05-15 00:00:00+00:00,14.845622062683105,25.31999969482422,25.420000076293945,24.43000030517578,24.850000381469727,10749300,MTG,1996-07-19 to 2008-10-31
2008-05-16 00:00:00+00:00,14.786988258361816,25.219999313354492,25.420000076293945,24.6299991607666,25.420000076293945,7961400,MTG,1996-07-19 to 2008-10-31
2008-05-19 00:00:00+00:00,14.55245590209961,24.81999969482422,25.489999771118164,24.690000534057617,25.040000915527344,4446900,MTG,1996-07-19 to 2008-10-31
2008-05-20 00:00:00+00:00,14.400018692016602,24.559999465942383,24.709999084472656,24.020000457763672,24.520000457763672,4954300,MTG,1996-07-19 to 2008-10-31
2008-05-21 00:00:00+00:00,13.590898513793945,23.18000030517578,24.68000030517578,23.0,24.540000915527344,7226300,MTG,1996-07-19 to 2008-10-31
2008-05-22 00:00:00+00:00,13.60848331451416,23.209999084472656,23.540000915527344,22.809999465942383,23.18000030517578,4466400,MTG,1996-07-19 to 2008-10-31
2008-05-23 00:00:00+00:00,13.186335563659668,22.489999771118164,23.100000381469727,22.389999389648438,23.040000915527344,4738200,MTG,1996-07-19 to 2008-10-31
2008-05-27 00:00:00+00:00,13.403274536132812,22.860000610351562,23.229999542236328,22.280000686645508,22.520000457763672,6854200,MTG,1996-07-19 to 2008-10-31
2008-05-28 00:00:00+00:00,13.678842544555664,23.329999923706055,23.579999923706055,22.8700008392334,23.09000015258789,5733000,MTG,1996-07-19 to 2008-10-31
2008-05-29 00:00:00+00:00,14.112716674804688,24.06999969482422,24.260000228881836,23.290000915527344,23.389999389648438,4710500,MTG,1996-07-19 to 2008-10-31
2008-05-30 00:00:00+00:00,13.878195762634277,23.670000076293945,23.93000030517578,23.5,23.899999618530273,4871400,MTG,1996-07-19 to 2008-10-31
2008-06-02 00:00:00+00:00,13.379823684692383,22.81999969482422,23.670000076293945,22.6200008392334,23.670000076293945,6294600,MTG,1996-07-19 to 2008-10-31
2008-06-03 00:00:00+00:00,13.403274536132812,22.860000610351562,23.139999389648438,22.65999984741211,22.989999771118164,7573100,MTG,1996-07-19 to 2008-10-31
2008-06-04 00:00:00+00:00,13.15701961517334,22.440000534057617,22.940000534057617,22.239999771118164,22.739999771118164,8581000,MTG,1996-07-19 to 2008-10-31
2008-06-05 00:00:00+00:00,13.678842544555664,23.329999923706055,23.350000381469727,22.5,22.540000915527344,6664800,MTG,1996-07-19 to 2008-10-31
2008-06-06 00:00:00+00:00,13.04561710357666,22.25,23.34000015258789,22.059999465942383,22.760000228881836,7125400,MTG,1996-07-19 to 2008-10-31
2008-06-09 00:00:00+00:00,12.641054153442383,21.559999465942383,22.549999237060547,21.399999618530273,22.469999313354492,5602700,MTG,1996-07-19 to 2008-10-31
2008-06-10 00:00:00+00:00,12.869723320007324,21.950000762939453,22.079999923706055,21.079999923706055,21.280000686645508,8830900,MTG,1996-07-19 to 2008-10-31
2008-06-11 00:00:00+00:00,12.305191993713379,20.860000610351562,22.040000915527344,20.809999465942383,21.559999465942383,7317600,MTG,1996-07-19 to 2008-10-31
2008-06-12 00:00:00+00:00,12.570645332336426,21.309999465942383,21.770000457763672,20.959999084472656,21.190000534057617,5961500,MTG,1996-07-19 to 2008-10-31
2008-06-13 00:00:00+00:00,13.072054862976074,22.15999984741211,22.170000076293945,21.329999923706055,21.59000015258789,6995900,MTG,1996-07-19 to 2008-10-31
2008-06-16 00:00:00+00:00,13.184141159057617,22.350000381469727,22.600000381469727,21.709999084472656,22.149999618530273,6064600,MTG,1996-07-19 to 2008-10-31
2008-06-17 00:00:00+00:00,13.00716495513916,22.049999237060547,22.75,22.030000686645508,22.610000610351562,3880800,MTG,1996-07-19 to 2008-10-31
2008-06-18 00:00:00+00:00,12.399574279785156,21.020000457763672,21.979999542236328,20.899999618530273,21.889999389648438,7625400,MTG,1996-07-19 to 2008-10-31
2008-06-19 00:00:00+00:00,12.800704002380371,21.700000762939453,21.729999542236328,20.760000228881836,20.860000610351562,6134300,MTG,1996-07-19 to 2008-10-31
2008-06-20 00:00:00+00:00,12.334686279296875,20.90999984741211,21.59000015258789,20.809999465942383,21.59000015258789,7051500,MTG,1996-07-19 to 2008-10-31
2008-06-23 00:00:00+00:00,11.8745698928833,20.1299991607666,21.31999969482422,20.020000457763672,20.889999389648438,5452800,MTG,1996-07-19 to 2008-10-31
2008-06-24 00:00:00+00:00,11.443943977355957,19.399999618530273,20.15999984741211,19.18000030517578,20.0,12493300,MTG,1996-07-19 to 2008-10-31
2008-06-25 00:00:00+00:00,11.809679985046387,20.020000457763672,20.579999923706055,19.40999984741211,19.700000762939453,8966100,MTG,1996-07-19 to 2008-10-31
2008-06-26 00:00:00+00:00,11.491138458251953,19.479999542236328,19.8799991607666,19.360000610351562,19.520000457763672,6629400,MTG,1996-07-19 to 2008-10-31
2008-06-27 00:00:00+00:00,11.52063274383545,19.530000686645508,19.729999542236328,18.940000534057617,19.6200008392334,7527400,MTG,1996-07-19 to 2008-10-31
2008-06-30 00:00:00+00:00,11.455743789672852,19.420000076293945,20.18000030517578,18.979999542236328,19.270000457763672,10008700,MTG,1996-07-19 to 2008-10-31
2008-07-01 00:00:00+00:00,11.414453506469727,19.350000381469727,19.510000228881836,18.649999618530273,19.059999465942383,7268400,MTG,1996-07-19 to 2008-10-31
2008-07-02 00:00:00+00:00,11.107707023620605,18.829999923706055,19.959999084472656,18.670000076293945,19.540000915527344,8880200,MTG,1996-07-19 to 2008-10-31
2008-07-03 00:00:00+00:00,10.913042068481445,18.5,19.229999542236328,18.3799991607666,18.969999313354492,5544600,MTG,1996-07-19 to 2008-10-31
2008-07-07 00:00:00+00:00,10.96023178100586,18.579999923706055,19.190000534057617,18.110000610351562,18.739999771118164,11885600,MTG,1996-07-19 to 2008-10-31
2008-07-08 00:00:00+00:00,11.137199401855469,18.8799991607666,19.110000610351562,18.350000381469727,18.530000686645508,11154500,MTG,1996-07-19 to 2008-10-31
2008-07-09 00:00:00+00:00,10.641694068908691,18.040000915527344,19.149999618530273,17.989999771118164,19.149999618530273,7817800,MTG,1996-07-19 to 2008-10-31
2008-07-10 00:00:00+00:00,9.668367385864258,16.389999389648438,17.950000762939453,16.34000015258789,17.950000762939453,13852700,MTG,1996-07-19 to 2008-10-31
2008-07-11 00:00:00+00:00,9.190549850463867,15.579999923706055,16.239999771118164,14.329999923706055,16.079999923706055,23188200,MTG,1996-07-19 to 2008-10-31
2008-07-14 00:00:00+00:00,9.603477478027344,16.280000686645508,17.149999618530273,15.880000114440918,16.530000686645508,13663500,MTG,1996-07-19 to 2008-10-31
2008-07-15 00:00:00+00:00,9.385215759277344,15.90999984741211,16.559999465942383,15.029999732971191,16.18000030517578,15493300,MTG,1996-07-19 to 2008-10-31
2008-07-16 00:00:00+00:00,10.275958061218262,17.420000076293945,17.639999389648438,15.90999984741211,15.90999984741211,12485400,MTG,1996-07-19 to 2008-10-31
2008-07-17 00:00:00+00:00,10.865850448608398,18.420000076293945,18.549999237060547,16.8799991607666,17.600000381469727,11546900,MTG,1996-07-19 to 2008-10-31
2008-07-18 00:00:00+00:00,10.671187400817871,18.09000015258789,19.149999618530273,17.540000915527344,19.149999618530273,8108200,MTG,1996-07-19 to 2008-10-31
2008-07-21 00:00:00+00:00,10.452925682067871,17.719999313354492,18.5,17.540000915527344,18.200000762939453,4823400,MTG,1996-07-19 to 2008-10-31
2008-07-22 00:00:00+00:00,10.942534446716309,18.549999237060547,18.56999969482422,17.06999969482422,17.600000381469727,6652300,MTG,1996-07-19 to 2008-10-31
2008-07-23 00:00:00+00:00,11.29647445678711,19.149999618530273,19.809999465942383,18.25,18.350000381469727,9560000,MTG,1996-07-19 to 2008-10-31
2008-07-24 00:00:00+00:00,10.800960540771484,18.309999465942383,19.350000381469727,18.229999542236328,19.190000534057617,6082200,MTG,1996-07-19 to 2008-10-31
2008-07-25 00:00:00+00:00,10.659387588500977,18.06999969482422,19.049999237060547,17.979999542236328,18.420000076293945,5015900,MTG,1996-07-19 to 2008-10-31
2008-07-28 00:00:00+00:00,10.388039588928223,17.610000610351562,18.610000610351562,17.510000228881836,18.010000228881836,5548100,MTG,1996-07-19 to 2008-10-31
2008-07-29 00:00:00+00:00,10.96023178100586,18.579999923706055,18.690000534057617,17.520000457763672,17.530000686645508,7428000,MTG,1996-07-19 to 2008-10-31
2008-07-30 00:00:00+00:00,11.17259407043457,18.940000534057617,19.510000228881836,18.40999984741211,18.65999984741211,6440900,MTG,1996-07-19 to 2008-10-31
2008-07-31 00:00:00+00:00,11.09591007232666,18.809999465942383,19.3799991607666,18.34000015258789,18.489999771118164,5697400,MTG,1996-07-19 to 2008-10-31
2008-08-01 00:00:00+00:00,10.718382835388184,18.170000076293945,19.020000457763672,18.06999969482422,19.020000457763672,7083400,MTG,1996-07-19 to 2008-10-31
2008-08-04 00:00:00+00:00,10.553204536437988,17.889999389648438,18.239999771118164,17.59000015258789,18.030000686645508,7293300,MTG,1996-07-19 to 2008-10-31
2008-08-05 00:00:00+00:00,11.497037887573242,19.489999771118164,19.65999984741211,17.989999771118164,17.989999771118164,10621300,MTG,1996-07-19 to 2008-10-31
2008-08-06 00:00:00+00:00,11.609118461608887,19.68000030517578,19.790000915527344,18.889999389648438,19.559999465942383,6275000,MTG,1996-07-19 to 2008-10-31
2008-08-07 00:00:00+00:00,11.160799026489258,18.920000076293945,19.549999237060547,18.489999771118164,19.549999237060547,5705200,MTG,1996-07-19 to 2008-10-31
2008-08-08 00:00:00+00:00,12.228507041931152,20.729999542236328,20.90999984741211,18.540000915527344,18.559999465942383,8293200,MTG,1996-07-19 to 2008-10-31
2008-08-11 00:00:00+00:00,12.77120590209961,21.649999618530273,22.459999084472656,20.559999465942383,20.850000381469727,16694200,MTG,1996-07-19 to 2008-10-31
2008-08-12 00:00:00+00:00,11.957152366638184,20.270000457763672,21.579999923706055,19.8799991607666,21.40999984741211,11716700,MTG,1996-07-19 to 2008-10-31
2008-08-13 00:00:00+00:00,12.187213897705078,20.65999984741211,20.940000534057617,19.360000610351562,19.770000457763672,15380800,MTG,1996-07-19 to 2008-10-31
2008-08-14 00:00:00+00:00,12.517558097839355,21.219999313354492,22.149999618530273,20.440000534057617,20.780000686645508,12676400,MTG,1996-07-19 to 2008-10-31
2008-08-15 00:00:00+00:00,12.676826477050781,21.489999771118164,21.889999389648438,21.0,21.040000915527344,7597200,MTG,1996-07-19 to 2008-10-31
2008-08-18 00:00:00+00:00,12.871495246887207,21.81999969482422,22.329999923706055,21.25,21.68000030517578,9204000,MTG,1996-07-19 to 2008-10-31
2008-08-19 00:00:00+00:00,11.986653327941895,20.31999969482422,21.700000762939453,20.059999465942383,21.260000228881836,9558200,MTG,1996-07-19 to 2008-10-31
2008-08-20 00:00:00+00:00,11.603217124938965,19.670000076293945,20.360000610351562,19.479999542236328,19.799999237060547,10633800,MTG,1996-07-19 to 2008-10-31
2008-08-21 00:00:00+00:00,11.467543601989746,19.440000534057617,19.59000015258789,18.709999084472656,19.229999542236328,7182000,MTG,1996-07-19 to 2008-10-31
2008-08-22 00:00:00+00:00,11.8745698928833,20.1299991607666,20.200000762939453,19.510000228881836,19.68000030517578,5328100,MTG,1996-07-19 to 2008-10-31
2008-08-25 00:00:00+00:00,11.544233322143555,19.56999969482422,20.110000610351562,19.489999771118164,19.8700008392334,4142600,MTG,1996-07-19 to 2008-10-31
2008-08-26 00:00:00+00:00,11.502933502197266,19.5,19.850000381469727,19.049999237060547,19.690000534057617,4846900,MTG,1996-07-19 to 2008-10-31
2008-08-27 00:00:00+00:00,11.615015029907227,19.690000534057617,19.950000762939453,19.229999542236328,19.290000915527344,3589400,MTG,1996-07-19 to 2008-10-31
2008-08-28 00:00:00+00:00,12.181312561035156,20.649999618530273,20.649999618530273,19.829999923706055,19.8799991607666,5591600,MTG,1996-07-19 to 2008-10-31
2008-08-29 00:00:00+00:00,12.281595230102539,20.81999969482422,20.850000381469727,20.219999313354492,20.6299991607666,4997400,MTG,1996-07-19 to 2008-10-31
2008-09-02 00:00:00+00:00,12.753512382507324,21.6200008392334,22.31999969482422,20.969999313354492,20.969999313354492,9246300,MTG,1996-07-19 to 2008-10-31
2008-09-03 00:00:00+00:00,12.912784576416016,21.889999389648438,22.059999465942383,21.1299991607666,21.8700008392334,8083900,MTG,1996-07-19 to 2008-10-31
2008-09-04 00:00:00+00:00,12.204911231994629,20.690000534057617,21.829999923706055,20.670000076293945,21.829999923706055,7505500,MTG,1996-07-19 to 2008-10-31
2008-09-05 00:00:00+00:00,12.434967041015625,21.079999923706055,21.290000915527344,19.81999969482422,20.3799991607666,7913500,MTG,1996-07-19 to 2008-10-31
2008-09-08 00:00:00+00:00,13.201833724975586,22.3799991607666,22.479999542236328,21.5,22.079999923706055,10639200,MTG,1996-07-19 to 2008-10-31
2008-09-09 00:00:00+00:00,12.859692573547363,21.799999237060547,22.959999084472656,21.65999984741211,22.299999237060547,15946500,MTG,1996-07-19 to 2008-10-31
2008-09-10 00:00:00+00:00,12.906883239746094,21.8799991607666,22.209999084472656,21.18000030517578,22.209999084472656,8225000,MTG,1996-07-19 to 2008-10-31
2008-09-11 00:00:00+00:00,12.968013763427734,21.850000381469727,21.90999984741211,21.059999465942383,21.1200008392334,8214100,MTG,1996-07-19 to 2008-10-31
2008-09-12 00:00:00+00:00,12.350772857666016,20.809999465942383,21.639999389648438,20.329999923706055,21.540000915527344,10797200,MTG,1996-07-19 to 2008-10-31
2008-09-15 00:00:00+00:00,11.549545288085938,19.459999084472656,20.920000076293945,19.459999084472656,19.920000076293945,13485600,MTG,1996-07-19 to 2008-10-31
2008-09-16 00:00:00+00:00,11.970934867858887,20.170000076293945,20.479999542236328,18.489999771118164,18.940000534057617,12292000,MTG,1996-07-19 to 2008-10-31
2008-09-17 00:00:00+00:00,11.00946044921875,18.549999237060547,20.270000457763672,18.489999771118164,20.149999618530273,11221000,MTG,1996-07-19 to 2008-10-31
2008-09-18 00:00:00+00:00,11.81662368774414,19.90999984741211,19.989999771118164,17.989999771118164,18.84000015258789,12793100,MTG,1996-07-19 to 2008-10-31
2008-09-19 00:00:00+00:00,11.846302032470703,19.959999084472656,22.739999771118164,19.299999237060547,21.09000015258789,9929100,MTG,1996-07-19 to 2008-10-31
2008-09-22 00:00:00+00:00,10.932305335998535,18.420000076293945,19.81999969482422,18.329999923706055,19.690000534057617,6986800,MTG,1996-07-19 to 2008-10-31
2008-09-23 00:00:00+00:00,10.534656524658203,17.75,18.889999389648438,17.68000030517578,18.440000534057617,8052800,MTG,1996-07-19 to 2008-10-31
2008-09-24 00:00:00+00:00,10.546531677246094,17.770000457763672,18.290000915527344,17.56999969482422,17.799999237060547,7307400,MTG,1996-07-19 to 2008-10-31
2008-09-25 00:00:00+00:00,11.217185974121094,18.899999618530273,19.290000915527344,17.770000457763672,18.030000686645508,10160300,MTG,1996-07-19 to 2008-10-31
2008-09-26 00:00:00+00:00,11.513934135437012,19.399999618530273,19.440000534057617,17.899999618530273,18.3700008392334,7265600,MTG,1996-07-19 to 2008-10-31
2008-09-29 00:00:00+00:00,10.255709648132324,17.280000686645508,19.149999618530273,16.719999313354492,19.149999618530273,11212800,MTG,1996-07-19 to 2008-10-31
2008-09-30 00:00:00+00:00,10.671164512634277,17.979999542236328,18.0,17.170000076293945,17.540000915527344,11167300,MTG,1996-07-19 to 2008-10-31
2008-10-01 00:00:00+00:00,10.273517608642578,17.309999465942383,17.81999969482422,17.059999465942383,17.229999542236328,9767000,MTG,1996-07-19 to 2008-10-31
2008-10-02 00:00:00+00:00,9.620665550231934,16.209999084472656,17.350000381469727,16.030000686645508,17.1200008392334,9597800,MTG,1996-07-19 to 2008-10-31
2008-10-03 00:00:00+00:00,9.015292167663574,15.1899995803833,16.719999313354492,15.010000228881836,16.530000686645508,11176700,MTG,1996-07-19 to 2008-10-31
2008-10-06 00:00:00+00:00,8.890655517578125,14.979999542236328,15.149999618530273,13.859999656677246,14.710000038146973,15507700,MTG,1996-07-19 to 2008-10-31
2008-10-07 00:00:00+00:00,8.130980491638184,13.699999809265137,15.5600004196167,13.699999809265137,15.300000190734863,12922900,MTG,1996-07-19 to 2008-10-31
2008-10-08 00:00:00+00:00,7.929183483123779,13.359999656677246,14.0,12.6899995803833,13.020000457763672,15393900,MTG,1996-07-19 to 2008-10-31
2008-10-09 00:00:00+00:00,6.801532745361328,11.460000038146973,13.680000305175781,11.279999732971191,13.680000305175781,12280800,MTG,1996-07-19 to 2008-10-31
2008-10-10 00:00:00+00:00,5.887538909912109,9.920000076293945,11.460000038146973,9.229999542236328,10.020000457763672,34367800,MTG,1996-07-19 to 2008-10-31
2008-10-13 00:00:00+00:00,6.5522613525390625,11.039999961853027,11.199999809265137,10.020000457763672,11.100000381469727,15311600,MTG,1996-07-19 to 2008-10-31
2008-10-14 00:00:00+00:00,6.2317705154418945,10.5,11.970000267028809,9.979999542236328,11.779999732971191,17841000,MTG,1996-07-19 to 2008-10-31
2008-10-15 00:00:00+00:00,5.139725208282471,8.65999984741211,10.449999809265137,8.59000015258789,10.300000190734863,18003600,MTG,1996-07-19 to 2008-10-31
2008-10-16 00:00:00+00:00,5.964690208435059,10.050000190734863,10.050000190734863,7.650000095367432,9.010000228881836,26119700,MTG,1996-07-19 to 2008-10-31
2008-10-17 00:00:00+00:00,5.840058326721191,9.84000015258789,10.350000381469727,9.779999732971191,10.300000190734863,14357200,MTG,1996-07-19 to 2008-10-31
2008-10-20 00:00:00+00:00,6.374208927154541,10.739999771118164,10.789999961853027,9.899999618530273,9.90999984741211,11624500,MTG,1996-07-19 to 2008-10-31
2008-10-21 00:00:00+00:00,6.047784328460693,10.1899995803833,10.779999732971191,10.119999885559082,10.510000228881836,9525800,MTG,1996-07-19 to 2008-10-31
2008-10-22 00:00:00+00:00,5.418671131134033,9.130000114440918,9.970000267028809,8.649999618530273,9.850000381469727,11142700,MTG,1996-07-19 to 2008-10-31
2008-10-23 00:00:00+00:00,5.70355224609375,9.609999656677246,9.680000305175781,8.609999656677246,9.199999809265137,16379000,MTG,1996-07-19 to 2008-10-31
2008-10-24 00:00:00+00:00,5.335582256317139,8.989999771118164,9.520000457763672,8.6899995803833,8.90999984741211,10464600,MTG,1996-07-19 to 2008-10-31
2008-10-27 00:00:00+00:00,5.294037818908691,8.920000076293945,9.579999923706055,8.720000267028809,8.760000228881836,8344300,MTG,1996-07-19 to 2008-10-31
2008-10-28 00:00:00+00:00,6.13681173324585,10.34000015258789,10.34000015258789,8.869999885559082,9.3100004196167,12401800,MTG,1996-07-19 to 2008-10-31
2008-10-29 00:00:00+00:00,6.546326160430908,11.029999732971191,11.989999771118164,9.75,10.1899995803833,17496400,MTG,1996-07-19 to 2008-10-31
2008-10-30 00:00:00+00:00,6.920230865478516,11.65999984741211,12.0,11.069999694824219,11.5600004196167,15663000,MTG,1996-07-19 to 2008-10-31
