Price,Adj Close,Close,High,Low,Open,Volume,Ticker,Time Frame
Ticker,O,O,O,O,O,O,,
Date,,,,,,,,
2010-03-15 00:00:00+00:00,14.266702651977539,28.38178253173828,28.58527183532715,28.08139419555664,28.313953399658203,656558,OKE_2,2010-03-15 to None
2010-03-16 00:00:00+00:00,14.57357406616211,28.99224853515625,29.089147567749023,28.430233001708984,28.468992233276367,758107,OKE_2,2010-03-15 to None
2010-03-17 00:00:00+00:00,14.714835166931152,29.273256301879883,29.45736312866211,29.031007766723633,29.031007766723633,856044,OKE_2,2010-03-15 to None
2010-03-18 00:00:00+00:00,14.846331596374512,29.534883499145508,29.89341163635254,29.147287368774414,29.166667938232422,1063476,OKE_2,2010-03-15 to None
2010-03-19 00:00:00+00:00,14.59305477142334,29.031007766723633,29.554264068603516,28.740310668945312,29.031007766723633,1448722,OKE_2,2010-03-15 to None
2010-03-22 00:00:00+00:00,14.821980476379395,29.486434936523438,29.534883499145508,28.85658836364746,28.85658836364746,671832,OKE_2,2010-03-15 to None
2010-03-23 00:00:00+00:00,14.719683647155762,29.28294563293457,29.39922523498535,29.069766998291016,29.079456329345703,764299,OKE_2,2010-03-15 to None
2010-03-24 00:00:00+00:00,14.924280166625977,29.689922332763672,30.135658264160156,29.060077667236328,29.060077667236328,1131691,OKE_2,2010-03-15 to None
2010-03-25 00:00:00+00:00,14.865816116333008,29.57364273071289,29.922481536865234,29.534883499145508,29.796512603759766,1038398,OKE_2,2010-03-15 to None
2010-03-26 00:00:00+00:00,14.987590789794922,29.81589126586914,29.89341163635254,29.554264068603516,29.670543670654297,677198,OKE_2,2010-03-15 to None
2010-03-29 00:00:00+00:00,15.02168083190918,29.88372039794922,29.922481536865234,29.65116310119629,29.922481536865234,628798,OKE_2,2010-03-15 to None
2010-03-30 00:00:00+00:00,15.037823677062988,29.777132034301758,29.89341163635254,29.45736312866211,29.718992233276367,578023,OKE_2,2010-03-15 to None
2010-03-31 00:00:00+00:00,15.018263816833496,29.738372802734375,30.222867965698242,29.670543670654297,29.70930290222168,809501,OKE_2,2010-03-15 to None
2010-04-01 00:00:00+00:00,14.895915985107422,29.496124267578125,29.94186019897461,29.244186401367188,29.94186019897461,640975,OKE_2,2010-03-15 to None
2010-04-05 00:00:00+00:00,15.194428443908691,30.087209701538086,30.096899032592773,29.505813598632812,29.718992233276367,526526,OKE_2,2010-03-15 to None
2010-04-06 00:00:00+00:00,15.429315567016602,30.552326202392578,30.833332061767578,29.88372039794922,29.88372039794922,839119,OKE_2,2010-03-15 to None
2010-04-07 00:00:00+00:00,15.522300720214844,30.736434936523438,30.930233001708984,30.494186401367188,30.64922523498535,1242528,OKE_2,2010-03-15 to None
2010-04-08 00:00:00+00:00,15.492936134338379,30.678295135498047,30.794574737548828,30.54263687133789,30.620155334472656,725393,OKE_2,2010-03-15 to None
2010-04-09 00:00:00+00:00,15.536964416503906,30.765504837036133,30.930233001708984,30.523256301879883,30.746124267578125,807953,OKE_2,2010-03-15 to None
2010-04-12 00:00:00+00:00,15.365694046020508,30.42635726928711,30.988372802734375,30.377906799316406,30.988372802734375,489168,OKE_2,2010-03-15 to None
2010-04-13 00:00:00+00:00,15.64952564239502,30.988372802734375,31.094961166381836,30.29069709777832,30.34883689880371,598147,OKE_2,2010-03-15 to None
2010-04-14 00:00:00+00:00,15.923566818237305,31.531007766723633,31.569766998291016,30.910852432250977,31.211240768432617,642317,OKE_2,2010-03-15 to None
2010-04-15 00:00:00+00:00,15.600580215454102,30.8914737701416,31.531007766723633,30.872093200683594,31.49224853515625,798355,OKE_2,2010-03-15 to None
2010-04-16 00:00:00+00:00,15.380383491516113,30.455425262451172,31.220930099487305,30.4069766998291,30.804264068603516,789996,OKE_2,2010-03-15 to None
2010-04-19 00:00:00+00:00,15.41952133178711,30.53294563293457,30.862403869628906,30.12596893310547,30.271318435668945,457589,OKE_2,2010-03-15 to None
2010-04-20 00:00:00+00:00,15.644624710083008,30.978681564331055,31.036821365356445,30.193798065185547,30.59108543395996,585660,OKE_2,2010-03-15 to None
2010-04-21 00:00:00+00:00,15.977399826049805,31.637596130371094,31.83139419555664,30.910852432250977,30.910852432250977,585247,OKE_2,2010-03-15 to None
2010-04-22 00:00:00+00:00,16.2171688079834,32.112403869628906,32.19961166381836,31.288759231567383,31.385658264160156,504132,OKE_2,2010-03-15 to None
2010-04-23 00:00:00+00:00,16.290578842163086,32.25775146484375,32.461238861083984,31.85077476501465,32.112403869628906,683700,OKE_2,2010-03-15 to None
2010-04-26 00:00:00+00:00,16.427589416503906,32.52907180786133,32.906978607177734,32.1705436706543,32.28682327270508,739428,OKE_2,2010-03-15 to None
2010-04-27 00:00:00+00:00,16.094831466674805,31.870155334472656,32.81007766723633,31.85077476501465,32.519378662109375,799903,OKE_2,2010-03-15 to None
2010-04-28 00:00:00+00:00,16.231855392456055,32.14147186279297,32.38372039794922,31.976743698120117,32.122093200683594,850368,OKE_2,2010-03-15 to None
2010-04-29 00:00:00+00:00,16.89680290222168,33.3139533996582,33.468990325927734,31.96705436706543,32.49031066894531,1180918,OKE_2,2010-03-15 to None
2010-04-30 00:00:00+00:00,16.115367889404297,31.773256301879883,33.20736312866211,31.763565063476562,32.635658264160156,1289587,OKE_2,2010-03-15 to None
2010-05-03 00:00:00+00:00,16.17435073852539,31.889535903930664,32.112403869628906,31.104650497436523,31.43410873413086,1005271,OKE_2,2010-03-15 to None
2010-05-04 00:00:00+00:00,15.648472785949707,30.852712631225586,31.802326202392578,30.639535903930664,31.453487396240234,1124467,OKE_2,2010-03-15 to None
2010-05-05 00:00:00+00:00,15.5010404586792,30.562015533447266,30.813953399658203,29.689922332763672,30.193798065185547,1001453,OKE_2,2010-03-15 to None
2010-05-06 00:00:00+00:00,14.753988265991211,29.089147567749023,30.59108543395996,27.538759231567383,30.261627197265625,2057705,OKE_2,2010-03-15 to None
2010-05-07 00:00:00+00:00,14.86212158203125,29.302326202392578,30.087209701538086,28.662790298461914,29.089147567749023,1349856,OKE_2,2010-03-15 to None
2010-05-10 00:00:00+00:00,15.66812801361084,30.8914737701416,30.90116310119629,30.038759231567383,30.12596893310547,1108678,OKE_2,2010-03-15 to None
2010-05-11 00:00:00+00:00,15.908954620361328,31.36627960205078,31.6085262298584,30.59108543395996,30.64922523498535,697116,OKE_2,2010-03-15 to None
2010-05-12 00:00:00+00:00,16.0760555267334,31.695735931396484,31.928295135498047,31.25,31.395349502563477,668323,OKE_2,2010-03-15 to None
2010-05-13 00:00:00+00:00,15.948264122009277,31.443798065185547,31.889535903930664,31.385658264160156,31.72480583190918,604339,OKE_2,2010-03-15 to None
2010-05-14 00:00:00+00:00,15.594413757324219,30.746124267578125,31.37596893310547,30.620155334472656,31.327518463134766,855012,OKE_2,2010-03-15 to None
2010-05-17 00:00:00+00:00,15.496121406555176,30.552326202392578,31.182170867919922,29.912790298461914,30.90116310119629,605371,OKE_2,2010-03-15 to None
2010-05-18 00:00:00+00:00,15.353602409362793,30.271318435668945,31.25,30.24224853515625,30.94961166381836,855425,OKE_2,2010-03-15 to None
2010-05-19 00:00:00+00:00,15.078370094299316,29.728681564331055,30.455425262451172,29.215116500854492,30.038759231567383,976582,OKE_2,2010-03-15 to None
2010-05-20 00:00:00+00:00,14.572148323059082,28.730619430541992,29.554264068603516,28.575580596923828,29.079456329345703,1332828,OKE_2,2010-03-15 to None
2010-05-21 00:00:00+00:00,15.12260627746582,29.81589126586914,29.932170867919922,27.994186401367188,28.3914737701416,1139534,OKE_2,2010-03-15 to None
2010-05-24 00:00:00+00:00,14.906353950500488,29.389535903930664,30.281007766723633,29.360464096069336,30.281007766723633,764712,OKE_2,2010-03-15 to None
2010-05-25 00:00:00+00:00,15.206146240234375,29.980619430541992,30.048450469970703,28.265504837036133,28.662790298461914,906096,OKE_2,2010-03-15 to None
2010-05-26 00:00:00+00:00,15.073447227478027,29.718992233276367,30.910852432250977,29.622093200683594,30.18410873413086,767705,OKE_2,2010-03-15 to None
2010-05-27 00:00:00+00:00,15.77609634399414,30.95930290222168,31.00775146484375,29.94186019897461,30.222867965698242,707849,OKE_2,2010-03-15 to None
2010-05-28 00:00:00+00:00,15.376133918762207,30.174419403076172,30.94961166381836,30.155038833618164,30.852712631225586,592471,OKE_2,2010-03-15 to None
2010-06-01 00:00:00+00:00,15.079879760742188,29.5930233001709,30.30038833618164,29.515504837036133,30.048450469970703,684835,OKE_2,2010-03-15 to None
2010-06-02 00:00:00+00:00,15.494647026062012,30.4069766998291,30.4069766998291,29.428295135498047,29.83527183532715,686074,OKE_2,2010-03-15 to None
2010-06-03 00:00:00+00:00,15.381081581115723,30.18410873413086,30.687984466552734,29.970930099487305,30.687984466552734,362954,OKE_2,2010-03-15 to None
2010-06-04 00:00:00+00:00,14.615720748901367,28.682170867919922,29.970930099487305,28.58527183532715,29.81589126586914,1164818,OKE_2,2010-03-15 to None
2010-06-07 00:00:00+00:00,14.660171508789062,28.769380569458008,29.428295135498047,28.58527183532715,28.701549530029297,498559,OKE_2,2010-03-15 to None
2010-06-08 00:00:00+00:00,14.946561813354492,29.33139419555664,29.428295135498047,28.294574737548828,28.769380569458008,803309,OKE_2,2010-03-15 to None
2010-06-09 00:00:00+00:00,14.976179122924805,29.389535903930664,30.087209701538086,29.205425262451172,29.544574737548828,500830,OKE_2,2010-03-15 to None
2010-06-10 00:00:00+00:00,15.539076805114746,30.494186401367188,30.523256301879883,29.70930290222168,29.912790298461914,671935,OKE_2,2010-03-15 to None
2010-06-11 00:00:00+00:00,15.716843605041504,30.8430233001709,30.8430233001709,30.11627960205078,30.24224853515625,447991,OKE_2,2010-03-15 to None
2010-06-14 00:00:00+00:00,15.924212455749512,31.25,31.385658264160156,30.746124267578125,31.056201934814453,974930,OKE_2,2010-03-15 to None
2010-06-15 00:00:00+00:00,16.309371948242188,32.00581359863281,32.00581359863281,31.182170867919922,31.405038833618164,612492,OKE_2,2010-03-15 to None
2010-06-16 00:00:00+00:00,16.0526123046875,31.501937866210938,32.122093200683594,31.211240768432617,31.279069900512695,622399,OKE_2,2010-03-15 to None
2010-06-17 00:00:00+00:00,16.141477584838867,31.67635726928711,31.734495162963867,31.14341163635254,31.37596893310547,375751,OKE_2,2010-03-15 to None
2010-06-18 00:00:00+00:00,15.845222473144531,31.094961166381836,31.734495162963867,31.046512603759766,31.705425262451172,643452,OKE_2,2010-03-15 to None
2010-06-21 00:00:00+00:00,15.672406196594238,30.755813598632812,31.6569766998291,30.64922523498535,31.36627960205078,517548,OKE_2,2010-03-15 to None
2010-06-22 00:00:00+00:00,15.247763633728027,29.922481536865234,31.075580596923828,29.903100967407227,30.88178253173828,541697,OKE_2,2010-03-15 to None
2010-06-23 00:00:00+00:00,15.311949729919434,30.048450469970703,30.494186401367188,29.70930290222168,29.980619430541992,572966,OKE_2,2010-03-15 to None
2010-06-24 00:00:00+00:00,15.134191513061523,29.69961166381836,30.687984466552734,29.680233001708984,29.94186019897461,1009502,OKE_2,2010-03-15 to None
2010-06-25 00:00:00+00:00,15.731653213500977,30.872093200683594,30.95930290222168,29.796512603759766,30.10658836364746,950988,OKE_2,2010-03-15 to None
2010-06-28 00:00:00+00:00,15.474900245666504,30.36821746826172,31.075580596923828,30.145349502563477,30.755813598632812,700418,OKE_2,2010-03-15 to None
2010-06-29 00:00:00+00:00,15.204059600830078,29.69961166381836,30.222867965698242,29.602712631225586,30.067829132080078,1064714,OKE_2,2010-03-15 to None
2010-06-30 00:00:00+00:00,15.045310974121094,29.389535903930664,30.339147567749023,29.321704864501953,29.718992233276367,763577,OKE_2,2010-03-15 to None
2010-07-01 00:00:00+00:00,14.990740776062012,29.28294563293457,29.476743698120117,28.58527183532715,29.33139419555664,740873,OKE_2,2010-03-15 to None
2010-07-02 00:00:00+00:00,15.03041934967041,29.360464096069336,29.75775146484375,28.99224853515625,29.389535903930664,747271,OKE_2,2010-03-15 to None
2010-07-06 00:00:00+00:00,14.549264907836914,28.420543670654297,29.844961166381836,28.21705436706543,29.738372802734375,1221682,OKE_2,2010-03-15 to None
2010-07-07 00:00:00+00:00,15.407427787780762,30.096899032592773,30.096899032592773,28.546512603759766,28.546512603759766,928078,OKE_2,2010-03-15 to None
2010-07-08 00:00:00+00:00,15.571117401123047,30.416667938232422,30.746124267578125,29.806201934814453,30.484495162963867,540665,OKE_2,2010-03-15 to None
2010-07-09 00:00:00+00:00,15.675296783447266,30.620155334472656,30.687984466552734,30.23255729675293,30.29069709777832,383801,OKE_2,2010-03-15 to None
2010-07-12 00:00:00+00:00,15.561205863952637,30.397287368774414,30.687984466552734,30.222867965698242,30.54263687133789,513110,OKE_2,2010-03-15 to None
2010-07-13 00:00:00+00:00,15.829070091247559,30.920543670654297,31.00775146484375,30.416667938232422,30.620155334472656,726012,OKE_2,2010-03-15 to None
2010-07-14 00:00:00+00:00,15.84394645690918,30.94961166381836,31.13372039794922,30.523256301879883,30.920543670654297,480809,OKE_2,2010-03-15 to None
2010-07-15 00:00:00+00:00,15.794352531433105,30.852712631225586,30.998062133789062,30.397287368774414,30.8914737701416,333646,OKE_2,2010-03-15 to None
2010-07-16 00:00:00+00:00,15.243736267089844,29.777132034301758,30.77519416809082,29.63178253173828,30.736434936523438,827148,OKE_2,2010-03-15 to None
2010-07-19 00:00:00+00:00,15.372702598571777,30.029069900512695,30.24224853515625,29.554264068603516,29.94186019897461,527868,OKE_2,2010-03-15 to None
2010-07-20 00:00:00+00:00,15.501680374145508,30.281007766723633,30.465116500854492,29.476743698120117,29.69961166381836,916106,OKE_2,2010-03-15 to None
2010-07-21 00:00:00+00:00,15.218936920166016,29.728681564331055,30.552326202392578,29.70930290222168,30.552326202392578,676786,OKE_2,2010-03-15 to None
2010-07-22 00:00:00+00:00,15.804274559020996,30.872093200683594,30.95930290222168,30.029069900512695,30.05813980102539,796601,OKE_2,2010-03-15 to None
2010-07-23 00:00:00+00:00,15.9282865524292,31.114341735839844,31.182170867919922,30.24224853515625,30.8430233001709,547682,OKE_2,2010-03-15 to None
2010-07-26 00:00:00+00:00,16.2904052734375,31.821704864501953,31.870155334472656,31.00775146484375,31.01744270324707,723535,OKE_2,2010-03-15 to None
2010-07-27 00:00:00+00:00,16.270557403564453,31.78294563293457,32.14147186279297,31.37596893310547,31.96705436706543,588240,OKE_2,2010-03-15 to None
2010-07-28 00:00:00+00:00,16.171354293823242,31.589147567749023,32.0155029296875,31.327518463134766,31.802326202392578,481944,OKE_2,2010-03-15 to None
2010-07-29 00:00:00+00:00,15.849471092224121,30.82364273071289,31.96705436706543,30.726743698120117,31.753875732421875,511666,OKE_2,2010-03-15 to None
2010-07-30 00:00:00+00:00,15.988991737365723,31.094961166381836,31.298450469970703,30.377906799316406,30.59108543395996,676476,OKE_2,2010-03-15 to None
2010-08-02 00:00:00+00:00,16.517147064208984,32.122093200683594,32.14147186279297,31.48255729675293,31.6085262298584,728489,OKE_2,2010-03-15 to None
2010-08-03 00:00:00+00:00,16.258052825927734,31.61821746826172,32.07364273071289,31.35658836364746,32.0639533996582,452222,OKE_2,2010-03-15 to None
2010-08-04 00:00:00+00:00,16.29790687561035,31.695735931396484,31.889535903930664,31.560077667236328,31.83139419555664,445721,OKE_2,2010-03-15 to None
2010-08-05 00:00:00+00:00,16.08365821838379,31.279069900512695,31.705425262451172,31.259689331054688,31.569766998291016,489168,OKE_2,2010-03-15 to None
2010-08-06 00:00:00+00:00,16.13846778869629,31.385658264160156,31.49224853515625,30.833332061767578,30.833332061767578,509086,OKE_2,2010-03-15 to None
2010-08-09 00:00:00+00:00,16.337759017944336,31.773256301879883,31.870155334472656,31.346899032592773,31.569766998291016,478745,OKE_2,2010-03-15 to None
2010-08-10 00:00:00+00:00,16.30786895751953,31.715116500854492,32.054264068603516,31.463178634643555,31.472867965698242,832514,OKE_2,2010-03-15 to None
2010-08-11 00:00:00+00:00,16.148426055908203,31.405038833618164,31.85077476501465,31.220930099487305,31.230619430541992,1107233,OKE_2,2010-03-15 to None
2010-08-12 00:00:00+00:00,15.924212455749512,30.968992233276367,31.424419403076172,30.910852432250977,31.162790298461914,435814,OKE_2,2010-03-15 to None
2010-08-13 00:00:00+00:00,16.183313369750977,31.472867965698242,31.812015533447266,30.939922332763672,30.95930290222168,670078,OKE_2,2010-03-15 to None
2010-08-16 00:00:00+00:00,16.268016815185547,31.637596130371094,31.812015533447266,31.30813980102539,31.327518463134766,505061,OKE_2,2010-03-15 to None
2010-08-17 00:00:00+00:00,16.457351684570312,32.00581359863281,32.19961166381836,31.647287368774414,31.90891456604004,612286,OKE_2,2010-03-15 to None
2010-08-18 00:00:00+00:00,16.357696533203125,31.812015533447266,32.14147186279297,31.637596130371094,31.870155334472656,333336,OKE_2,2010-03-15 to None
2010-08-19 00:00:00+00:00,16.038818359375,31.19186019897461,32.1705436706543,31.00775146484375,31.976743698120117,738190,OKE_2,2010-03-15 to None
2010-08-20 00:00:00+00:00,15.979022026062012,31.075580596923828,31.36627960205078,30.94961166381836,31.075580596923828,676373,OKE_2,2010-03-15 to None
2010-08-23 00:00:00+00:00,15.939166069030762,30.998062133789062,31.327518463134766,30.94961166381836,31.162790298461914,428796,OKE_2,2010-03-15 to None
2010-08-24 00:00:00+00:00,15.988991737365723,31.094961166381836,31.463178634643555,30.571704864501953,30.697673797607422,637879,OKE_2,2010-03-15 to None
2010-08-25 00:00:00+00:00,16.203229904174805,31.511627197265625,31.627906799316406,30.755813598632812,30.77519416809082,625082,OKE_2,2010-03-15 to None
2010-08-26 00:00:00+00:00,16.133480072021484,31.37596893310547,31.79263687133789,31.337209701538086,31.666667938232422,564298,OKE_2,2010-03-15 to None
2010-08-27 00:00:00+00:00,16.287939071655273,31.67635726928711,31.715116500854492,30.94961166381836,31.695735931396484,729211,OKE_2,2010-03-15 to None
2010-08-30 00:00:00+00:00,16.129802703857422,31.230619430541992,31.695735931396484,31.201549530029297,31.531007766723633,514452,OKE_2,2010-03-15 to None
2010-08-31 00:00:00+00:00,16.309953689575195,31.579456329345703,31.686046600341797,31.056201934814453,31.182170867919922,801245,OKE_2,2010-03-15 to None
2010-09-01 00:00:00+00:00,16.745363235473633,32.422481536865234,32.43217086791992,31.67635726928711,31.879844665527344,1058006,OKE_2,2010-03-15 to None
2010-09-02 00:00:00+00:00,16.905508041381836,32.73255920410156,32.74224853515625,32.20930099487305,32.5,561408,OKE_2,2010-03-15 to None
2010-09-03 00:00:00+00:00,16.905508041381836,32.73255920410156,32.99418640136719,32.461238861083984,32.85852813720703,631790,OKE_2,2010-03-15 to None
2010-09-07 00:00:00+00:00,16.53016471862793,32.00581359863281,32.6550407409668,31.976743698120117,32.519378662109375,674412,OKE_2,2010-03-15 to None
2010-09-08 00:00:00+00:00,16.6002254486084,32.14147186279297,32.296512603759766,32.054264068603516,32.151161193847656,659551,OKE_2,2010-03-15 to None
2010-09-09 00:00:00+00:00,16.480119705200195,31.90891456604004,32.722869873046875,31.90891456604004,32.722869873046875,505474,OKE_2,2010-03-15 to None
2010-09-10 00:00:00+00:00,16.550182342529297,32.04457473754883,32.122093200683594,31.860464096069336,31.889535903930664,385968,OKE_2,2010-03-15 to None
2010-09-13 00:00:00+00:00,16.870468139648438,32.664730072021484,32.68410873413086,32.16085433959961,32.26744079589844,504545,OKE_2,2010-03-15 to None
2010-09-14 00:00:00+00:00,16.99058723449707,32.89728546142578,33.04263687133789,32.47092819213867,32.5484504699707,575650,OKE_2,2010-03-15 to None
2010-09-15 00:00:00+00:00,17.060653686523438,33.0329475402832,33.343021392822266,32.58720779418945,32.761627197265625,521779,OKE_2,2010-03-15 to None
2010-09-16 00:00:00+00:00,16.905508041381836,32.73255920410156,33.11046600341797,32.58720779418945,32.945735931396484,482460,OKE_2,2010-03-15 to None
2010-09-17 00:00:00+00:00,16.98057746887207,32.877906799316406,32.92635726928711,32.44186019897461,32.848838806152344,686693,OKE_2,2010-03-15 to None
2010-09-20 00:00:00+00:00,17.370927810668945,33.63372039794922,33.711238861083984,32.80038833618164,32.906978607177734,665330,OKE_2,2010-03-15 to None
2010-09-21 00:00:00+00:00,17.07567024230957,33.062015533447266,33.63372039794922,33.0329475402832,33.63372039794922,595567,OKE_2,2010-03-15 to None
2010-09-22 00:00:00+00:00,16.930543899536133,32.781009674072266,33.3139533996582,32.761627197265625,33.003875732421875,939430,OKE_2,2010-03-15 to None
2010-09-23 00:00:00+00:00,16.7603759765625,32.4515495300293,32.47092819213867,31.734495162963867,31.860464096069336,5947829,OKE_2,2010-03-15 to None
2010-09-24 00:00:00+00:00,16.92051124572754,32.761627197265625,32.781009674072266,32.1705436706543,32.781009674072266,1793616,OKE_2,2010-03-15 to None
2010-09-27 00:00:00+00:00,16.765378952026367,32.461238861083984,32.75193786621094,32.24806213378906,32.75193786621094,1011876,OKE_2,2010-03-15 to None
2010-09-28 00:00:00+00:00,16.925514221191406,32.77131652832031,32.80038833618164,32.296512603759766,32.47092819213867,1416110,OKE_2,2010-03-15 to None
2010-09-29 00:00:00+00:00,16.977802276611328,32.73255920410156,32.848838806152344,32.5,32.55813980102539,992578,OKE_2,2010-03-15 to None
2010-09-30 00:00:00+00:00,16.947633743286133,32.67441940307617,32.887596130371094,32.3449592590332,32.83914566040039,1362137,OKE_2,2010-03-15 to None
2010-10-01 00:00:00+00:00,17.073278427124023,32.91666793823242,32.91666793823242,32.55813980102539,32.67441940307617,943867,OKE_2,2010-03-15 to None
2010-10-04 00:00:00+00:00,17.188888549804688,33.13953399658203,33.13953399658203,32.68410873413086,32.848838806152344,1128802,OKE_2,2010-03-15 to None
2010-10-05 00:00:00+00:00,17.24919891357422,33.25581359863281,33.33333206176758,32.945735931396484,33.29457473754883,989275,OKE_2,2010-03-15 to None
2010-10-06 00:00:00+00:00,17.254226684570312,33.2655029296875,33.2655029296875,33.05232620239258,33.25581359863281,639221,OKE_2,2010-03-15 to None
2010-10-07 00:00:00+00:00,17.19391441345215,33.14922332763672,33.33333206176758,33.07170486450195,33.33333206176758,562027,OKE_2,2010-03-15 to None
2010-10-08 00:00:00+00:00,17.198942184448242,33.15891647338867,33.38178253173828,33.04263687133789,33.17829513549805,644381,OKE_2,2010-03-15 to None
2010-10-11 00:00:00+00:00,17.20395851135254,33.16860580444336,33.33333206176758,33.01356506347656,33.04263687133789,388858,OKE_2,2010-03-15 to None
2010-10-12 00:00:00+00:00,17.319568634033203,33.39147186279297,33.430233001708984,33.0329475402832,33.17829513549805,520954,OKE_2,2010-03-15 to None
2010-10-13 00:00:00+00:00,17.420089721679688,33.585269927978516,33.895347595214844,33.29457473754883,33.44961166381836,744175,OKE_2,2010-03-15 to None
2010-10-14 00:00:00+00:00,17.229093551635742,33.2170524597168,33.672481536865234,33.13953399658203,33.362403869628906,565020,OKE_2,2010-03-15 to None
2010-10-15 00:00:00+00:00,17.394954681396484,33.53682327270508,33.63372039794922,33.2655029296875,33.468990325927734,697838,OKE_2,2010-03-15 to None
2010-10-18 00:00:00+00:00,17.631183624267578,33.99224853515625,33.99224853515625,33.33333206176758,33.33333206176758,703824,OKE_2,2010-03-15 to None
2010-10-19 00:00:00+00:00,17.5256290435791,33.788761138916016,33.99224853515625,33.50775146484375,33.5949592590332,788861,OKE_2,2010-03-15 to None
2010-10-20 00:00:00+00:00,17.917665481567383,34.54457473754883,34.854652404785156,33.788761138916016,33.80813980102539,1054601,OKE_2,2010-03-15 to None
2010-10-21 00:00:00+00:00,17.872419357299805,34.45736312866211,34.777130126953125,34.2344970703125,34.57364273071289,480190,OKE_2,2010-03-15 to None
2010-10-22 00:00:00+00:00,17.83724594116211,34.38953399658203,34.63178253173828,34.20542526245117,34.54457473754883,358517,OKE_2,2010-03-15 to None
2010-10-25 00:00:00+00:00,17.83724594116211,34.38953399658203,34.57364273071289,34.2344970703125,34.54457473754883,658416,OKE_2,2010-03-15 to None
2010-10-26 00:00:00+00:00,17.67137908935547,34.069766998291016,34.41860580444336,34.05038833618164,34.35077667236328,701038,OKE_2,2010-03-15 to None
2010-10-27 00:00:00+00:00,17.66132926940918,34.05038833618164,34.29263687133789,33.81782913208008,33.83720779418945,1000524,OKE_2,2010-03-15 to None
2010-10-28 00:00:00+00:00,17.370649337768555,33.35271453857422,33.914730072021484,33.07170486450195,33.527130126953125,653875,OKE_2,2010-03-15 to None
2010-10-29 00:00:00+00:00,17.29999351501465,33.2170524597168,33.63372039794922,33.2170524597168,33.25581359863281,726838,OKE_2,2010-03-15 to None
2010-11-01 00:00:00+00:00,17.38577651977539,33.38178253173828,33.55620193481445,33.14922332763672,33.430233001708984,777922,OKE_2,2010-03-15 to None
2010-11-02 00:00:00+00:00,17.279804229736328,33.17829513549805,33.87596893310547,33.14922332763672,33.66279220581055,952639,OKE_2,2010-03-15 to None
2010-11-03 00:00:00+00:00,17.315120697021484,33.246124267578125,33.401161193847656,33.13953399658203,33.17829513549805,581738,OKE_2,2010-03-15 to None
2010-11-04 00:00:00+00:00,17.728960037231445,34.04069900512695,34.069766998291016,33.47868347167969,33.51744079589844,761513,OKE_2,2010-03-15 to None
2010-11-05 00:00:00+00:00,17.774381637573242,34.127906799316406,34.370155334472656,33.885658264160156,34.00193786621094,454390,OKE_2,2010-03-15 to None
2010-11-08 00:00:00+00:00,17.693635940551758,33.972869873046875,34.1860466003418,33.62403106689453,34.069766998291016,365741,OKE_2,2010-03-15 to None
2010-11-09 00:00:00+00:00,17.254566192626953,33.129844665527344,34.127906799316406,32.97480773925781,34.127906799316406,793298,OKE_2,2010-03-15 to None
2010-11-10 00:00:00+00:00,17.214200973510742,33.05232620239258,33.49806213378906,32.85852813720703,33.129844665527344,828902,OKE_2,2010-03-15 to None
2010-11-11 00:00:00+00:00,17.178869247436523,32.9844970703125,33.25581359863281,32.85852813720703,32.91666793823242,552017,OKE_2,2010-03-15 to None
2010-11-12 00:00:00+00:00,17.088037490844727,32.81007766723633,33.08139419555664,32.58720779418945,32.77131652832031,675960,OKE_2,2010-03-15 to None
2010-11-15 00:00:00+00:00,17.067832946777344,32.77131652832031,33.15891647338867,32.722869873046875,33.01356506347656,579468,OKE_2,2010-03-15 to None
2010-11-16 00:00:00+00:00,16.71962547302246,32.10271453857422,32.71317672729492,31.889535903930664,32.56782913208008,1162961,OKE_2,2010-03-15 to None
2010-11-17 00:00:00+00:00,16.982057571411133,32.606590270996094,32.74224853515625,32.14147186279297,32.151161193847656,599695,OKE_2,2010-03-15 to None
2010-11-18 00:00:00+00:00,16.825611114501953,32.30620193481445,33.062015533447266,32.18992233276367,32.9360466003418,751502,OKE_2,2010-03-15 to None
2010-11-19 00:00:00+00:00,17.00223159790039,32.645347595214844,32.71317672729492,31.976743698120117,32.30620193481445,808262,OKE_2,2010-03-15 to None
2010-11-22 00:00:00+00:00,17.08298683166504,32.80038833618164,32.86821746826172,32.47092819213867,32.519378662109375,635402,OKE_2,2010-03-15 to None
2010-11-23 00:00:00+00:00,17.067832946777344,32.77131652832031,32.906978607177734,32.50968933105469,32.55813980102539,702070,OKE_2,2010-03-15 to None
2010-11-24 00:00:00+00:00,17.355506896972656,33.32364273071289,33.401161193847656,32.887596130371094,33.0329475402832,665227,OKE_2,2010-03-15 to None
2010-11-26 00:00:00+00:00,17.360551834106445,33.33333206176758,33.49806213378906,33.129844665527344,33.19767379760742,240662,OKE_2,2010-03-15 to None
2010-11-29 00:00:00+00:00,17.387908935546875,33.246124267578125,33.430233001708984,32.86821746826172,33.129844665527344,750986,OKE_2,2010-03-15 to None
2010-11-30 00:00:00+00:00,17.256153106689453,32.99418640136719,33.19767379760742,32.69379806518555,33.0329475402832,938707,OKE_2,2010-03-15 to None
2010-12-01 00:00:00+00:00,17.230804443359375,32.945735931396484,33.28488540649414,32.606590270996094,33.28488540649414,934682,OKE_2,2010-03-15 to None
2010-12-02 00:00:00+00:00,17.2814998626709,33.04263687133789,33.11046600341797,32.848838806152344,32.945735931396484,907644,OKE_2,2010-03-15 to None
2010-12-03 00:00:00+00:00,17.240949630737305,32.96511459350586,32.96511459350586,32.07364273071289,32.296512603759766,7760846,OKE_2,2010-03-15 to None
2010-12-06 00:00:00+00:00,17.149730682373047,32.79069900512695,32.92635726928711,32.67441940307617,32.86821746826172,1112496,OKE_2,2010-03-15 to None
2010-12-07 00:00:00+00:00,17.261219024658203,33.003875732421875,33.17829513549805,32.71317672729492,32.81007766723633,1823131,OKE_2,2010-03-15 to None
2010-12-08 00:00:00+00:00,16.931800842285156,32.37403106689453,33.08139419555664,32.180233001708984,33.04263687133789,1169359,OKE_2,2010-03-15 to None
2010-12-09 00:00:00+00:00,16.835527420043945,32.18992233276367,32.62596893310547,32.151161193847656,32.49031066894531,731791,OKE_2,2010-03-15 to None
2010-12-10 00:00:00+00:00,17.02302360534668,32.5484504699707,32.62596893310547,32.13178253173828,32.25775146484375,722606,OKE_2,2010-03-15 to None
2010-12-13 00:00:00+00:00,17.154788970947266,32.80038833618164,32.86821746826172,32.5,32.703487396240234,887107,OKE_2,2010-03-15 to None
2010-12-14 00:00:00+00:00,17.1345157623291,32.761627197265625,33.15891647338867,32.703487396240234,32.781009674072266,1556462,OKE_2,2010-03-15 to None
2010-12-15 00:00:00+00:00,16.80510711669922,32.13178253173828,32.945735931396484,32.112403869628906,32.8294563293457,1258008,OKE_2,2010-03-15 to None
2010-12-16 00:00:00+00:00,16.881134033203125,32.277130126953125,32.480621337890625,32.122093200683594,32.14147186279297,748303,OKE_2,2010-03-15 to None
2010-12-17 00:00:00+00:00,17.175065994262695,32.83914566040039,32.83914566040039,32.296512603759766,32.38372039794922,2318078,OKE_2,2010-03-15 to None
2010-12-20 00:00:00+00:00,17.296689987182617,33.07170486450195,33.187984466552734,32.722869873046875,32.83914566040039,736229,OKE_2,2010-03-15 to None
2010-12-21 00:00:00+00:00,17.413249969482422,33.29457473754883,33.29457473754883,33.08139419555664,33.14922332763672,555938,OKE_2,2010-03-15 to None
2010-12-22 00:00:00+00:00,17.539960861206055,33.53682327270508,33.69186019897461,33.246124267578125,33.246124267578125,639840,OKE_2,2010-03-15 to None
2010-12-23 00:00:00+00:00,17.342313766479492,33.15891647338867,33.53682327270508,33.120155334472656,33.527130126953125,523637,OKE_2,2010-03-15 to None
2010-12-27 00:00:00+00:00,17.534881591796875,33.527130126953125,33.527130126953125,33.01356506347656,33.01356506347656,580190,OKE_2,2010-03-15 to None
2010-12-28 00:00:00+00:00,17.56022834777832,33.57558059692383,33.643409729003906,33.32364273071289,33.643409729003906,556454,OKE_2,2010-03-15 to None
2010-12-29 00:00:00+00:00,17.545024871826172,33.546512603759766,33.672481536865234,33.362403869628906,33.672481536865234,463058,OKE_2,2010-03-15 to None
2010-12-30 00:00:00+00:00,17.511425018310547,33.343021392822266,33.488372802734375,33.28488540649414,33.41085433959961,464606,OKE_2,2010-03-15 to None
2010-12-31 00:00:00+00:00,17.404569625854492,33.13953399658203,33.401161193847656,33.13953399658203,33.2655029296875,705785,OKE_2,2010-03-15 to None
2011-01-03 00:00:00+00:00,17.597944259643555,33.50775146484375,33.527130126953125,33.13953399658203,33.343021392822266,1086696,OKE_2,2010-03-15 to None
2011-01-04 00:00:00+00:00,17.24679183959961,32.83914566040039,33.62403106689453,32.61627960205078,33.5949592590332,712493,OKE_2,2010-03-15 to None
2011-01-05 00:00:00+00:00,17.231531143188477,32.81007766723633,32.97480773925781,32.67441940307617,32.75193786621094,613937,OKE_2,2010-03-15 to None
2011-01-06 00:00:00+00:00,17.114500045776367,32.58720779418945,32.9360466003418,32.55813980102539,32.75193786621094,576682,OKE_2,2010-03-15 to None
2011-01-07 00:00:00+00:00,17.206090927124023,32.761627197265625,32.92635726928711,32.538761138916016,32.635658264160156,533234,OKE_2,2010-03-15 to None
2011-01-10 00:00:00+00:00,17.155193328857422,32.664730072021484,32.83914566040039,32.44186019897461,32.61627960205078,530242,OKE_2,2010-03-15 to None
2011-01-11 00:00:00+00:00,17.073768615722656,32.50968933105469,32.877906799316406,32.364341735839844,32.761627197265625,579158,OKE_2,2010-03-15 to None
2011-01-12 00:00:00+00:00,17.099212646484375,32.55813980102539,32.77131652832031,32.364341735839844,32.77131652832031,565123,OKE_2,2010-03-15 to None
2011-01-13 00:00:00+00:00,17.139936447143555,32.635658264160156,32.73255920410156,32.4515495300293,32.606590270996094,452429,OKE_2,2010-03-15 to None
2011-01-14 00:00:00+00:00,17.155193328857422,32.664730072021484,32.74224853515625,32.519378662109375,32.645347595214844,522605,OKE_2,2010-03-15 to None
2011-01-18 00:00:00+00:00,17.516525268554688,33.35271453857422,33.372093200683594,32.606590270996094,32.81007766723633,931483,OKE_2,2010-03-15 to None
2011-01-19 00:00:00+00:00,17.28243637084961,32.906978607177734,33.4205436706543,32.819766998291016,33.4205436706543,694639,OKE_2,2010-03-15 to None
2011-01-20 00:00:00+00:00,17.150114059448242,32.6550407409668,33.05232620239258,32.606590270996094,32.80038833618164,735713,OKE_2,2010-03-15 to None
2011-01-21 00:00:00+00:00,17.21627426147461,32.781009674072266,32.945735931396484,32.538761138916016,32.761627197265625,555216,OKE_2,2010-03-15 to None
2011-01-24 00:00:00+00:00,17.399477005004883,33.129844665527344,33.3139533996582,32.877906799316406,32.92635726928711,591130,OKE_2,2010-03-15 to None
2011-01-25 00:00:00+00:00,17.669193267822266,33.643409729003906,33.643409729003906,33.02325439453125,33.120155334472656,709706,OKE_2,2010-03-15 to None
2011-01-26 00:00:00+00:00,17.714990615844727,33.730621337890625,33.895347595214844,33.430233001708984,33.788761138916016,560582,OKE_2,2010-03-15 to None
2011-01-27 00:00:00+00:00,17.872756958007812,34.031009674072266,34.10852813720703,33.711238861083984,33.99224853515625,691234,OKE_2,2010-03-15 to None
2011-01-28 00:00:00+00:00,17.649959564208984,33.468990325927734,33.98255920410156,33.430233001708984,33.98255920410156,582254,OKE_2,2010-03-15 to None
2011-01-31 00:00:00+00:00,17.864585876464844,33.87596893310547,34.02131652832031,33.57558059692383,33.672481536865234,577507,OKE_2,2010-03-15 to None
2011-02-01 00:00:00+00:00,17.925907135009766,33.99224853515625,34.127906799316406,33.604652404785156,34.02131652832031,679262,OKE_2,2010-03-15 to None
2011-02-02 00:00:00+00:00,17.793033599853516,33.74031066894531,33.99224853515625,33.730621337890625,33.914730072021484,452635,OKE_2,2010-03-15 to None
2011-02-03 00:00:00+00:00,17.885007858276367,33.914730072021484,34.0794563293457,33.62403106689453,33.769378662109375,537982,OKE_2,2010-03-15 to None
2011-02-04 00:00:00+00:00,17.655067443847656,33.47868347167969,34.069766998291016,33.372093200683594,34.06007766723633,603823,OKE_2,2010-03-15 to None
2011-02-07 00:00:00+00:00,17.798158645629883,33.75,33.84689712524414,33.55620193481445,33.62403106689453,452842,OKE_2,2010-03-15 to None
2011-02-08 00:00:00+00:00,17.874813079833984,33.895347595214844,33.94379806518555,33.7015495300293,33.84689712524414,494534,OKE_2,2010-03-15 to None
2011-02-09 00:00:00+00:00,17.81348419189453,33.77907180786133,34.05038833618164,33.75,33.856590270996094,456144,OKE_2,2010-03-15 to None
2011-02-10 00:00:00+00:00,17.905458450317383,33.953487396240234,34.05038833618164,33.672481536865234,33.9050407409668,517135,OKE_2,2010-03-15 to None
2011-02-11 00:00:00+00:00,17.782827377319336,33.72092819213867,34.00193786621094,33.53682327270508,33.75,587311,OKE_2,2010-03-15 to None
2011-02-14 00:00:00+00:00,17.936120986938477,34.011627197265625,34.06007766723633,33.63372039794922,33.9050407409668,656146,OKE_2,2010-03-15 to None
2011-02-15 00:00:00+00:00,17.772605895996094,33.7015495300293,34.031009674072266,33.62403106689453,33.972869873046875,544793,OKE_2,2010-03-15 to None
2011-02-16 00:00:00+00:00,17.900352478027344,33.94379806518555,34.05038833618164,33.74031066894531,33.895347595214844,589169,OKE_2,2010-03-15 to None
2011-02-17 00:00:00+00:00,18.04344367980957,34.21511459350586,34.27325439453125,33.856590270996094,34.069766998291016,641182,OKE_2,2010-03-15 to None
2011-02-18 00:00:00+00:00,18.130290985107422,34.379844665527344,34.379844665527344,34.1860466003418,34.29263687133789,496289,OKE_2,2010-03-15 to None
2011-02-22 00:00:00+00:00,18.12519073486328,34.370155334472656,34.6705436706543,34.156978607177734,34.195735931396484,759449,OKE_2,2010-03-15 to None
2011-02-23 00:00:00+00:00,18.01276397705078,34.156978607177734,34.54457473754883,34.156978607177734,34.36046600341797,641904,OKE_2,2010-03-15 to None
2011-02-24 00:00:00+00:00,17.895244598388672,33.93410873413086,34.27325439453125,33.75,34.10852813720703,738396,OKE_2,2010-03-15 to None
2011-02-25 00:00:00+00:00,18.287261962890625,34.53488540649414,34.54457473754883,33.953487396240234,33.953487396240234,746033,OKE_2,2010-03-15 to None
2011-02-28 00:00:00+00:00,18.456579208374023,34.854652404785156,35.0,34.554264068603516,34.87403106689453,826632,OKE_2,2010-03-15 to None
2011-03-01 00:00:00+00:00,18.040958404541016,34.069766998291016,34.88372039794922,34.04069900512695,34.854652404785156,819821,OKE_2,2010-03-15 to None
2011-03-02 00:00:00+00:00,17.897289276123047,33.7984504699707,34.39922332763672,33.7984504699707,34.10852813720703,852845,OKE_2,2010-03-15 to None
2011-03-03 00:00:00+00:00,18.03584098815918,34.06007766723633,34.2829475402832,33.92441940307617,34.137596130371094,601966,OKE_2,2010-03-15 to None
2011-03-04 00:00:00+00:00,17.897289276123047,33.7984504699707,34.1860466003418,33.730621337890625,34.14728546142578,518167,OKE_2,2010-03-15 to None
2011-03-07 00:00:00+00:00,17.922950744628906,33.84689712524414,34.127906799316406,33.730621337890625,34.00193786621094,699902,OKE_2,2010-03-15 to None
2011-03-08 00:00:00+00:00,18.08713722229004,34.156978607177734,34.496124267578125,33.885658264160156,33.94379806518555,878026,OKE_2,2010-03-15 to None
2011-03-09 00:00:00+00:00,17.804927825927734,33.62403106689453,33.62403106689453,33.28488540649414,33.43992233276367,7232256,OKE_2,2010-03-15 to None
2011-03-10 00:00:00+00:00,17.625347137451172,33.28488540649414,33.45930099487305,33.187984466552734,33.22674560546875,1761005,OKE_2,2010-03-15 to None
2011-03-11 00:00:00+00:00,17.722837448120117,33.468990325927734,33.488372802734375,33.08139419555664,33.187984466552734,1031587,OKE_2,2010-03-15 to None
2011-03-14 00:00:00+00:00,17.63046646118164,33.29457473754883,33.430233001708984,33.187984466552734,33.362403869628906,864197,OKE_2,2010-03-15 to None
2011-03-15 00:00:00+00:00,17.651004791259766,33.33333206176758,33.45930099487305,32.761627197265625,32.97480773925781,1522510,OKE_2,2010-03-15 to None
2011-03-16 00:00:00+00:00,17.57404136657715,33.187984466552734,33.468990325927734,33.02325439453125,33.38178253173828,1458835,OKE_2,2010-03-15 to None
2011-03-17 00:00:00+00:00,17.73310661315918,33.488372802734375,33.55620193481445,33.120155334472656,33.527130126953125,1011360,OKE_2,2010-03-15 to None
2011-03-18 00:00:00+00:00,17.77414321899414,33.56589126586914,33.672481536865234,33.23643493652344,33.672481536865234,1142011,OKE_2,2010-03-15 to None
2011-03-21 00:00:00+00:00,17.835723876953125,33.68217086791992,33.711238861083984,33.47868347167969,33.672481536865234,920750,OKE_2,2010-03-15 to None
2011-03-22 00:00:00+00:00,17.666397094726562,33.362403869628906,33.72092819213867,33.29457473754883,33.72092819213867,795053,OKE_2,2010-03-15 to None
2011-03-23 00:00:00+00:00,17.558643341064453,33.15891647338867,33.41085433959961,32.848838806152344,33.41085433959961,943145,OKE_2,2010-03-15 to None
2011-03-24 00:00:00+00:00,17.6561279296875,33.343021392822266,33.41085433959961,32.906978607177734,33.343021392822266,813938,OKE_2,2010-03-15 to None
2011-03-25 00:00:00+00:00,17.763887405395508,33.546512603759766,33.7015495300293,33.23643493652344,33.47868347167969,692885,OKE_2,2010-03-15 to None
2011-03-28 00:00:00+00:00,17.779277801513672,33.57558059692383,33.7015495300293,33.468990325927734,33.57558059692383,651295,OKE_2,2010-03-15 to None
2011-03-29 00:00:00+00:00,17.84084701538086,33.69186019897461,33.730621337890625,33.22674560546875,33.643409729003906,861410,OKE_2,2010-03-15 to None
2011-03-30 00:00:00+00:00,17.94647979736328,33.75,33.77907180786133,33.49806213378906,33.69186019897461,1008264,OKE_2,2010-03-15 to None
2011-03-31 00:00:00+00:00,18.00831413269043,33.86627960205078,33.895347595214844,33.63372039794922,33.730621337890625,1543356,OKE_2,2010-03-15 to None
2011-04-01 00:00:00+00:00,17.9825496673584,33.81782913208008,33.914730072021484,33.62403106689453,33.914730072021484,1027150,OKE_2,2010-03-15 to None
2011-04-04 00:00:00+00:00,18.0546817779541,33.953487396240234,33.96317672729492,33.80813980102539,33.914730072021484,999595,OKE_2,2010-03-15 to None
2011-04-05 00:00:00+00:00,18.034076690673828,33.914730072021484,34.06007766723633,33.788761138916016,33.788761138916016,768943,OKE_2,2010-03-15 to None
2011-04-06 00:00:00+00:00,18.059833526611328,33.96317672729492,34.011627197265625,33.77907180786133,34.011627197265625,659242,OKE_2,2010-03-15 to None
2011-04-07 00:00:00+00:00,17.8846378326416,33.63372039794922,33.98255920410156,33.55620193481445,33.953487396240234,636847,OKE_2,2010-03-15 to None
2011-04-08 00:00:00+00:00,17.84857177734375,33.56589126586914,33.86627960205078,33.43992233276367,33.84689712524414,454493,OKE_2,2010-03-15 to None
2011-04-11 00:00:00+00:00,17.82282066345215,33.51744079589844,33.87596893310547,33.47868347167969,33.614341735839844,560995,OKE_2,2010-03-15 to None
2011-04-12 00:00:00+00:00,17.858884811401367,33.585269927978516,33.7984504699707,33.35271453857422,33.35271453857422,514968,OKE_2,2010-03-15 to None
2011-04-13 00:00:00+00:00,17.797056198120117,33.468990325927734,33.7984504699707,33.43992233276367,33.7984504699707,612182,OKE_2,2010-03-15 to None
2011-04-14 00:00:00+00:00,17.998004913330078,33.84689712524414,33.9050407409668,33.33333206176758,33.35271453857422,716930,OKE_2,2010-03-15 to None
2011-04-15 00:00:00+00:00,18.07013511657715,33.98255920410156,34.04069900512695,33.72092819213867,33.885658264160156,750883,OKE_2,2010-03-15 to None
2011-04-18 00:00:00+00:00,17.864044189453125,33.5949592590332,33.953487396240234,33.39147186279297,33.77907180786133,811152,OKE_2,2010-03-15 to None
2011-04-19 00:00:00+00:00,18.01861572265625,33.885658264160156,33.9050407409668,33.672481536865234,33.69186019897461,515278,OKE_2,2010-03-15 to None
2011-04-20 00:00:00+00:00,18.183494567871094,34.195735931396484,34.20542526245117,33.827518463134766,34.195735931396484,612182,OKE_2,2010-03-15 to None
2011-04-21 00:00:00+00:00,18.29685401916504,34.40891647338867,34.42829513549805,33.972869873046875,34.253875732421875,574721,OKE_2,2010-03-15 to None
2011-04-25 00:00:00+00:00,18.363845825195312,34.53488540649414,34.63178253173828,34.2829475402832,34.39922332763672,566568,OKE_2,2010-03-15 to None
2011-04-26 00:00:00+00:00,18.410219192504883,34.622093200683594,34.80620193481445,34.42829513549805,34.622093200683594,689892,OKE_2,2010-03-15 to None
2011-04-27 00:00:00+00:00,18.55963897705078,34.90310287475586,34.90310287475586,34.52519226074219,34.69961166381836,676579,OKE_2,2010-03-15 to None
2011-04-28 00:00:00+00:00,18.660524368286133,34.9515495300293,35.222869873046875,34.76744079589844,34.796512603759766,889171,OKE_2,2010-03-15 to None
2011-04-29 00:00:00+00:00,18.391504287719727,34.44767379760742,35.12596893310547,34.17635726928711,35.106590270996094,807024,OKE_2,2010-03-15 to None
2011-05-02 00:00:00+00:00,18.375988006591797,34.41860580444336,34.8449592590332,34.156978607177734,34.66085433959961,859346,OKE_2,2010-03-15 to None
2011-05-03 00:00:00+00:00,18.396671295166016,34.45736312866211,34.70930099487305,34.156978607177734,34.41860580444336,599798,OKE_2,2010-03-15 to None
2011-05-04 00:00:00+00:00,18.375988006591797,34.41860580444336,34.54457473754883,34.22480773925781,34.496124267578125,559757,OKE_2,2010-03-15 to None
2011-05-05 00:00:00+00:00,18.396671295166016,34.45736312866211,34.63178253173828,34.16666793823242,34.32170486450195,522502,OKE_2,2010-03-15 to None
2011-05-06 00:00:00+00:00,18.225948333740234,34.137596130371094,34.72868347167969,34.127906799316406,34.680233001708984,639118,OKE_2,2010-03-15 to None
2011-05-09 00:00:00+00:00,18.282873153686523,34.24418640136719,34.26356506347656,34.031009674072266,34.137596130371094,561718,OKE_2,2010-03-15 to None
2011-05-10 00:00:00+00:00,18.33975601196289,34.35077667236328,34.42829513549805,34.253875732421875,34.38953399658203,892267,OKE_2,2010-03-15 to None
2011-05-11 00:00:00+00:00,18.184574127197266,34.06007766723633,34.35077667236328,33.94379806518555,34.35077667236328,619613,OKE_2,2010-03-15 to None
2011-05-12 00:00:00+00:00,18.231121063232422,34.14728546142578,34.21511459350586,33.827518463134766,34.031009674072266,576888,OKE_2,2010-03-15 to None
2011-05-13 00:00:00+00:00,18.09661293029785,33.895347595214844,34.21511459350586,33.72092819213867,34.156978607177734,525391,OKE_2,2010-03-15 to None
2011-05-16 00:00:00+00:00,18.09661293029785,33.895347595214844,34.031009674072266,33.74031066894531,33.87596893310547,554803,OKE_2,2010-03-15 to None
2011-05-17 00:00:00+00:00,18.09143829345703,33.885658264160156,33.914730072021484,33.69186019897461,33.83720779418945,579984,OKE_2,2010-03-15 to None
2011-05-18 00:00:00+00:00,18.288034439086914,34.253875732421875,34.253875732421875,33.72092819213867,33.914730072021484,579674,OKE_2,2010-03-15 to None
2011-05-19 00:00:00+00:00,18.319072723388672,34.312015533447266,34.42829513549805,34.011627197265625,34.38953399658203,380395,OKE_2,2010-03-15 to None
2011-05-20 00:00:00+00:00,18.169042587280273,34.031009674072266,34.36046600341797,33.972869873046875,34.2829475402832,579984,OKE_2,2010-03-15 to None
2011-05-23 00:00:00+00:00,18.03971290588379,33.788761138916016,34.00193786621094,33.788761138916016,33.827518463134766,641801,OKE_2,2010-03-15 to None
2011-05-24 00:00:00+00:00,18.02936363220215,33.769378662109375,33.93410873413086,33.643409729003906,33.81782913208008,495257,OKE_2,2010-03-15 to None
2011-05-25 00:00:00+00:00,17.97764015197754,33.672481536865234,33.81782913208008,33.38178253173828,33.81782913208008,827045,OKE_2,2010-03-15 to None
2011-05-26 00:00:00+00:00,18.106964111328125,33.914730072021484,33.953487396240234,33.43992233276367,33.68217086791992,470695,OKE_2,2010-03-15 to None
2011-05-27 00:00:00+00:00,18.15632438659668,33.86627960205078,33.96317672729492,33.65310287475586,33.96317672729492,475236,OKE_2,2010-03-15 to None
2011-05-31 00:00:00+00:00,18.255022048950195,34.05038833618164,34.127906799316406,33.788761138916016,34.127906799316406,1046551,OKE_2,2010-03-15 to None
2011-06-01 00:00:00+00:00,17.771892547607422,33.14922332763672,34.14728546142578,33.120155334472656,33.914730072021484,1061412,OKE_2,2010-03-15 to None
2011-06-02 00:00:00+00:00,17.725143432617188,33.062015533447266,33.35271453857422,33.01356506347656,33.20736312866211,758830,OKE_2,2010-03-15 to None
2011-06-03 00:00:00+00:00,17.74072265625,33.09108352661133,33.33333206176758,32.781009674072266,32.781009674072266,1040978,OKE_2,2010-03-15 to None
2011-06-06 00:00:00+00:00,17.53292465209961,32.703487396240234,33.2655029296875,32.68410873413086,33.129844665527344,699799,OKE_2,2010-03-15 to None
2011-06-07 00:00:00+00:00,17.642013549804688,32.906978607177734,33.10077667236328,32.703487396240234,32.848838806152344,464916,OKE_2,2010-03-15 to None
2011-06-08 00:00:00+00:00,17.512144088745117,32.664730072021484,32.9844970703125,32.6550407409668,32.848838806152344,592884,OKE_2,2010-03-15 to None
2011-06-09 00:00:00+00:00,17.267982482910156,32.20930099487305,32.79069900512695,32.1705436706543,32.79069900512695,921473,OKE_2,2010-03-15 to None
2011-06-10 00:00:00+00:00,16.769271850585938,31.279069900512695,32.22868347167969,31.19186019897461,32.07364273071289,1755329,OKE_2,2010-03-15 to None
2011-06-13 00:00:00+00:00,16.80562400817871,31.346899032592773,31.627906799316406,31.259689331054688,31.346899032592773,834888,OKE_2,2010-03-15 to None
2011-06-14 00:00:00+00:00,17.14849090576172,31.986434936523438,31.996124267578125,31.48255729675293,31.55038833618164,929832,OKE_2,2010-03-15 to None
2011-06-15 00:00:00+00:00,17.013429641723633,31.734495162963867,31.937984466552734,31.54069709777832,31.83139419555664,1073590,OKE_2,2010-03-15 to None
2011-06-16 00:00:00+00:00,17.169275283813477,32.02519226074219,32.08333206176758,31.61821746826172,31.734495162963867,750986,OKE_2,2010-03-15 to None
2011-06-17 00:00:00+00:00,17.392656326293945,32.44186019897461,32.519378662109375,31.89922523498535,32.218990325927734,1512293,OKE_2,2010-03-15 to None
2011-06-20 00:00:00+00:00,17.470579147338867,32.58720779418945,32.68410873413086,32.41279220581055,32.44186019897461,589066,OKE_2,2010-03-15 to None
2011-06-21 00:00:00+00:00,17.543315887451172,32.722869873046875,32.848838806152344,32.461238861083984,32.781009674072266,831586,OKE_2,2010-03-15 to None
2011-06-22 00:00:00+00:00,17.408252716064453,32.47092819213867,32.75193786621094,32.461238861083984,32.664730072021484,711667,OKE_2,2010-03-15 to None
2011-06-23 00:00:00+00:00,17.11732292175293,31.928295135498047,32.238372802734375,31.627906799316406,32.238372802734375,878129,OKE_2,2010-03-15 to None
2011-06-24 00:00:00+00:00,17.190052032470703,32.0639533996582,32.218990325927734,31.734495162963867,32.054264068603516,673174,OKE_2,2010-03-15 to None
2011-06-27 00:00:00+00:00,17.22642707824707,32.13178253173828,32.30620193481445,31.996124267578125,32.0639533996582,466670,OKE_2,2010-03-15 to None
2011-06-28 00:00:00+00:00,17.34589958190918,32.354652404785156,32.364341735839844,32.0155029296875,32.180233001708984,538498,OKE_2,2010-03-15 to None
2011-06-29 00:00:00+00:00,17.567644119262695,32.62596893310547,32.67441940307617,32.24806213378906,32.461238861083984,634680,OKE_2,2010-03-15 to None
2011-06-30 00:00:00+00:00,17.473730087280273,32.4515495300293,32.79069900512695,32.44186019897461,32.75193786621094,759346,OKE_2,2010-03-15 to None
2011-07-01 00:00:00+00:00,17.750267028808594,32.96511459350586,32.9844970703125,32.480621337890625,32.52907180786133,541903,OKE_2,2010-03-15 to None
2011-07-05 00:00:00+00:00,17.82330894470215,33.10077667236328,33.120155334472656,32.75193786621094,33.02325439453125,632100,OKE_2,2010-03-15 to None
2011-07-06 00:00:00+00:00,18.099849700927734,33.614341735839844,33.643409729003906,32.96511459350586,32.99418640136719,780605,OKE_2,2010-03-15 to None
2011-07-07 00:00:00+00:00,18.266799926757812,33.92441940307617,33.94379806518555,33.643409729003906,33.730621337890625,746239,OKE_2,2010-03-15 to None
2011-07-08 00:00:00+00:00,18.230295181274414,33.856590270996094,33.895347595214844,33.585269927978516,33.63372039794922,567290,OKE_2,2010-03-15 to None
2011-07-11 00:00:00+00:00,17.958972930908203,33.35271453857422,33.7015495300293,33.32364273071289,33.5949592590332,479364,OKE_2,2010-03-15 to None
2011-07-12 00:00:00+00:00,18.005924224853516,33.43992233276367,33.74031066894531,33.22674560546875,33.22674560546875,845930,OKE_2,2010-03-15 to None
2011-07-13 00:00:00+00:00,17.78157615661621,33.02325439453125,33.63372039794922,33.02325439453125,33.614341735839844,703514,OKE_2,2010-03-15 to None
2011-07-14 00:00:00+00:00,17.619829177856445,32.722869873046875,33.16860580444336,32.6550407409668,33.11046600341797,605165,OKE_2,2010-03-15 to None
2011-07-15 00:00:00+00:00,17.771137237548828,33.003875732421875,33.04263687133789,32.664730072021484,32.85852813720703,536434,OKE_2,2010-03-15 to None
2011-07-18 00:00:00+00:00,17.640697479248047,32.761627197265625,32.945735931396484,32.56782913208008,32.887596130371094,470282,OKE_2,2010-03-15 to None
2011-07-19 00:00:00+00:00,17.776348114013672,33.01356506347656,33.08139419555664,32.8294563293457,33.003875732421875,684938,OKE_2,2010-03-15 to None
2011-07-20 00:00:00+00:00,17.859832763671875,33.16860580444336,33.304264068603516,32.95542526245117,33.062015533447266,564401,OKE_2,2010-03-15 to None
2011-07-21 00:00:00+00:00,17.964187622070312,33.362403869628906,33.51744079589844,33.23643493652344,33.3139533996582,422398,OKE_2,2010-03-15 to None
2011-07-22 00:00:00+00:00,18.021574020385742,33.468990325927734,33.546512603759766,33.27519226074219,33.44961166381836,323222,OKE_2,2010-03-15 to None
2011-07-25 00:00:00+00:00,17.802453994750977,33.062015533447266,33.32364273071289,33.003875732421875,33.2170524597168,404647,OKE_2,2010-03-15 to None
2011-07-26 00:00:00+00:00,17.797224044799805,33.05232620239258,33.2170524597168,32.848838806152344,33.09108352661133,405576,OKE_2,2010-03-15 to None
2011-07-27 00:00:00+00:00,17.332862854003906,32.18992233276367,33.01356506347656,32.1705436706543,32.99418640136719,705372,OKE_2,2010-03-15 to None
2011-07-28 00:00:00+00:00,17.120622634887695,31.6569766998291,32.18992233276367,31.55038833618164,32.112403869628906,746136,OKE_2,2010-03-15 to None
2011-07-29 00:00:00+00:00,17.01056671142578,31.453487396240234,31.647287368774414,31.19186019897461,31.501937866210938,672761,OKE_2,2010-03-15 to None
2011-08-01 00:00:00+00:00,17.031538009643555,31.49224853515625,32.86821746826172,31.41472816467285,32.74224853515625,1313323,OKE_2,2010-03-15 to None
2011-08-02 00:00:00+00:00,16.580856323242188,30.65891456604004,31.424419403076172,30.620155334472656,31.424419403076172,1143456,OKE_2,2010-03-15 to None
2011-08-03 00:00:00+00:00,16.5389404296875,30.58139419555664,30.66860580444336,29.922481536865234,30.562015533447266,1458629,OKE_2,2010-03-15 to None
2011-08-04 00:00:00+00:00,16.025362014770508,29.63178253173828,30.503875732421875,29.57364273071289,30.319766998291016,1913328,OKE_2,2010-03-15 to None
2011-08-05 00:00:00+00:00,15.72665786743164,29.079456329345703,29.903100967407227,28.846899032592773,29.87403106689453,2497853,OKE_2,2010-03-15 to None
2011-08-08 00:00:00+00:00,14.694280624389648,27.170543670654297,28.604650497436523,27.063953399658203,28.362403869628906,2988775,OKE_2,2010-03-15 to None
2011-08-09 00:00:00+00:00,16.42363929748535,30.36821746826172,30.465116500854492,27.61627960205078,27.781007766723633,3280934,OKE_2,2010-03-15 to None
2011-08-10 00:00:00+00:00,16.114452362060547,29.796512603759766,30.833332061767578,29.46705436706543,29.903100967407227,2485572,OKE_2,2010-03-15 to None
2011-08-11 00:00:00+00:00,16.8324031829834,31.12403106689453,31.6085262298584,29.796512603759766,29.83527183532715,2010646,OKE_2,2010-03-15 to None
2011-08-12 00:00:00+00:00,16.591331481933594,30.678295135498047,31.560077667236328,30.523256301879883,31.327518463134766,957799,OKE_2,2010-03-15 to None
2011-08-15 00:00:00+00:00,17.24640464782715,31.889535903930664,31.90891456604004,30.95930290222168,31.14341163635254,921782,OKE_2,2010-03-15 to None
2011-08-16 00:00:00+00:00,17.104890823364258,31.627906799316406,31.79263687133789,31.317829132080078,31.637596130371094,850574,OKE_2,2010-03-15 to None
2011-08-17 00:00:00+00:00,17.2097110748291,31.821704864501953,31.976743698120117,31.48255729675293,31.879844665527344,521676,OKE_2,2010-03-15 to None
2011-08-18 00:00:00+00:00,16.931962966918945,31.30813980102539,31.627906799316406,30.53294563293457,30.94961166381836,1601045,OKE_2,2010-03-15 to None
2011-08-19 00:00:00+00:00,16.79047393798828,31.046512603759766,31.6569766998291,30.562015533447266,30.746124267578125,956251,OKE_2,2010-03-15 to None
2011-08-22 00:00:00+00:00,16.926727294921875,31.298450469970703,31.637596130371094,30.71705436706543,31.637596130371094,853980,OKE_2,2010-03-15 to None
2011-08-23 00:00:00+00:00,17.450777053833008,32.26744079589844,32.28682327270508,31.094961166381836,31.395349502563477,901246,OKE_2,2010-03-15 to None
2011-08-24 00:00:00+00:00,17.82808494567871,32.96511459350586,32.96511459350586,32.1705436706543,32.24806213378906,740254,OKE_2,2010-03-15 to None
2011-08-25 00:00:00+00:00,17.461261749267578,32.28682327270508,33.304264068603516,31.879844665527344,33.14922332763672,898459,OKE_2,2010-03-15 to None
2011-08-26 00:00:00+00:00,17.628944396972656,32.59689712524414,32.74224853515625,31.55038833618164,32.16085433959961,571934,OKE_2,2010-03-15 to None
2011-08-29 00:00:00+00:00,18.147756576538086,33.55620193481445,33.56589126586914,32.91666793823242,32.95542526245117,724361,OKE_2,2010-03-15 to None
2011-08-30 00:00:00+00:00,18.121545791625977,33.50775146484375,33.711238861083984,33.062015533447266,33.527130126953125,550056,OKE_2,2010-03-15 to None
2011-08-31 00:00:00+00:00,18.173973083496094,33.604652404785156,33.827518463134766,33.35271453857422,33.672481536865234,806611,OKE_2,2010-03-15 to None
2011-09-01 00:00:00+00:00,17.80821990966797,32.79069900512695,33.51744079589844,32.75193786621094,33.488372802734375,716002,OKE_2,2010-03-15 to None
2011-09-02 00:00:00+00:00,17.529300689697266,32.277130126953125,32.85852813720703,32.22868347167969,32.31589126586914,832824,OKE_2,2010-03-15 to None
2011-09-06 00:00:00+00:00,17.508243560791016,32.238372802734375,32.422481536865234,31.405038833618164,31.463178634643555,816931,OKE_2,2010-03-15 to None
2011-09-07 00:00:00+00:00,18.139745712280273,33.401161193847656,33.4205436706543,32.238372802734375,32.722869873046875,868531,OKE_2,2010-03-15 to None
2011-09-08 00:00:00+00:00,18.21343421936035,33.53682327270508,33.74031066894531,32.9844970703125,33.304264068603516,985044,OKE_2,2010-03-15 to None
2011-09-09 00:00:00+00:00,17.70296287536621,32.59689712524414,33.53682327270508,32.41279220581055,33.33333206176758,1142011,OKE_2,2010-03-15 to None
2011-09-12 00:00:00+00:00,17.897689819335938,32.95542526245117,32.9844970703125,32.20930099487305,32.335269927978516,964507,OKE_2,2010-03-15 to None
2011-09-13 00:00:00+00:00,18.087121963500977,33.304264068603516,33.430233001708984,32.722869873046875,33.08139419555664,688138,OKE_2,2010-03-15 to None
2011-09-14 00:00:00+00:00,18.166059494018555,33.44961166381836,33.7984504699707,32.945735931396484,33.527130126953125,890513,OKE_2,2010-03-15 to None
2011-09-15 00:00:00+00:00,18.239734649658203,33.585269927978516,33.80813980102539,33.362403869628906,33.80813980102539,668633,OKE_2,2010-03-15 to None
2011-09-16 00:00:00+00:00,18.387083053588867,33.856590270996094,33.86627960205078,33.2170524597168,33.55620193481445,962753,OKE_2,2010-03-15 to None
2011-09-19 00:00:00+00:00,18.155540466308594,33.430233001708984,33.7015495300293,33.19767379760742,33.23643493652344,753566,OKE_2,2010-03-15 to None
2011-09-20 00:00:00+00:00,18.11870002746582,33.362403869628906,33.788761138916016,33.33333206176758,33.56589126586914,885869,OKE_2,2010-03-15 to None
2011-09-21 00:00:00+00:00,17.629289627075195,32.461238861083984,32.877906799316406,32.31589126586914,32.5,5768054,OKE_2,2010-03-15 to None
2011-09-22 00:00:00+00:00,17.5240478515625,32.26744079589844,32.664730072021484,31.49224853515625,31.569766998291016,2151823,OKE_2,2010-03-15 to None
2011-09-23 00:00:00+00:00,17.67139434814453,32.538761138916016,32.58720779418945,31.589147567749023,32.22868347167969,1109710,OKE_2,2010-03-15 to None
2011-09-26 00:00:00+00:00,17.797685623168945,32.77131652832031,32.848838806152344,32.054264068603516,32.73255920410156,1383706,OKE_2,2010-03-15 to None
2011-09-27 00:00:00+00:00,17.87662124633789,32.91666793823242,33.05232620239258,32.703487396240234,33.05232620239258,2074526,OKE_2,2010-03-15 to None
2011-09-28 00:00:00+00:00,17.634563446044922,32.47092819213867,32.9844970703125,32.422481536865234,32.945735931396484,2253269,OKE_2,2010-03-15 to None
2011-09-29 00:00:00+00:00,17.748186111450195,32.538761138916016,33.02325439453125,31.947673797607422,33.02325439453125,1327152,OKE_2,2010-03-15 to None
2011-09-30 00:00:00+00:00,17.039949417114258,31.240310668945312,32.296512603759766,31.230619430541992,32.19961166381836,2479483,OKE_2,2010-03-15 to None
2011-10-03 00:00:00+00:00,16.141437530517578,29.5930233001709,31.346899032592773,29.583332061767578,30.95930290222168,2161834,OKE_2,2010-03-15 to None
2011-10-04 00:00:00+00:00,16.759830474853516,30.726743698120117,30.804264068603516,28.85658836364746,29.29263687133789,2167200,OKE_2,2010-03-15 to None
2011-10-05 00:00:00+00:00,16.574838638305664,30.387596130371094,30.697673797607422,29.147287368774414,30.620155334472656,1656463,OKE_2,2010-03-15 to None
2011-10-06 00:00:00+00:00,16.791536331176758,30.784883499145508,30.804264068603516,30.038759231567383,30.319766998291016,1148513,OKE_2,2010-03-15 to None
2011-10-07 00:00:00+00:00,16.268293380737305,29.825580596923828,30.95930290222168,29.786821365356445,30.852712631225586,1367710,OKE_2,2010-03-15 to None
2011-10-10 00:00:00+00:00,16.849679946899414,30.8914737701416,30.910852432250977,30.193798065185547,30.319766998291016,1067088,OKE_2,2010-03-15 to None
2011-10-11 00:00:00+00:00,16.426849365234375,30.11627960205078,30.862403869628906,30.029069900512695,30.639535903930664,1913431,OKE_2,2010-03-15 to None
2011-10-12 00:00:00+00:00,16.627695083618164,30.484495162963867,30.88178253173828,30.145349502563477,30.339147567749023,1163580,OKE_2,2010-03-15 to None
2011-10-13 00:00:00+00:00,16.765117645263672,30.736434936523438,31.056201934814453,30.135658264160156,30.397287368774414,1356770,OKE_2,2010-03-15 to None
2011-10-14 00:00:00+00:00,17.14566421508789,31.43410873413086,31.48255729675293,30.930233001708984,31.104650497436523,1175654,OKE_2,2010-03-15 to None
2011-10-17 00:00:00+00:00,16.923667907714844,31.027132034301758,31.443798065185547,30.930233001708984,31.317829132080078,1278648,OKE_2,2010-03-15 to None
2011-10-18 00:00:00+00:00,17.394075393676758,31.889535903930664,31.976743698120117,31.00775146484375,31.114341735839844,1419826,OKE_2,2010-03-15 to None
2011-10-19 00:00:00+00:00,17.177366256713867,31.49224853515625,32.054264068603516,31.41472816467285,31.734495162963867,1050886,OKE_2,2010-03-15 to None
2011-10-20 00:00:00+00:00,17.20379066467285,31.54069709777832,31.802326202392578,30.862403869628906,31.686046600341797,855322,OKE_2,2010-03-15 to None
2011-10-21 00:00:00+00:00,17.563199996948242,32.19961166381836,32.22868347167969,31.686046600341797,31.928295135498047,866570,OKE_2,2010-03-15 to None
2011-10-24 00:00:00+00:00,17.89090347290039,32.80038833618164,32.877906799316406,32.04457473754883,32.296512603759766,949027,OKE_2,2010-03-15 to None
2011-10-25 00:00:00+00:00,17.526201248168945,32.13178253173828,32.80038833618164,32.07364273071289,32.664730072021484,929729,OKE_2,2010-03-15 to None
2011-10-26 00:00:00+00:00,17.727039337158203,32.5,32.61627960205078,32.054264068603516,32.49031066894531,891029,OKE_2,2010-03-15 to None
2011-10-27 00:00:00+00:00,17.99659538269043,32.99418640136719,33.04263687133789,32.393409729003906,33.04263687133789,1530250,OKE_2,2010-03-15 to None
2011-10-28 00:00:00+00:00,18.020483016967773,32.89728546142578,32.92635726928711,32.58720779418945,32.703487396240234,878335,OKE_2,2010-03-15 to None
2011-10-31 00:00:00+00:00,17.733854293823242,32.37403106689453,32.89728546142578,32.180233001708984,32.68410873413086,1201042,OKE_2,2010-03-15 to None
2011-11-01 00:00:00+00:00,17.314529418945312,31.6085262298584,32.40310287475586,31.55038833618164,31.870155334472656,1622407,OKE_2,2010-03-15 to None
2011-11-02 00:00:00+00:00,17.617080688476562,32.16085433959961,32.41279220581055,31.6569766998291,32.151161193847656,925085,OKE_2,2010-03-15 to None
2011-11-03 00:00:00+00:00,17.935548782348633,32.74224853515625,32.74224853515625,31.84108543395996,32.3449592590332,1160174,OKE_2,2010-03-15 to None
2011-11-04 00:00:00+00:00,17.781627655029297,32.461238861083984,32.606590270996094,32.0639533996582,32.519378662109375,680501,OKE_2,2010-03-15 to None
2011-11-07 00:00:00+00:00,17.808168411254883,32.50968933105469,32.77131652832031,32.02519226074219,32.5484504699707,718375,OKE_2,2010-03-15 to None
2011-11-08 00:00:00+00:00,17.935548782348633,32.74224853515625,32.819766998291016,31.89922523498535,32.55813980102539,681636,OKE_2,2010-03-15 to None
2011-11-09 00:00:00+00:00,17.41006851196289,31.78294563293457,32.43217086791992,31.686046600341797,32.18992233276367,1137986,OKE_2,2010-03-15 to None
2011-11-10 00:00:00+00:00,17.319841384887695,31.61821746826172,32.218990325927734,31.43410873413086,32.218990325927734,730862,OKE_2,2010-03-15 to None
2011-11-11 00:00:00+00:00,17.664854049682617,32.24806213378906,32.335269927978516,31.686046600341797,31.976743698120117,595258,OKE_2,2010-03-15 to None
2011-11-14 00:00:00+00:00,17.548078536987305,32.03488540649414,32.277130126953125,31.753875732421875,32.1705436706543,834475,OKE_2,2010-03-15 to None
2011-11-15 00:00:00+00:00,17.723241806030273,32.354652404785156,32.461238861083984,31.84108543395996,32.112403869628906,858727,OKE_2,2010-03-15 to None
2011-11-16 00:00:00+00:00,17.76570701599121,32.43217086791992,32.97480773925781,32.093021392822266,32.354652404785156,1296295,OKE_2,2010-03-15 to None
2011-11-17 00:00:00+00:00,17.70732307434082,32.32558059692383,32.887596130371094,32.22868347167969,32.461238861083984,1361930,OKE_2,2010-03-15 to None
2011-11-18 00:00:00+00:00,17.898399353027344,32.67441940307617,32.67441940307617,32.180233001708984,32.55813980102539,626837,OKE_2,2010-03-15 to None
2011-11-21 00:00:00+00:00,17.55339241027832,32.04457473754883,32.38372039794922,31.79263687133789,32.335269927978516,869460,OKE_2,2010-03-15 to None
2011-11-22 00:00:00+00:00,17.590547561645508,32.112403869628906,32.32558059692383,31.773256301879883,32.122093200683594,603410,OKE_2,2010-03-15 to None
2011-11-23 00:00:00+00:00,17.20305061340332,31.405038833618164,32.054264068603516,31.37596893310547,31.89922523498535,945002,OKE_2,2010-03-15 to None
2011-11-25 00:00:00+00:00,17.250835418701172,31.49224853515625,31.976743698120117,31.453487396240234,31.453487396240234,356143,OKE_2,2010-03-15 to None
2011-11-28 00:00:00+00:00,17.601165771484375,32.13178253173828,32.364341735839844,31.744186401367188,32.32558059692383,790306,OKE_2,2010-03-15 to None
2011-11-29 00:00:00+00:00,17.614484786987305,32.0155029296875,32.25775146484375,31.91860580444336,32.13178253173828,588653,OKE_2,2010-03-15 to None
2011-11-30 00:00:00+00:00,18.05164909362793,32.81007766723633,32.86821746826172,32.180233001708984,32.55813980102539,1370290,OKE_2,2010-03-15 to None
2011-12-01 00:00:00+00:00,17.80108070373535,32.354652404785156,32.68410873413086,32.18992233276367,32.606590270996094,772349,OKE_2,2010-03-15 to None
2011-12-02 00:00:00+00:00,17.731769561767578,32.22868347167969,32.69379806518555,32.122093200683594,32.55813980102539,816622,OKE_2,2010-03-15 to None
2011-12-05 00:00:00+00:00,17.79575538635254,32.3449592590332,32.61627960205078,32.13178253173828,32.59689712524414,574308,OKE_2,2010-03-15 to None
2011-12-06 00:00:00+00:00,17.811744689941406,32.37403106689453,32.50968933105469,32.093021392822266,32.364341735839844,524978,OKE_2,2010-03-15 to None
2011-12-07 00:00:00+00:00,18.06231689453125,32.8294563293457,32.89728546142578,32.07364273071289,32.218990325927734,907850,OKE_2,2010-03-15 to None
2011-12-08 00:00:00+00:00,17.811744689941406,32.37403106689453,32.75193786621094,32.28682327270508,32.69379806518555,742008,OKE_2,2010-03-15 to None
2011-12-09 00:00:00+00:00,18.07297134399414,32.848838806152344,32.9360466003418,32.5,32.50968933105469,702276,OKE_2,2010-03-15 to None
2011-12-12 00:00:00+00:00,17.977006912231445,32.67441940307617,32.86821746826172,32.393409729003906,32.67441940307617,759965,OKE_2,2010-03-15 to None
2011-12-13 00:00:00+00:00,17.843738555908203,32.43217086791992,32.99418640136719,32.296512603759766,32.8294563293457,825394,OKE_2,2010-03-15 to None
2011-12-14 00:00:00+00:00,17.982349395751953,32.68410873413086,32.97480773925781,32.31589126586914,32.422481536865234,895673,OKE_2,2010-03-15 to None
2011-12-15 00:00:00+00:00,18.302221298217773,33.2655029296875,33.32364273071289,32.819766998291016,32.99418640136719,1063889,OKE_2,2010-03-15 to None
2011-12-16 00:00:00+00:00,18.435495376586914,33.50775146484375,33.50775146484375,33.14922332763672,33.38178253173828,2734594,OKE_2,2010-03-15 to None
2011-12-19 00:00:00+00:00,18.10495376586914,32.906978607177734,33.672481536865234,32.906978607177734,33.55620193481445,1020751,OKE_2,2010-03-15 to None
2011-12-20 00:00:00+00:00,18.499473571777344,33.62403106689453,33.65310287475586,33.22674560546875,33.343021392822266,1046758,OKE_2,2010-03-15 to None
2011-12-21 00:00:00+00:00,18.622098922729492,33.84689712524414,33.895347595214844,33.401161193847656,33.672481536865234,687931,OKE_2,2010-03-15 to None
2011-12-22 00:00:00+00:00,18.712732315063477,34.011627197265625,34.14728546142578,33.856590270996094,33.87596893310547,732101,OKE_2,2010-03-15 to None
2011-12-23 00:00:00+00:00,18.79269027709961,34.156978607177734,34.2829475402832,33.94379806518555,34.127906799316406,393192,OKE_2,2010-03-15 to None
2011-12-27 00:00:00+00:00,18.973949432373047,34.48643493652344,34.651161193847656,33.953487396240234,34.156978607177734,633132,OKE_2,2010-03-15 to None
2011-12-28 00:00:00+00:00,18.768394470214844,33.972869873046875,34.44767379760742,33.914730072021484,34.44767379760742,544896,OKE_2,2010-03-15 to None
2011-12-29 00:00:00+00:00,18.87010383605957,34.156978607177734,34.2344970703125,34.00193786621094,34.04069900512695,448198,OKE_2,2010-03-15 to None
2011-12-30 00:00:00+00:00,18.71487045288086,33.87596893310547,34.5155029296875,33.87596893310547,34.30232620239258,578230,OKE_2,2010-03-15 to None
2012-01-03 00:00:00+00:00,18.639915466308594,33.74031066894531,34.53488540649414,33.23643493652344,34.36046600341797,1337885,OKE_2,2010-03-15 to None
2012-01-04 00:00:00+00:00,18.479320526123047,33.44961166381836,33.74031066894531,33.43992233276367,33.57558059692383,900626,OKE_2,2010-03-15 to None
2012-01-05 00:00:00+00:00,18.672035217285156,33.7984504699707,33.972869873046875,33.33333206176758,33.430233001708984,718375,OKE_2,2010-03-15 to None
2012-01-06 00:00:00+00:00,18.623851776123047,33.711238861083984,34.11821746826172,33.62403106689453,33.92441940307617,775238,OKE_2,2010-03-15 to None
2012-01-09 00:00:00+00:00,18.746980667114258,33.93410873413086,33.94379806518555,33.672481536865234,33.914730072021484,640872,OKE_2,2010-03-15 to None
2012-01-10 00:00:00+00:00,18.902225494384766,34.21511459350586,34.370155334472656,34.02131652832031,34.069766998291016,605062,OKE_2,2010-03-15 to None
2012-01-11 00:00:00+00:00,18.993223190307617,34.379844665527344,34.60271453857422,34.127906799316406,34.2344970703125,813216,OKE_2,2010-03-15 to None
2012-01-12 00:00:00+00:00,18.950407028198242,34.30232620239258,34.554264068603516,34.11821746826172,34.554264068603516,557899,OKE_2,2010-03-15 to None
2012-01-13 00:00:00+00:00,19.094938278198242,34.5639533996582,34.5639533996582,34.05038833618164,34.17635726928711,666878,OKE_2,2010-03-15 to None
2012-01-17 00:00:00+00:00,19.17523193359375,34.70930099487305,34.922481536865234,34.593021392822266,34.78682327270508,888139,OKE_2,2010-03-15 to None
2012-01-18 00:00:00+00:00,19.207355499267578,34.76744079589844,35.12596893310547,34.69961166381836,34.75775146484375,1072661,OKE_2,2010-03-15 to None
2012-01-19 00:00:00+00:00,19.159175872802734,34.680233001708984,34.961238861083984,34.50581359863281,34.70930099487305,1347689,OKE_2,2010-03-15 to None
2012-01-20 00:00:00+00:00,19.062824249267578,34.50581359863281,34.54457473754883,34.24418640136719,34.4670524597168,1053259,OKE_2,2010-03-15 to None
2012-01-23 00:00:00+00:00,19.105636596679688,34.58333206176758,34.80620193481445,34.53488540649414,34.554264068603516,810636,OKE_2,2010-03-15 to None
2012-01-24 00:00:00+00:00,19.218046188354492,34.78682327270508,34.854652404785156,34.44767379760742,34.48643493652344,607848,OKE_2,2010-03-15 to None
2012-01-25 00:00:00+00:00,19.432188034057617,35.17441940307617,35.203487396240234,34.68992233276367,34.796512603759766,649747,OKE_2,2010-03-15 to None
2012-01-26 00:00:00+00:00,19.555315017700195,35.39728546142578,35.46511459350586,35.17441940307617,35.348838806152344,618065,OKE_2,2010-03-15 to None
2012-01-27 00:00:00+00:00,19.5981502532959,35.47480773925781,35.5329475402832,35.25193786621094,35.36821746826172,576372,OKE_2,2010-03-15 to None
2012-01-30 00:00:00+00:00,19.5314998626709,35.21317672729492,35.319766998291016,34.961238861083984,35.18410873413086,826838,OKE_2,2010-03-15 to None
2012-01-31 00:00:00+00:00,19.563745498657227,35.27131652832031,35.51356506347656,35.11627960205078,35.387596130371094,732514,OKE_2,2010-03-15 to None
2012-02-01 00:00:00+00:00,19.800243377685547,35.69767379760742,35.75581359863281,35.377906799316406,35.41666793823242,808262,OKE_2,2010-03-15 to None
2012-02-02 00:00:00+00:00,19.886219024658203,35.85271453857422,35.91085433959961,35.562015533447266,35.70736312866211,568219,OKE_2,2010-03-15 to None
2012-02-03 00:00:00+00:00,20.047466278076172,36.143409729003906,36.19186019897461,35.804264068603516,36.104652404785156,666156,OKE_2,2010-03-15 to None
2012-02-06 00:00:00+00:00,19.945344924926758,35.95930099487305,36.143409729003906,35.746124267578125,36.03682327270508,489994,OKE_2,2010-03-15 to None
2012-02-07 00:00:00+00:00,20.036714553833008,36.12403106689453,36.24031066894531,35.85271453857422,35.88178253173828,553152,OKE_2,2010-03-15 to None
2012-02-08 00:00:00+00:00,20.079713821411133,36.2015495300293,36.327518463134766,35.94961166381836,36.07558059692383,588756,OKE_2,2010-03-15 to None
2012-02-09 00:00:00+00:00,19.961471557617188,35.988372802734375,36.472869873046875,35.75581359863281,36.25,756766,OKE_2,2010-03-15 to None
2012-02-10 00:00:00+00:00,19.864730834960938,35.8139533996582,36.03682327270508,35.61046600341797,35.65891647338867,556454,OKE_2,2010-03-15 to None
2012-02-13 00:00:00+00:00,19.859344482421875,35.804264068603516,36.07558059692383,35.66860580444336,35.94961166381836,609706,OKE_2,2010-03-15 to None
2012-02-14 00:00:00+00:00,19.671247482299805,35.46511459350586,35.7655029296875,35.319766998291016,35.7655029296875,566981,OKE_2,2010-03-15 to None
2012-02-15 00:00:00+00:00,19.622873306274414,35.377906799316406,35.687984466552734,35.19379806518555,35.65891647338867,601243,OKE_2,2010-03-15 to None
2012-02-16 00:00:00+00:00,19.7142333984375,35.54263687133789,35.89147186279297,35.377906799316406,35.377906799316406,681223,OKE_2,2010-03-15 to None
2012-02-17 00:00:00+00:00,19.767976760864258,35.63953399658203,35.78488540649414,35.29069900512695,35.66860580444336,614866,OKE_2,2010-03-15 to None
2012-02-21 00:00:00+00:00,19.64436149597168,35.41666793823242,35.77519226074219,35.21317672729492,35.57170486450195,689170,OKE_2,2010-03-15 to None
2012-02-22 00:00:00+00:00,19.579862594604492,35.30038833618164,35.562015533447266,35.12596893310547,35.41666793823242,675444,OKE_2,2010-03-15 to None
2012-02-23 00:00:00+00:00,19.853981018066406,35.79457473754883,35.79457473754883,35.319766998291016,35.4360466003418,587311,OKE_2,2010-03-15 to None
2012-02-24 00:00:00+00:00,19.98833656311035,36.03682327270508,36.19186019897461,35.7170524597168,35.85271453857422,779573,OKE_2,2010-03-15 to None
2012-02-27 00:00:00+00:00,19.79485321044922,35.687984466552734,35.99806213378906,35.629844665527344,35.93992233276367,699799,OKE_2,2010-03-15 to None
2012-02-28 00:00:00+00:00,19.722543716430664,35.41666793823242,35.7170524597168,35.21317672729492,35.67829513549805,575443,OKE_2,2010-03-15 to None
2012-02-29 00:00:00+00:00,19.90601348876953,35.746124267578125,35.85271453857422,35.42635726928711,35.52325439453125,776477,OKE_2,2010-03-15 to None
2012-03-01 00:00:00+00:00,19.927593231201172,35.78488540649414,35.9205436706543,35.54263687133789,35.7655029296875,671110,OKE_2,2010-03-15 to None
2012-03-02 00:00:00+00:00,19.873634338378906,35.687984466552734,35.8139533996582,35.4844970703125,35.69767379760742,507434,OKE_2,2010-03-15 to None
2012-03-05 00:00:00+00:00,20.051708221435547,36.00775146484375,36.027130126953125,35.620155334472656,35.69767379760742,604133,OKE_2,2010-03-15 to None
2012-03-06 00:00:00+00:00,19.954572677612305,35.83333206176758,36.027130126953125,35.66860580444336,35.7655029296875,650986,OKE_2,2010-03-15 to None
2012-03-07 00:00:00+00:00,20.105655670166016,36.104652404785156,36.114341735839844,35.65891647338867,35.91085433959961,502068,OKE_2,2010-03-15 to None
2012-03-08 00:00:00+00:00,19.911405563354492,35.75581359863281,36.19186019897461,35.7170524597168,36.172481536865234,806508,OKE_2,2010-03-15 to None
2012-03-09 00:00:00+00:00,19.943788528442383,35.8139533996582,35.99806213378906,35.66860580444336,35.85271453857422,684319,OKE_2,2010-03-15 to None
2012-03-12 00:00:00+00:00,20.18661880493164,36.25,36.356590270996094,35.85271453857422,35.88178253173828,525082,OKE_2,2010-03-15 to None
2012-03-13 00:00:00+00:00,20.526548385620117,36.86046600341797,36.86046600341797,36.31782913208008,36.48255920410156,879367,OKE_2,2010-03-15 to None
2012-03-14 00:00:00+00:00,20.424028396606445,36.67635726928711,37.00581359863281,36.511627197265625,36.7829475402832,565846,OKE_2,2010-03-15 to None
2012-03-15 00:00:00+00:00,20.488780975341797,36.79263687133789,36.82170486450195,36.46317672729492,36.7829475402832,521470,OKE_2,2010-03-15 to None
2012-03-16 00:00:00+00:00,20.467191696166992,36.753875732421875,36.85077667236328,36.5794563293457,36.84108352661133,769253,OKE_2,2010-03-15 to None
2012-03-19 00:00:00+00:00,20.558931350708008,36.91860580444336,37.03488540649414,36.637596130371094,36.7829475402832,617342,OKE_2,2010-03-15 to None
2012-03-20 00:00:00+00:00,20.548133850097656,36.89922332763672,37.04457473754883,36.71511459350586,36.7829475402832,451913,OKE_2,2010-03-15 to None
2012-03-21 00:00:00+00:00,20.53194808959961,36.870155334472656,37.054264068603516,36.82170486450195,36.98643493652344,433750,OKE_2,2010-03-15 to None
2012-03-22 00:00:00+00:00,20.4833927154541,36.7829475402832,36.91860580444336,36.4050407409668,36.77325439453125,606094,OKE_2,2010-03-15 to None
2012-03-23 00:00:00+00:00,20.58592414855957,36.9670524597168,37.180233001708984,36.598838806152344,36.879844665527344,516516,OKE_2,2010-03-15 to None
2012-03-26 00:00:00+00:00,20.769393920898438,37.296512603759766,37.38372039794922,37.00581359863281,37.18992233276367,584318,OKE_2,2010-03-15 to None
2012-03-27 00:00:00+00:00,20.915069580078125,37.55813980102539,37.69379806518555,37.238372802734375,37.354652404785156,669665,OKE_2,2010-03-15 to None
2012-03-28 00:00:00+00:00,21.001413345336914,37.71317672729492,37.74224853515625,37.30620193481445,37.55813980102539,741802,OKE_2,2010-03-15 to None
2012-03-29 00:00:00+00:00,20.95591163635254,37.49031066894531,37.58720779418945,37.122093200683594,37.422481536865234,488962,OKE_2,2010-03-15 to None
2012-03-30 00:00:00+00:00,20.97757911682129,37.52907180786133,37.819766998291016,37.5,37.6550407409668,598870,OKE_2,2010-03-15 to None
2012-04-02 00:00:00+00:00,21.037151336669922,37.635658264160156,37.887596130371094,37.50968933105469,37.52907180786133,673070,OKE_2,2010-03-15 to None
2012-04-03 00:00:00+00:00,21.091333389282227,37.73255920410156,37.77131652832031,37.480621337890625,37.68410873413086,600934,OKE_2,2010-03-15 to None
2012-04-04 00:00:00+00:00,20.853002548217773,37.30620193481445,37.635658264160156,37.20930099487305,37.55813980102539,808262,OKE_2,2010-03-15 to None
2012-04-05 00:00:00+00:00,20.31137466430664,36.33720779418945,36.6860466003418,36.143409729003906,36.6860466003418,1434686,OKE_2,2010-03-15 to None
2012-04-09 00:00:00+00:00,20.20846939086914,36.15310287475586,36.172481536865234,35.75581359863281,35.95930099487305,814145,OKE_2,2010-03-15 to None
2012-04-10 00:00:00+00:00,19.997211456298828,35.77519226074219,36.42441940307617,35.72674560546875,36.230621337890625,749026,OKE_2,2010-03-15 to None
2012-04-11 00:00:00+00:00,20.408863067626953,36.511627197265625,36.54069900512695,35.95930099487305,36.046512603759766,700728,OKE_2,2010-03-15 to None
2012-04-12 00:00:00+00:00,20.441356658935547,36.569766998291016,36.656978607177734,36.356590270996094,36.453487396240234,665537,OKE_2,2010-03-15 to None
2012-04-13 00:00:00+00:00,20.316783905029297,36.34689712524414,36.879844665527344,36.33720779418945,36.472869873046875,636538,OKE_2,2010-03-15 to None
2012-04-16 00:00:00+00:00,20.603839874267578,36.86046600341797,37.04457473754883,36.453487396240234,36.60852813720703,757075,OKE_2,2010-03-15 to None
2012-04-17 00:00:00+00:00,20.70675277709961,37.04457473754883,37.25775146484375,36.812015533447266,37.08333206176758,611254,OKE_2,2010-03-15 to None
2012-04-18 00:00:00+00:00,20.625516891479492,36.89922332763672,37.180233001708984,36.879844665527344,36.996124267578125,500726,OKE_2,2010-03-15 to None
2012-04-19 00:00:00+00:00,20.57135581970215,36.80232620239258,37.25775146484375,36.72480773925781,36.879844665527344,892474,OKE_2,2010-03-15 to None
2012-04-20 00:00:00+00:00,20.923412322998047,37.43217086791992,37.56782913208008,36.937984466552734,36.98643493652344,618478,OKE_2,2010-03-15 to None
2012-04-23 00:00:00+00:00,20.863832473754883,37.32558059692383,37.3449592590332,37.0155029296875,37.180233001708984,609499,OKE_2,2010-03-15 to None
2012-04-24 00:00:00+00:00,21.123828887939453,37.79069900512695,37.85852813720703,37.38372039794922,37.393409729003906,655526,OKE_2,2010-03-15 to None
2012-04-25 00:00:00+00:00,21.372974395751953,38.23643493652344,38.33333206176758,37.945735931396484,38.003875732421875,736745,OKE_2,2010-03-15 to None
2012-04-26 00:00:00+00:00,21.345897674560547,38.187984466552734,38.362403869628906,38.02325439453125,38.25581359863281,771523,OKE_2,2010-03-15 to None
2012-04-27 00:00:00+00:00,21.33827781677246,38.0329475402832,38.28488540649414,37.86821746826172,38.27519226074219,636847,OKE_2,2010-03-15 to None
2012-04-30 00:00:00+00:00,21.387216567993164,38.120155334472656,38.187984466552734,37.819766998291016,37.96511459350586,513420,OKE_2,2010-03-15 to None
2012-05-01 00:00:00+00:00,21.44156837463379,38.2170524597168,38.585269927978516,38.120155334472656,38.16860580444336,609086,OKE_2,2010-03-15 to None
2012-05-02 00:00:00+00:00,21.34915542602539,38.05232620239258,38.3139533996582,37.848838806152344,38.13953399658203,663060,OKE_2,2010-03-15 to None
2012-05-03 00:00:00+00:00,21.44156837463379,38.2170524597168,38.372093200683594,38.16860580444336,38.22674560546875,801348,OKE_2,2010-03-15 to None
2012-05-04 00:00:00+00:00,21.360021591186523,38.07170486450195,38.3139533996582,37.9844970703125,38.2170524597168,655320,OKE_2,2010-03-15 to None
2012-05-07 00:00:00+00:00,21.43613624572754,38.20736312866211,38.27519226074219,37.9844970703125,37.9844970703125,547992,OKE_2,2010-03-15 to None
2012-05-08 00:00:00+00:00,21.44156837463379,38.2170524597168,38.35271453857422,38.003875732421875,38.10077667236328,688963,OKE_2,2010-03-15 to None
2012-05-09 00:00:00+00:00,21.33827781677246,38.0329475402832,38.19767379760742,37.85852813720703,38.02325439453125,751606,OKE_2,2010-03-15 to None
2012-05-10 00:00:00+00:00,21.37089729309082,38.09108352661133,38.28488540649414,37.67441940307617,38.22674560546875,591852,OKE_2,2010-03-15 to None
2012-05-11 00:00:00+00:00,21.56661605834961,38.43992233276367,38.62403106689453,37.81007766723633,37.83914566040039,589685,OKE_2,2010-03-15 to None
2012-05-14 00:00:00+00:00,21.316539764404297,37.99418640136719,38.33333206176758,37.99418640136719,38.25581359863281,499385,OKE_2,2010-03-15 to None
2012-05-15 00:00:00+00:00,21.490489959716797,38.304264068603516,38.430233001708984,37.91666793823242,38.129844665527344,740047,OKE_2,2010-03-15 to None
2012-05-16 00:00:00+00:00,21.365467071533203,38.08139419555664,38.49806213378906,38.05232620239258,38.44961166381836,717343,OKE_2,2010-03-15 to None
2012-05-17 00:00:00+00:00,20.85987091064453,37.180233001708984,38.15891647338867,37.180233001708984,38.120155334472656,1016314,OKE_2,2010-03-15 to None
2012-05-18 00:00:00+00:00,20.669578552246094,36.84108352661133,37.47092819213867,36.82170486450195,37.10271453857422,845827,OKE_2,2010-03-15 to None
2012-05-21 00:00:00+00:00,20.88705825805664,37.22868347167969,37.22868347167969,36.511627197265625,36.92829513549805,795362,OKE_2,2010-03-15 to None
2012-05-22 00:00:00+00:00,21.055580139160156,37.52907180786133,37.58720779418945,37.20930099487305,37.3449592590332,667188,OKE_2,2010-03-15 to None
2012-05-23 00:00:00+00:00,21.00121307373047,37.43217086791992,37.5,36.97674560546875,37.38372039794922,417960,OKE_2,2010-03-15 to None
2012-05-24 00:00:00+00:00,21.055580139160156,37.52907180786133,37.703487396240234,37.10271453857422,37.5,539633,OKE_2,2010-03-15 to None
2012-05-25 00:00:00+00:00,20.979467391967773,37.393409729003906,37.664730072021484,37.277130126953125,37.55813980102539,414967,OKE_2,2010-03-15 to None
2012-05-29 00:00:00+00:00,21.26760482788086,37.906978607177734,37.9360466003418,37.5,37.664730072021484,525391,OKE_2,2010-03-15 to None
2012-05-30 00:00:00+00:00,20.757930755615234,36.86046600341797,37.6550407409668,36.86046600341797,37.6550407409668,604855,OKE_2,2010-03-15 to None
2012-05-31 00:00:00+00:00,20.916187286376953,37.14147186279297,37.461238861083984,36.72480773925781,36.937984466552734,735300,OKE_2,2010-03-15 to None
2012-06-01 00:00:00+00:00,20.626962661743164,36.627906799316406,37.14147186279297,36.43410873413086,36.656978607177734,998357,OKE_2,2010-03-15 to None
2012-06-04 00:00:00+00:00,20.61058807373047,36.598838806152344,37.04457473754883,36.4050407409668,36.72480773925781,622296,OKE_2,2010-03-15 to None
2012-06-05 00:00:00+00:00,21.085344314575195,37.44186019897461,37.49031066894531,36.472869873046875,36.5794563293457,738706,OKE_2,2010-03-15 to None
2012-06-06 00:00:00+00:00,21.707439422607422,38.546512603759766,38.546512603759766,37.59689712524414,37.71317672729492,1105891,OKE_2,2010-03-15 to None
2012-06-07 00:00:00+00:00,21.358186721801758,37.92635726928711,38.7984504699707,37.86821746826172,38.7984504699707,800729,OKE_2,2010-03-15 to None
2012-06-08 00:00:00+00:00,21.658313751220703,38.45930099487305,38.45930099487305,37.887596130371094,37.96511459350586,489787,OKE_2,2010-03-15 to None
2012-06-11 00:00:00+00:00,21.23813819885254,37.71317672729492,38.895347595214844,37.68410873413086,38.895347595214844,873691,OKE_2,2010-03-15 to None
2012-06-12 00:00:00+00:00,21.52733612060547,38.22674560546875,38.246124267578125,37.80038833618164,37.887596130371094,546754,OKE_2,2010-03-15 to None
2012-06-13 00:00:00+00:00,21.478239059448242,38.13953399658203,38.50775146484375,37.887596130371094,38.16860580444336,517342,OKE_2,2010-03-15 to None
2012-06-14 00:00:00+00:00,21.723796844482422,38.57558059692383,38.69186019897461,38.14922332763672,38.23643493652344,655114,OKE_2,2010-03-15 to None
2012-06-15 00:00:00+00:00,21.64194107055664,38.430233001708984,38.75968933105469,38.39147186279297,38.7015495300293,988140,OKE_2,2010-03-15 to None
2012-06-18 00:00:00+00:00,21.94753074645996,38.972869873046875,39.16666793823242,38.32364273071289,38.372093200683594,881122,OKE_2,2010-03-15 to None
2012-06-19 00:00:00+00:00,22.083938598632812,39.21511459350586,39.41860580444336,39.00193786621094,39.02131652832031,744175,OKE_2,2010-03-15 to None
2012-06-20 00:00:00+00:00,22.073036193847656,39.195735931396484,39.34108352661133,38.77907180786133,39.24418640136719,843454,OKE_2,2010-03-15 to None
2012-06-21 00:00:00+00:00,21.86567497253418,38.827518463134766,39.38953399658203,38.68217086791992,39.34108352661133,663163,OKE_2,2010-03-15 to None
2012-06-22 00:00:00+00:00,21.882047653198242,38.856590270996094,39.137596130371094,38.788761138916016,38.94379806518555,887726,OKE_2,2010-03-15 to None
2012-06-25 00:00:00+00:00,21.942079544067383,38.96317672729492,39.11821746826172,38.56589126586914,38.56589126586914,645000,OKE_2,2010-03-15 to None
2012-06-26 00:00:00+00:00,22.105770111083984,39.253875732421875,39.54457473754883,38.885658264160156,39.04069900512695,695981,OKE_2,2010-03-15 to None
2012-06-27 00:00:00+00:00,22.214920043945312,39.44767379760742,39.5155029296875,39.24418640136719,39.45736312866211,643039,OKE_2,2010-03-15 to None
2012-06-28 00:00:00+00:00,22.57964515686035,39.9515495300293,39.9515495300293,39.11821746826172,39.24418640136719,756869,OKE_2,2010-03-15 to None
2012-06-29 00:00:00+00:00,22.875377655029297,40.47480773925781,40.59108352661133,40.19379806518555,40.59108352661133,1119101,OKE_2,2010-03-15 to None
2012-07-02 00:00:00+00:00,23.023263931274414,40.73643493652344,40.8139533996582,40.42635726928711,40.57170486450195,607229,OKE_2,2010-03-15 to None
2012-07-03 00:00:00+00:00,23.050640106201172,40.78488540649414,40.9205436706543,40.63953399658203,40.69767379760742,375338,OKE_2,2010-03-15 to None
2012-07-05 00:00:00+00:00,22.963014602661133,40.629844665527344,40.82364273071289,40.49418640136719,40.69767379760742,478229,OKE_2,2010-03-15 to None
2012-07-06 00:00:00+00:00,23.056100845336914,40.79457473754883,40.79457473754883,40.45542526245117,40.46511459350586,397939,OKE_2,2010-03-15 to None
2012-07-09 00:00:00+00:00,22.853473663330078,40.4360466003418,40.82364273071289,40.06782913208008,40.804264068603516,1174416,OKE_2,2010-03-15 to None
2012-07-10 00:00:00+00:00,22.754892349243164,40.261627197265625,40.64922332763672,40.135658264160156,40.59108352661133,700728,OKE_2,2010-03-15 to None
2012-07-11 00:00:00+00:00,22.842529296875,40.41666793823242,40.45542526245117,40.08720779418945,40.261627197265625,831173,OKE_2,2010-03-15 to None
2012-07-12 00:00:00+00:00,22.97396469116211,40.64922332763672,40.843021392822266,40.0484504699707,40.30038833618164,577817,OKE_2,2010-03-15 to None
2012-07-13 00:00:00+00:00,23.280651092529297,41.19186019897461,41.19186019897461,40.61046600341797,40.70736312866211,712080,OKE_2,2010-03-15 to None
2012-07-16 00:00:00+00:00,23.094449996948242,40.862403869628906,41.27907180786133,40.57170486450195,41.18217086791992,1016830,OKE_2,2010-03-15 to None
2012-07-17 00:00:00+00:00,23.165634155273438,40.988372802734375,41.085269927978516,40.629844665527344,41.01744079589844,936230,OKE_2,2010-03-15 to None
2012-07-18 00:00:00+00:00,23.061595916748047,40.804264068603516,41.085269927978516,40.69767379760742,40.968990325927734,576682,OKE_2,2010-03-15 to None
2012-07-19 00:00:00+00:00,22.837060928344727,40.406978607177734,40.97868347167969,40.106590270996094,40.91085433959961,692678,OKE_2,2010-03-15 to None
2012-07-20 00:00:00+00:00,22.743942260742188,40.24224853515625,40.39728546142578,40.08720779418945,40.135658264160156,577610,OKE_2,2010-03-15 to None
2012-07-23 00:00:00+00:00,22.815149307250977,40.36821746826172,40.59108352661133,39.72868347167969,39.75775146484375,542006,OKE_2,2010-03-15 to None
2012-07-24 00:00:00+00:00,22.853473663330078,40.4360466003418,40.58139419555664,40.1550407409668,40.387596130371094,633751,OKE_2,2010-03-15 to None
2012-07-25 00:00:00+00:00,22.815149307250977,40.36821746826172,40.5329475402832,40.1550407409668,40.46511459350586,444482,OKE_2,2010-03-15 to None
2012-07-26 00:00:00+00:00,22.404401779174805,39.64147186279297,40.70736312866211,39.2344970703125,40.69767379760742,1036438,OKE_2,2010-03-15 to None
2012-07-27 00:00:00+00:00,22.612518310546875,40.00968933105469,40.12596893310547,39.57364273071289,39.94186019897461,703514,OKE_2,2010-03-15 to None
2012-07-30 00:00:00+00:00,22.654272079467773,39.94186019897461,40.135658264160156,39.74806213378906,39.91279220581055,585350,OKE_2,2010-03-15 to None
2012-07-31 00:00:00+00:00,22.643281936645508,39.922481536865234,40.12596893310547,39.796512603759766,40.02907180786133,499901,OKE_2,2010-03-15 to None
2012-08-01 00:00:00+00:00,22.51138687133789,39.68992233276367,40.21317672729492,39.60271453857422,40.12596893310547,506506,OKE_2,2010-03-15 to None
2012-08-02 00:00:00+00:00,22.654272079467773,39.94186019897461,39.99031066894531,39.4670524597168,39.58333206176758,459343,OKE_2,2010-03-15 to None
2012-08-03 00:00:00+00:00,22.758699417114258,40.12596893310547,40.503875732421875,40.00968933105469,40.23255920410156,472966,OKE_2,2010-03-15 to None
2012-08-06 00:00:00+00:00,22.61581802368164,39.87403106689453,40.261627197265625,39.8449592590332,40.164730072021484,414554,OKE_2,2010-03-15 to None
2012-08-07 00:00:00+00:00,22.395971298217773,39.48643493652344,40.0,39.379844665527344,40.0,596083,OKE_2,2010-03-15 to None
2012-08-08 00:00:00+00:00,22.4564266204834,39.593021392822266,39.64147186279297,39.34108352661133,39.5155029296875,536537,OKE_2,2010-03-15 to None
2012-08-09 00:00:00+00:00,22.26406478881836,39.253875732421875,39.6705436706543,39.20542526245117,39.6705436706543,756972,OKE_2,2010-03-15 to None
2012-08-10 00:00:00+00:00,22.302541732788086,39.32170486450195,39.41860580444336,39.011627197265625,39.21511459350586,798871,OKE_2,2010-03-15 to None
2012-08-13 00:00:00+00:00,22.308046340942383,39.33139419555664,39.54457473754883,39.17635726928711,39.26356506347656,614762,OKE_2,2010-03-15 to None
2012-08-14 00:00:00+00:00,22.352006912231445,39.40891647338867,39.5155029296875,39.195735931396484,39.34108352661133,602275,OKE_2,2010-03-15 to None
2012-08-15 00:00:00+00:00,22.31353187561035,39.34108352661133,39.52519226074219,39.27325439453125,39.35077667236328,649954,OKE_2,2010-03-15 to None
2012-08-16 00:00:00+00:00,22.830171585083008,40.25193786621094,40.503875732421875,39.40891647338867,39.5155029296875,1541705,OKE_2,2010-03-15 to None
2012-08-17 00:00:00+00:00,22.929073333740234,40.42635726928711,40.64922332763672,40.164730072021484,40.164730072021484,904548,OKE_2,2010-03-15 to None
2012-08-20 00:00:00+00:00,23.071971893310547,40.67829513549805,40.930233001708984,40.36821746826172,40.503875732421875,1189896,OKE_2,2010-03-15 to None
2012-08-21 00:00:00+00:00,23.00052833557129,40.55232620239258,40.82364273071289,40.41666793823242,40.67829513549805,959966,OKE_2,2010-03-15 to None
2012-08-22 00:00:00+00:00,23.02800750732422,40.60077667236328,40.629844665527344,40.12596893310547,40.47480773925781,792886,OKE_2,2010-03-15 to None
2012-08-23 00:00:00+00:00,22.995023727416992,40.54263687133789,40.72674560546875,40.35852813720703,40.4844970703125,698767,OKE_2,2010-03-15 to None
2012-08-24 00:00:00+00:00,23.275331497192383,41.03682327270508,41.13372039794922,40.58139419555664,40.61046600341797,915694,OKE_2,2010-03-15 to None
2012-08-27 00:00:00+00:00,23.253341674804688,40.99806213378906,41.211238861083984,40.70736312866211,41.046512603759766,643452,OKE_2,2010-03-15 to None
2012-08-28 00:00:00+00:00,23.610578536987305,41.627906799316406,41.627906799316406,40.901161193847656,40.93992233276367,1121784,OKE_2,2010-03-15 to None
2012-08-29 00:00:00+00:00,23.440214157104492,41.327518463134766,41.61821746826172,41.18217086791992,41.5794563293457,817241,OKE_2,2010-03-15 to None
2012-08-30 00:00:00+00:00,23.31389617919922,40.95930099487305,41.211238861083984,40.7170524597168,41.19186019897461,873382,OKE_2,2010-03-15 to None
2012-08-31 00:00:00+00:00,23.23667335510254,40.82364273071289,41.230621337890625,40.47480773925781,41.143409729003906,4871143,OKE_2,2010-03-15 to None
2012-09-04 00:00:00+00:00,23.562101364135742,41.395347595214844,41.4050407409668,40.47480773925781,40.746124267578125,1113528,OKE_2,2010-03-15 to None
2012-09-05 00:00:00+00:00,23.429729461669922,41.16279220581055,41.472869873046875,40.8139533996582,41.414730072021484,828799,OKE_2,2010-03-15 to None
2012-09-06 00:00:00+00:00,23.280797958374023,40.901161193847656,42.848838806152344,40.746124267578125,42.6550407409668,7586645,OKE_2,2010-03-15 to None
2012-09-07 00:00:00+00:00,23.595197677612305,41.453487396240234,41.879844665527344,40.78488540649414,40.843021392822266,1869984,OKE_2,2010-03-15 to None
2012-09-10 00:00:00+00:00,23.4462833404541,41.19186019897461,41.49224853515625,41.085269927978516,41.34689712524414,1133033,OKE_2,2010-03-15 to None
2012-09-11 00:00:00+00:00,23.30838966369629,40.94961166381836,41.414730072021484,40.843021392822266,41.230621337890625,1092682,OKE_2,2010-03-15 to None
2012-09-12 00:00:00+00:00,23.170507431030273,40.70736312866211,41.13372039794922,40.57170486450195,40.95930099487305,1065746,OKE_2,2010-03-15 to None
2012-09-13 00:00:00+00:00,23.242204666137695,40.83333206176758,41.19186019897461,40.69767379760742,41.01744079589844,1274726,OKE_2,2010-03-15 to None
2012-09-14 00:00:00+00:00,23.275291442871094,40.89147186279297,41.16279220581055,40.75581359863281,40.843021392822266,1143146,OKE_2,2010-03-15 to None
2012-09-17 00:00:00+00:00,23.253231048583984,40.85271453857422,41.211238861083984,40.85271453857422,40.901161193847656,744072,OKE_2,2010-03-15 to None
2012-09-18 00:00:00+00:00,23.06571388244629,40.52325439453125,41.01744079589844,40.4844970703125,41.00775146484375,894434,OKE_2,2010-03-15 to None
2012-09-19 00:00:00+00:00,22.905752182006836,40.24224853515625,40.79457473754883,40.24224853515625,40.58139419555664,917035,OKE_2,2010-03-15 to None
2012-09-20 00:00:00+00:00,22.718223571777344,39.91279220581055,40.17441940307617,39.796512603759766,40.135658264160156,823226,OKE_2,2010-03-15 to None
2012-09-21 00:00:00+00:00,22.701663970947266,39.88372039794922,40.135658264160156,39.796512603759766,40.09689712524414,1539641,OKE_2,2010-03-15 to None
2012-09-24 00:00:00+00:00,22.83957290649414,40.12596893310547,40.387596130371094,39.81589126586914,39.88372039794922,1349856,OKE_2,2010-03-15 to None
2012-09-25 00:00:00+00:00,22.525190353393555,39.57364273071289,40.36821746826172,39.52519226074219,40.12596893310547,1284634,OKE_2,2010-03-15 to None
2012-09-26 00:00:00+00:00,22.403844833374023,39.36046600341797,39.738372802734375,39.098838806152344,39.53488540649414,1216625,OKE_2,2010-03-15 to None
2012-09-27 00:00:00+00:00,22.54279136657715,39.45736312866211,39.63178253173828,39.30232620239258,39.42829513549805,854186,OKE_2,2010-03-15 to None
2012-09-28 00:00:00+00:00,22.63692283630371,39.622093200683594,39.82558059692383,39.24418640136719,39.45736312866211,1260382,OKE_2,2010-03-15 to None
2012-10-01 00:00:00+00:00,22.564931869506836,39.496124267578125,39.854652404785156,39.10852813720703,39.796512603759766,1202280,OKE_2,2010-03-15 to None
2012-10-02 00:00:00+00:00,22.747634887695312,39.81589126586914,39.82558059692383,39.48643493652344,39.593021392822266,861720,OKE_2,2010-03-15 to None
2012-10-03 00:00:00+00:00,22.891565322875977,40.06782913208008,40.30038833618164,39.777130126953125,40.02907180786133,1083394,OKE_2,2010-03-15 to None
2012-10-04 00:00:00+00:00,22.863893508911133,40.019378662109375,40.29069900512695,39.76744079589844,40.18410873413086,759139,OKE_2,2010-03-15 to None
2012-10-05 00:00:00+00:00,22.830678939819336,39.961238861083984,40.261627197265625,39.854652404785156,40.06782913208008,742730,OKE_2,2010-03-15 to None
2012-10-08 00:00:00+00:00,22.753175735473633,39.82558059692383,40.00968933105469,39.6705436706543,39.961238861083984,562234,OKE_2,2010-03-15 to None
2012-10-09 00:00:00+00:00,22.653518676757812,39.651161193847656,40.00968933105469,39.612403869628906,39.81589126586914,459137,OKE_2,2010-03-15 to None
2012-10-10 00:00:00+00:00,22.7697811126709,39.854652404785156,40.08720779418945,39.680233001708984,39.835269927978516,589788,OKE_2,2010-03-15 to None
2012-10-11 00:00:00+00:00,22.719955444335938,39.76744079589844,40.12596893310547,39.718990325927734,40.05813980102539,691234,OKE_2,2010-03-15 to None
2012-10-12 00:00:00+00:00,22.697811126708984,39.72868347167969,40.0,39.622093200683594,39.72868347167969,484214,OKE_2,2010-03-15 to None
2012-10-15 00:00:00+00:00,22.941396713256836,40.1550407409668,40.406978607177734,39.777130126953125,40.145347595214844,1060586,OKE_2,2010-03-15 to None
2012-10-16 00:00:00+00:00,22.880502700805664,40.0484504699707,40.33914566040039,39.93217086791992,40.261627197265625,926117,OKE_2,2010-03-15 to None
2012-10-17 00:00:00+00:00,22.775320053100586,39.864341735839844,40.08720779418945,39.50581359863281,39.980621337890625,895466,OKE_2,2010-03-15 to None
2012-10-18 00:00:00+00:00,22.880502700805664,40.0484504699707,40.19379806518555,39.87403106689453,39.91279220581055,697632,OKE_2,2010-03-15 to None
2012-10-19 00:00:00+00:00,22.664587020874023,39.6705436706543,40.18410873413086,39.6705436706543,40.038761138916016,811565,OKE_2,2010-03-15 to None
2012-10-22 00:00:00+00:00,22.664587020874023,39.6705436706543,39.81589126586914,39.48643493652344,39.6705436706543,567187,OKE_2,2010-03-15 to None
2012-10-23 00:00:00+00:00,22.492990493774414,39.370155334472656,39.718990325927734,39.127906799316406,39.50581359863281,683494,OKE_2,2010-03-15 to None
2012-10-24 00:00:00+00:00,22.55939292907715,39.48643493652344,39.5639533996582,39.26356506347656,39.38953399658203,629210,OKE_2,2010-03-15 to None
2012-10-25 00:00:00+00:00,22.243852615356445,38.93410873413086,39.612403869628906,38.81782913208008,39.5155029296875,869770,OKE_2,2010-03-15 to None
2012-10-26 00:00:00+00:00,21.928300857543945,38.38178253173828,38.92441940307617,37.606590270996094,38.92441940307617,1414975,OKE_2,2010-03-15 to None
2012-10-31 00:00:00+00:00,21.823266983032227,38.05232620239258,38.55620193481445,37.71317672729492,38.362403869628906,1308576,OKE_2,2010-03-15 to None
2012-11-01 00:00:00+00:00,21.98442268371582,38.33333206176758,38.604652404785156,37.635658264160156,37.945735931396484,1285769,OKE_2,2010-03-15 to None
2012-11-02 00:00:00+00:00,21.928863525390625,38.23643493652344,38.55620193481445,38.15891647338867,38.49806213378906,1016830,OKE_2,2010-03-15 to None
2012-11-05 00:00:00+00:00,21.828819274902344,38.062015533447266,38.401161193847656,37.92635726928711,38.39147186279297,824155,OKE_2,2010-03-15 to None
2012-11-06 00:00:00+00:00,21.845478057861328,38.09108352661133,38.246124267578125,37.887596130371094,38.246124267578125,636847,OKE_2,2010-03-15 to None
2012-11-07 00:00:00+00:00,21.57875633239746,37.62596893310547,38.062015533447266,37.50968933105469,37.887596130371094,1055839,OKE_2,2010-03-15 to None
2012-11-08 00:00:00+00:00,21.4509334564209,37.40310287475586,37.62596893310547,37.3449592590332,37.59689712524414,1063373,OKE_2,2010-03-15 to None
2012-11-09 00:00:00+00:00,21.33978843688965,37.20930099487305,37.461238861083984,36.77325439453125,37.218990325927734,871008,OKE_2,2010-03-15 to None
2012-11-12 00:00:00+00:00,21.12860107421875,36.84108352661133,37.26744079589844,36.82170486450195,37.218990325927734,555835,OKE_2,2010-03-15 to None
2012-11-13 00:00:00+00:00,21.028593063354492,36.66666793823242,36.97674560546875,36.385658264160156,36.61821746826172,731069,OKE_2,2010-03-15 to None
2012-11-14 00:00:00+00:00,20.81740951538086,36.2984504699707,36.812015533447266,36.172481536865234,36.55038833618164,1184117,OKE_2,2010-03-15 to None
2012-11-15 00:00:00+00:00,20.83963394165039,36.33720779418945,36.82170486450195,36.211238861083984,36.288761138916016,1358731,OKE_2,2010-03-15 to None
2012-11-16 00:00:00+00:00,21.33978843688965,37.20930099487305,37.37403106689453,36.34689712524414,36.34689712524414,1223333,OKE_2,2010-03-15 to None
2012-11-19 00:00:00+00:00,21.350902557373047,37.22868347167969,37.55813980102539,37.0155029296875,37.5,983393,OKE_2,2010-03-15 to None
2012-11-20 00:00:00+00:00,21.83993911743164,38.08139419555664,38.08139419555664,37.32558059692383,37.393409729003906,1085664,OKE_2,2010-03-15 to None
2012-11-21 00:00:00+00:00,21.889957427978516,38.16860580444336,38.39147186279297,37.635658264160156,38.22674560546875,882566,OKE_2,2010-03-15 to None
2012-11-23 00:00:00+00:00,21.856609344482422,38.11046600341797,38.468990325927734,37.945735931396484,38.33333206176758,338393,OKE_2,2010-03-15 to None
2012-11-26 00:00:00+00:00,21.956640243530273,38.28488540649414,38.4205436706543,37.85852813720703,38.062015533447266,879367,OKE_2,2010-03-15 to None
2012-11-27 00:00:00+00:00,21.923294067382812,38.22674560546875,38.32364273071289,37.6550407409668,38.10077667236328,1208162,OKE_2,2010-03-15 to None
2012-11-28 00:00:00+00:00,21.845478057861328,38.09108352661133,38.304264068603516,37.91666793823242,38.003875732421875,864610,OKE_2,2010-03-15 to None
2012-11-29 00:00:00+00:00,21.946474075317383,38.120155334472656,38.25581359863281,37.71317672729492,38.14922332763672,1243354,OKE_2,2010-03-15 to None
2012-11-30 00:00:00+00:00,22.694021224975586,39.41860580444336,39.41860580444336,38.09108352661133,38.14922332763672,3626035,OKE_2,2010-03-15 to None
2012-12-03 00:00:00+00:00,22.45412826538086,39.00193786621094,39.40891647338867,38.827518463134766,39.312015533447266,1238606,OKE_2,2010-03-15 to None
2012-12-04 00:00:00+00:00,22.49875259399414,39.0794563293457,39.20542526245117,38.885658264160156,38.885658264160156,583080,OKE_2,2010-03-15 to None
2012-12-05 00:00:00+00:00,22.409502029418945,38.92441940307617,39.21511459350586,38.81782913208008,39.16666793823242,616001,OKE_2,2010-03-15 to None
2012-12-06 00:00:00+00:00,22.682857513427734,39.39922332763672,39.40891647338867,38.9050407409668,38.92441940307617,896808,OKE_2,2010-03-15 to None
2012-12-07 00:00:00+00:00,22.671693801879883,39.379844665527344,39.52519226074219,39.30232620239258,39.35077667236328,847891,OKE_2,2010-03-15 to None
2012-12-10 00:00:00+00:00,22.62708282470703,39.30232620239258,39.58333206176758,39.16666793823242,39.32170486450195,774310,OKE_2,2010-03-15 to None
2012-12-11 00:00:00+00:00,22.632644653320312,39.312015533447266,39.52519226074219,39.17635726928711,39.41860580444336,779470,OKE_2,2010-03-15 to None
2012-12-12 00:00:00+00:00,22.509920120239258,39.098838806152344,39.48643493652344,39.05038833618164,39.32170486450195,892267,OKE_2,2010-03-15 to None
2012-12-13 00:00:00+00:00,22.470861434936523,39.031009674072266,39.30232620239258,38.9050407409668,39.11821746826172,700006,OKE_2,2010-03-15 to None
2012-12-14 00:00:00+00:00,22.515501022338867,39.10852813720703,39.22480773925781,38.98255920410156,39.02131652832031,487414,OKE_2,2010-03-15 to None
2012-12-17 00:00:00+00:00,22.7553768157959,39.52519226074219,39.58333206176758,38.885658264160156,39.2344970703125,745207,OKE_2,2010-03-15 to None
2012-12-18 00:00:00+00:00,22.850217819213867,39.68992233276367,39.70930099487305,39.36046600341797,39.554264068603516,672658,OKE_2,2010-03-15 to None
2012-12-19 00:00:00+00:00,22.654958724975586,39.35077667236328,39.78682327270508,39.32170486450195,39.78682327270508,944074,OKE_2,2010-03-15 to None
2012-12-20 00:00:00+00:00,22.805585861206055,39.612403869628906,39.74806213378906,39.38953399658203,39.593021392822266,1026221,OKE_2,2010-03-15 to None
2012-12-21 00:00:00+00:00,22.71074676513672,39.44767379760742,39.81589126586914,39.32170486450195,39.437984466552734,1507855,OKE_2,2010-03-15 to None
2012-12-24 00:00:00+00:00,22.738643646240234,39.496124267578125,39.76744079589844,39.40891647338867,39.44767379760742,479983,OKE_2,2010-03-15 to None
2012-12-26 00:00:00+00:00,22.64380645751953,39.33139419555664,39.738372802734375,39.098838806152344,39.48643493652344,836746,OKE_2,2010-03-15 to None
2012-12-27 00:00:00+00:00,22.621477127075195,39.29263687133789,39.48643493652344,39.02131652832031,39.36046600341797,670490,OKE_2,2010-03-15 to None
2012-12-28 00:00:00+00:00,22.477014541625977,38.895347595214844,39.33139419555664,38.87596893310547,39.05038833618164,443966,OKE_2,2010-03-15 to None
2012-12-31 00:00:00+00:00,22.516220092773438,38.96317672729492,39.1860466003418,38.75968933105469,38.84689712524414,998047,OKE_2,2010-03-15 to None
2013-01-02 00:00:00+00:00,23.020179748535156,39.835269927978516,39.893409729003906,39.21511459350586,39.58333206176758,998770,OKE_2,2010-03-15 to None
2013-01-03 00:00:00+00:00,22.952980041503906,39.718990325927734,40.06782913208008,39.612403869628906,39.87403106689453,1187213,OKE_2,2010-03-15 to None
2013-01-04 00:00:00+00:00,23.143394470214844,40.0484504699707,40.06782913208008,39.57364273071289,39.75775146484375,1639126,OKE_2,2010-03-15 to None
2013-01-07 00:00:00+00:00,23.378564834594727,40.45542526245117,40.804264068603516,39.651161193847656,40.06782913208008,2808485,OKE_2,2010-03-15 to None
2013-01-08 00:00:00+00:00,23.47935676574707,40.629844665527344,40.687984466552734,40.05813980102539,40.387596130371094,1453262,OKE_2,2010-03-15 to None
2013-01-09 00:00:00+00:00,23.641746520996094,40.91085433959961,40.95930099487305,40.47480773925781,40.746124267578125,1540363,OKE_2,2010-03-15 to None
2013-01-10 00:00:00+00:00,23.966520309448242,41.472869873046875,41.472869873046875,40.69767379760742,41.01744079589844,2402806,OKE_2,2010-03-15 to None
2013-01-11 00:00:00+00:00,24.02252197265625,41.569766998291016,41.61821746826172,41.211238861083984,41.33720779418945,2532941,OKE_2,2010-03-15 to None
2013-01-14 00:00:00+00:00,24.201717376708984,41.879844665527344,42.00581359863281,41.472869873046875,41.511627197265625,1542427,OKE_2,2010-03-15 to None
2013-01-15 00:00:00+00:00,24.257719039916992,41.97674560546875,42.16085433959961,41.71511459350586,41.879844665527344,1199803,OKE_2,2010-03-15 to None
2013-01-16 00:00:00+00:00,24.319303512573242,42.08333206176758,42.22868347167969,41.753875732421875,41.937984466552734,1053362,OKE_2,2010-03-15 to None
2013-01-17 00:00:00+00:00,24.593685150146484,42.55813980102539,42.69379806518555,42.112403869628906,42.19961166381836,1420445,OKE_2,2010-03-15 to None
2013-01-18 00:00:00+00:00,24.660888671875,42.67441940307617,42.97480773925781,42.32558059692383,42.67441940307617,9041042,OKE_2,2010-03-15 to None
2013-01-22 00:00:00+00:00,24.660888671875,42.67441940307617,42.722869873046875,42.22868347167969,42.538761138916016,1956569,OKE_2,2010-03-15 to None
2013-01-23 00:00:00+00:00,24.46489715576172,42.335269927978516,42.77131652832031,42.24806213378906,42.71317672729492,4275266,OKE_2,2010-03-15 to None
2013-01-24 00:00:00+00:00,24.470491409301758,42.3449592590332,42.664730072021484,42.16085433959961,42.335269927978516,3008796,OKE_2,2010-03-15 to None
2013-01-25 00:00:00+00:00,24.347307205200195,42.13178253173828,42.538761138916016,41.937984466552734,42.44186019897461,1555637,OKE_2,2010-03-15 to None
2013-01-28 00:00:00+00:00,24.71688461303711,42.77131652832031,42.92635726928711,42.40310287475586,42.52907180786133,2435004,OKE_2,2010-03-15 to None
2013-01-29 00:00:00+00:00,24.39769172668457,42.218990325927734,42.77131652832031,42.054264068603516,42.75193786621094,2257603,OKE_2,2010-03-15 to None
2013-01-30 00:00:00+00:00,24.493860244750977,42.20930099487305,42.50968933105469,41.870155334472656,42.10271453857422,2257810,OKE_2,2010-03-15 to None
2013-01-31 00:00:00+00:00,24.561321258544922,42.32558059692383,42.364341735839844,41.870155334472656,42.14147186279297,1463273,OKE_2,2010-03-15 to None
2013-02-01 00:00:00+00:00,24.40387535095215,42.054264068603516,42.480621337890625,41.9670524597168,42.37403106689453,1110742,OKE_2,2010-03-15 to None
2013-02-04 00:00:00+00:00,24.41513442993164,42.07364273071289,42.277130126953125,41.9670524597168,41.996124267578125,1154189,OKE_2,2010-03-15 to None
2013-02-05 00:00:00+00:00,24.4376220703125,42.112403869628906,42.296512603759766,41.95736312866211,42.18992233276367,1086696,OKE_2,2010-03-15 to None
2013-02-06 00:00:00+00:00,24.4376220703125,42.112403869628906,42.393409729003906,42.0639533996582,42.10271453857422,1122197,OKE_2,2010-03-15 to None
2013-02-07 00:00:00+00:00,24.454496383666992,42.14147186279297,42.238372802734375,41.90891647338867,42.238372802734375,984734,OKE_2,2010-03-15 to None
2013-02-08 00:00:00+00:00,24.291427612304688,41.86046600341797,42.19961166381836,41.83139419555664,42.1705436706543,1426637,OKE_2,2010-03-15 to None
2013-02-11 00:00:00+00:00,24.53321647644043,42.277130126953125,42.32558059692383,41.88953399658203,42.02519226074219,1321579,OKE_2,2010-03-15 to None
2013-02-12 00:00:00+00:00,25.022415161132812,43.120155334472656,43.120155334472656,42.22868347167969,42.3449592590332,1970604,OKE_2,2010-03-15 to None
2013-02-13 00:00:00+00:00,25.050525665283203,43.16860580444336,43.16860580444336,42.83914566040039,43.08139419555664,1350888,OKE_2,2010-03-15 to None
2013-02-14 00:00:00+00:00,24.904340744018555,42.91666793823242,43.0329475402832,42.6550407409668,42.9360466003418,910946,OKE_2,2010-03-15 to None
2013-02-15 00:00:00+00:00,24.999914169311523,43.08139419555664,43.120155334472656,42.877906799316406,43.003875732421875,973073,OKE_2,2010-03-15 to None
2013-02-19 00:00:00+00:00,25.1348876953125,43.3139533996582,43.604652404785156,43.14922332763672,43.39147186279297,1782677,OKE_2,2010-03-15 to None
2013-02-20 00:00:00+00:00,25.084291458129883,43.22674560546875,43.488372802734375,43.07170486450195,43.38178253173828,1302590,OKE_2,2010-03-15 to None
2013-02-21 00:00:00+00:00,24.90995216369629,42.92635726928711,43.43992233276367,42.71317672729492,43.3139533996582,1311053,OKE_2,2010-03-15 to None
2013-02-22 00:00:00+00:00,25.005544662475586,43.09108352661133,43.15891647338867,42.83914566040039,42.906978607177734,848717,OKE_2,2010-03-15 to None
2013-02-25 00:00:00+00:00,24.94370460510254,42.9844970703125,43.27519226074219,42.89728546142578,43.129844665527344,1525399,OKE_2,2010-03-15 to None
2013-02-26 00:00:00+00:00,25.24733543395996,43.50775146484375,43.527130126953125,42.877906799316406,43.15891647338867,1409196,OKE_2,2010-03-15 to None
2013-02-27 00:00:00+00:00,25.62051773071289,43.972869873046875,44.06007766723633,43.01356506347656,43.120155334472656,1390207,OKE_2,2010-03-15 to None
2013-02-28 00:00:00+00:00,25.7729549407959,44.2344970703125,44.437984466552734,43.96317672729492,44.011627197265625,2245735,OKE_2,2010-03-15 to None
2013-03-01 00:00:00+00:00,25.84636688232422,44.36046600341797,44.45736312866211,43.7984504699707,44.0794563293457,1416936,OKE_2,2010-03-15 to None
2013-03-04 00:00:00+00:00,26.027015686035156,44.6705436706543,44.69961166381836,44.11821746826172,44.26356506347656,1127563,OKE_2,2010-03-15 to None
2013-03-05 00:00:00+00:00,26.320598602294922,45.17441940307617,45.203487396240234,44.75775146484375,44.93217086791992,1830046,OKE_2,2010-03-15 to None
2013-03-06 00:00:00+00:00,25.998796463012695,44.622093200683594,44.64147186279297,43.94379806518555,43.953487396240234,18175481,OKE_2,2010-03-15 to None
2013-03-07 00:00:00+00:00,25.976221084594727,44.58333206176758,44.622093200683594,44.36046600341797,44.47674560546875,3760402,OKE_2,2010-03-15 to None
2013-03-08 00:00:00+00:00,25.914108276367188,44.47674560546875,44.612403869628906,43.98255920410156,44.612403869628906,2568751,OKE_2,2010-03-15 to None
2013-03-11 00:00:00+00:00,25.439861297607422,43.66279220581055,44.34108352661133,43.32364273071289,44.34108352661133,2289079,OKE_2,2010-03-15 to None
2013-03-12 00:00:00+00:00,25.219680786132812,43.28488540649414,43.730621337890625,43.16860580444336,43.68217086791992,1832522,OKE_2,2010-03-15 to None
2013-03-13 00:00:00+00:00,25.08983039855957,43.062015533447266,43.47868347167969,42.877906799316406,43.362403869628906,2214569,OKE_2,2010-03-15 to None
2013-03-14 00:00:00+00:00,25.27047348022461,43.372093200683594,43.45930099487305,43.13953399658203,43.20736312866211,1464305,OKE_2,2010-03-15 to None
2013-03-15 00:00:00+00:00,25.259201049804688,43.35271453857422,43.43992233276367,43.04263687133789,43.38178253173828,2402599,OKE_2,2010-03-15 to None
2013-03-18 00:00:00+00:00,25.08983039855957,43.062015533447266,43.23643493652344,42.89728546142578,43.09108352661133,1715803,OKE_2,2010-03-15 to None
2013-03-19 00:00:00+00:00,24.8696346282959,42.68410873413086,43.13953399658203,42.30620193481445,42.97480773925781,1910232,OKE_2,2010-03-15 to None
2013-03-20 00:00:00+00:00,24.886566162109375,42.71317672729492,42.877906799316406,42.364341735839844,42.69379806518555,1506823,OKE_2,2010-03-15 to None
2013-03-21 00:00:00+00:00,24.914804458618164,42.761627197265625,43.01356506347656,42.635658264160156,42.6550407409668,1202280,OKE_2,2010-03-15 to None
2013-03-22 00:00:00+00:00,25.101110458374023,43.08139419555664,43.120155334472656,42.86821746826172,42.89728546142578,1104653,OKE_2,2010-03-15 to None
2013-03-25 00:00:00+00:00,24.95994758605957,42.83914566040039,43.304264068603516,42.645347595214844,43.04263687133789,1444697,OKE_2,2010-03-15 to None
2013-03-26 00:00:00+00:00,25.372102737426758,43.546512603759766,43.546512603759766,42.9360466003418,43.120155334472656,2290834,OKE_2,2010-03-15 to None
2013-03-27 00:00:00+00:00,25.508729934692383,43.604652404785156,43.63372039794922,43.25581359863281,43.41085433959961,1519517,OKE_2,2010-03-15 to None
2013-03-28 00:00:00+00:00,25.70713233947754,43.94379806518555,43.96317672729492,43.362403869628906,43.4205436706543,2509514,OKE_2,2010-03-15 to None
2013-04-01 00:00:00+00:00,25.83184242248535,44.156978607177734,44.156978607177734,43.50775146484375,43.895347595214844,1292167,OKE_2,2010-03-15 to None
2013-04-02 00:00:00+00:00,25.933870315551758,44.33139419555664,44.33139419555664,44.069766998291016,44.27325439453125,1809922,OKE_2,2010-03-15 to None
2013-04-03 00:00:00+00:00,25.848831176757812,44.1860466003418,44.379844665527344,43.93410873413086,44.33139419555664,1820448,OKE_2,2010-03-15 to None
2013-04-04 00:00:00+00:00,26.00756072998047,44.45736312866211,44.48643493652344,44.137596130371094,44.30232620239258,1161413,OKE_2,2010-03-15 to None
2013-04-05 00:00:00+00:00,26.09259605407715,44.60271453857422,44.612403869628906,43.98255920410156,44.10852813720703,1483810,OKE_2,2010-03-15 to None
2013-04-08 00:00:00+00:00,26.30231285095215,44.961238861083984,44.961238861083984,44.53488540649414,44.622093200683594,1775762,OKE_2,2010-03-15 to None
2013-04-09 00:00:00+00:00,26.33633804321289,45.019378662109375,45.18410873413086,44.68992233276367,44.961238861083984,1635823,OKE_2,2010-03-15 to None
2013-04-10 00:00:00+00:00,26.52906608581543,45.348838806152344,45.445735931396484,45.09689712524414,45.203487396240234,1603625,OKE_2,2010-03-15 to None
2013-04-11 00:00:00+00:00,27.03925323486328,46.22092819213867,46.22092819213867,45.348838806152344,45.387596130371094,3214577,OKE_2,2010-03-15 to None
2013-04-12 00:00:00+00:00,27.0562686920166,46.25,46.25,45.9205436706543,46.0949592590332,1516524,OKE_2,2010-03-15 to None
2013-04-15 00:00:00+00:00,26.568748474121094,45.41666793823242,46.49224853515625,45.41666793823242,46.172481536865234,1657082,OKE_2,2010-03-15 to None
2013-04-16 00:00:00+00:00,27.146949768066406,46.4050407409668,46.43410873413086,45.377906799316406,45.61046600341797,1527773,OKE_2,2010-03-15 to None
2013-04-17 00:00:00+00:00,26.99958038330078,46.15310287475586,46.22092819213867,45.843021392822266,46.19186019897461,1112496,OKE_2,2010-03-15 to None
2013-04-18 00:00:00+00:00,27.266008377075195,46.60852813720703,46.627906799316406,45.99806213378906,46.22092819213867,1200010,OKE_2,2010-03-15 to None
2013-04-19 00:00:00+00:00,27.776168823242188,47.480621337890625,47.480621337890625,46.54069900512695,46.66666793823242,1272766,OKE_2,2010-03-15 to None
2013-04-22 00:00:00+00:00,27.84986114501953,47.606590270996094,47.61627960205078,47.0639533996582,47.480621337890625,1335408,OKE_2,2010-03-15 to None
2013-04-23 00:00:00+00:00,28.025571823120117,47.906978607177734,48.0329475402832,47.606590270996094,47.69379806518555,1007335,OKE_2,2010-03-15 to None
2013-04-24 00:00:00+00:00,27.934886932373047,47.75193786621094,47.8294563293457,47.5484504699707,47.69379806518555,1270805,OKE_2,2010-03-15 to None
2013-04-25 00:00:00+00:00,28.065256118774414,47.97480773925781,48.41085433959961,47.296512603759766,47.887596130371094,1451714,OKE_2,2010-03-15 to None
2013-04-26 00:00:00+00:00,28.15595817565918,48.129844665527344,48.44961166381836,47.703487396240234,47.703487396240234,1206098,OKE_2,2010-03-15 to None
2013-04-29 00:00:00+00:00,28.64581871032715,48.788761138916016,48.827518463134766,48.11046600341797,48.23643493652344,1442530,OKE_2,2010-03-15 to None
2013-04-30 00:00:00+00:00,28.998546600341797,49.38953399658203,49.38953399658203,48.585269927978516,48.68217086791992,1560797,OKE_2,2010-03-15 to None
2013-05-01 00:00:00+00:00,28.793733596801758,49.04069900512695,49.38953399658203,48.9050407409668,49.30232620239258,924053,OKE_2,2010-03-15 to None
2013-05-02 00:00:00+00:00,29.06683349609375,49.50581359863281,49.75775146484375,49.04069900512695,49.10852813720703,1055736,OKE_2,2010-03-15 to None
2013-05-03 00:00:00+00:00,29.45938491821289,50.17441940307617,50.17441940307617,49.52519226074219,49.87403106689453,1021680,OKE_2,2010-03-15 to None
2013-05-06 00:00:00+00:00,29.39111328125,50.05813980102539,50.23255920410156,49.69961166381836,49.99031066894531,1021680,OKE_2,2010-03-15 to None
2013-05-07 00:00:00+00:00,29.60161018371582,50.41666793823242,50.4360466003418,50.038761138916016,50.23255920410156,922402,OKE_2,2010-03-15 to None
2013-05-08 00:00:00+00:00,29.8576602935791,50.85271453857422,50.9205436706543,50.3294563293457,50.387596130371094,1057594,OKE_2,2010-03-15 to None
2013-05-09 00:00:00+00:00,29.692649841308594,50.57170486450195,51.00775146484375,50.47480773925781,51.00775146484375,1054601,OKE_2,2010-03-15 to None
2013-05-10 00:00:00+00:00,29.704025268554688,50.59108352661133,50.93992233276367,50.49418640136719,50.58139419555664,1430146,OKE_2,2010-03-15 to None
2013-05-13 00:00:00+00:00,30.324167251586914,51.64728546142578,51.70542526245117,50.69767379760742,50.69767379760742,1695576,OKE_2,2010-03-15 to None
2013-05-14 00:00:00+00:00,30.329866409301758,51.656978607177734,51.95736312866211,51.453487396240234,51.46317672729492,1833451,OKE_2,2010-03-15 to None
2013-05-15 00:00:00+00:00,30.858964920043945,52.55813980102539,52.55813980102539,51.44379806518555,51.74418640136719,1171010,OKE_2,2010-03-15 to None
2013-05-16 00:00:00+00:00,30.728130340576172,52.335269927978516,52.91666793823242,52.20930099487305,52.58720779418945,1233240,OKE_2,2010-03-15 to None
2013-05-17 00:00:00+00:00,31.342552185058594,53.38178253173828,53.38178253173828,52.238372802734375,52.480621337890625,3865459,OKE_2,2010-03-15 to None
2013-05-20 00:00:00+00:00,31.13205337524414,53.02325439453125,53.27519226074219,52.73255920410156,53.27519226074219,1175551,OKE_2,2010-03-15 to None
2013-05-21 00:00:00+00:00,31.308414459228516,53.32364273071289,53.53682327270508,53.02325439453125,53.02325439453125,1074725,OKE_2,2010-03-15 to None
2013-05-22 00:00:00+00:00,29.817829132080078,50.78488540649414,53.75968933105469,50.42635726928711,53.28488540649414,3203431,OKE_2,2010-03-15 to None
2013-05-23 00:00:00+00:00,28.805099487304688,49.06007766723633,49.893409729003906,47.819766998291016,49.777130126953125,3881249,OKE_2,2010-03-15 to None
2013-05-24 00:00:00+00:00,28.258934020996094,48.129844665527344,48.93410873413086,47.8294563293457,48.468990325927734,2265137,OKE_2,2010-03-15 to None
2013-05-28 00:00:00+00:00,27.758283615112305,47.277130126953125,48.827518463134766,47.02519226074219,48.50775146484375,2512920,OKE_2,2010-03-15 to None
2013-05-29 00:00:00+00:00,26.984527587890625,45.95930099487305,46.89922332763672,44.41860580444336,46.89922332763672,3931610,OKE_2,2010-03-15 to None
2013-05-30 00:00:00+00:00,26.642414093017578,45.203487396240234,46.4050407409668,44.961238861083984,45.88178253173828,2311267,OKE_2,2010-03-15 to None
2013-05-31 00:00:00+00:00,25.95708465576172,44.04069900512695,45.42635726928711,44.04069900512695,45.05813980102539,2642230,OKE_2,2010-03-15 to None
2013-06-03 00:00:00+00:00,25.483070373535156,43.23643493652344,44.4670524597168,43.14922332763672,43.972869873046875,3603331,OKE_2,2010-03-15 to None
2013-06-04 00:00:00+00:00,24.79774284362793,42.07364273071289,43.50775146484375,42.00581359863281,43.33333206176758,3256166,OKE_2,2010-03-15 to None
2013-06-05 00:00:00+00:00,24.974788665771484,42.37403106689453,42.68410873413086,41.90891647338867,41.91860580444336,3176599,OKE_2,2010-03-15 to None
2013-06-06 00:00:00+00:00,25.93426513671875,44.00193786621094,44.14728546142578,42.151161193847656,42.37403106689453,2861220,OKE_2,2010-03-15 to None
2013-06-07 00:00:00+00:00,25.603017807006836,43.43992233276367,44.11821746826172,42.61627960205078,44.08914566040039,2279791,OKE_2,2010-03-15 to None
2013-06-10 00:00:00+00:00,25.340288162231445,42.99418640136719,43.53682327270508,42.80038833618164,43.45930099487305,1973390,OKE_2,2010-03-15 to None
2013-06-11 00:00:00+00:00,24.951929092407227,42.335269927978516,43.09108352661133,41.85077667236328,42.703487396240234,2219832,OKE_2,2010-03-15 to None
2013-06-12 00:00:00+00:00,24.609268188476562,41.753875732421875,42.67441940307617,41.49224853515625,42.67441940307617,1979892,OKE_2,2010-03-15 to None
2013-06-13 00:00:00+00:00,25.186107635498047,42.73255920410156,42.945735931396484,41.67635726928711,41.753875732421875,2730466,OKE_2,2010-03-15 to None
2013-06-14 00:00:00+00:00,25.66013526916504,43.53682327270508,44.031009674072266,42.67441940307617,42.80038833618164,2789496,OKE_2,2010-03-15 to None
2013-06-17 00:00:00+00:00,25.28317642211914,42.89728546142578,44.02131652832031,42.606590270996094,43.84689712524414,2131183,OKE_2,2010-03-15 to None
2013-06-18 00:00:00+00:00,25.517349243164062,43.29457473754883,43.604652404785156,42.354652404785156,43.062015533447266,1876382,OKE_2,2010-03-15 to None
2013-06-19 00:00:00+00:00,24.814865112304688,42.10271453857422,43.56589126586914,41.80232620239258,43.41085433959961,2454096,OKE_2,2010-03-15 to None
2013-06-20 00:00:00+00:00,23.42705726623535,39.74806213378906,41.74418640136719,39.47674560546875,41.67635726928711,3863395,OKE_2,2010-03-15 to None
2013-06-21 00:00:00+00:00,23.318557739257812,39.5639533996582,40.33914566040039,39.098838806152344,40.0,5904072,OKE_2,2010-03-15 to None
2013-06-24 00:00:00+00:00,23.295692443847656,39.52519226074219,40.42635726928711,38.5949592590332,39.39922332763672,3754622,OKE_2,2010-03-15 to None
2013-06-25 00:00:00+00:00,23.575557708740234,40.0,40.19379806518555,39.34108352661133,39.68992233276367,2529742,OKE_2,2010-03-15 to None
2013-06-26 00:00:00+00:00,23.889667510986328,40.5329475402832,40.687984466552734,40.0484504699707,40.39728546142578,2503426,OKE_2,2010-03-15 to None
2013-06-27 00:00:00+00:00,24.252193450927734,40.968990325927734,41.42441940307617,40.70736312866211,40.70736312866211,2260390,OKE_2,2010-03-15 to None
2013-06-28 00:00:00+00:00,24.045690536499023,40.620155334472656,41.0949592590332,40.35852813720703,41.046512603759766,2665862,OKE_2,2010-03-15 to None
2013-07-01 00:00:00+00:00,24.00554847717285,40.55232620239258,41.12403106689453,40.377906799316406,40.82364273071289,1625710,OKE_2,2010-03-15 to None
2013-07-02 00:00:00+00:00,24.797109603881836,41.88953399658203,42.054264068603516,40.562015533447266,40.687984466552734,3967937,OKE_2,2010-03-15 to None
2013-07-03 00:00:00+00:00,24.871681213378906,42.0155029296875,42.24806213378906,41.07558059692383,41.91860580444336,3001778,OKE_2,2010-03-15 to None
2013-07-05 00:00:00+00:00,24.470163345336914,41.33720779418945,42.0155029296875,40.36821746826172,42.0155029296875,2177107,OKE_2,2010-03-15 to None
2013-07-08 00:00:00+00:00,24.46442222595215,41.327518463134766,41.870155334472656,41.172481536865234,41.2984504699707,3563393,OKE_2,2010-03-15 to None
2013-07-09 00:00:00+00:00,24.84874153137207,41.97674560546875,41.996124267578125,41.50193786621094,41.637596130371094,3225619,OKE_2,2010-03-15 to None
2013-07-10 00:00:00+00:00,24.77417755126953,41.85077667236328,42.24806213378906,41.72480773925781,42.1705436706543,4240178,OKE_2,2010-03-15 to None
2013-07-11 00:00:00+00:00,25.56574821472168,43.187984466552734,43.29457473754883,42.41279220581055,42.43217086791992,1882781,OKE_2,2010-03-15 to None
2013-07-12 00:00:00+00:00,25.720626831054688,43.44961166381836,43.51744079589844,42.97480773925781,43.2655029296875,1358422,OKE_2,2010-03-15 to None
2013-07-15 00:00:00+00:00,25.921390533447266,43.788761138916016,43.93410873413086,43.45930099487305,43.643409729003906,1339949,OKE_2,2010-03-15 to None
2013-07-16 00:00:00+00:00,25.932865142822266,43.80813980102539,44.00193786621094,43.4205436706543,43.75,1497019,OKE_2,2010-03-15 to None
2013-07-17 00:00:00+00:00,26.11642074584961,44.11821746826172,44.2829475402832,43.769378662109375,44.011627197265625,1199184,OKE_2,2010-03-15 to None
2013-07-18 00:00:00+00:00,26.345842361450195,44.50581359863281,44.57364273071289,44.10852813720703,44.24418640136719,1238710,OKE_2,2010-03-15 to None
2013-07-19 00:00:00+00:00,26.001686096191406,43.92441940307617,44.50581359863281,43.9050407409668,44.47674560546875,1645111,OKE_2,2010-03-15 to None
2013-07-22 00:00:00+00:00,26.36880111694336,44.54457473754883,44.54457473754883,43.80813980102539,44.011627197265625,1410950,OKE_2,2010-03-15 to None
2013-07-23 00:00:00+00:00,26.254098892211914,44.35077667236328,44.622093200683594,44.02131652832031,44.54457473754883,1595575,OKE_2,2010-03-15 to None
2013-07-24 00:00:00+00:00,25.47398567199707,43.0329475402832,44.41860580444336,42.8294563293457,44.35077667236328,1753368,OKE_2,2010-03-15 to None
2013-07-25 00:00:00+00:00,25.445302963256836,42.9844970703125,43.45930099487305,42.83914566040039,43.120155334472656,1537990,OKE_2,2010-03-15 to None
2013-07-26 00:00:00+00:00,25.410863876342773,42.92635726928711,43.2655029296875,42.68410873413086,42.877906799316406,1862450,OKE_2,2010-03-15 to None
2013-07-29 00:00:00+00:00,25.51985740661621,43.11046600341797,43.2655029296875,42.97480773925781,42.97480773925781,1887631,OKE_2,2010-03-15 to None
2013-07-30 00:00:00+00:00,25.45766258239746,42.8294563293457,43.7015495300293,42.81007766723633,43.3139533996582,1091753,OKE_2,2010-03-15 to None
2013-07-31 00:00:00+00:00,25.002662658691406,42.0639533996582,43.09108352661133,41.71511459350586,42.9360466003418,1961316,OKE_2,2010-03-15 to None
2013-08-01 00:00:00+00:00,24.662832260131836,41.49224853515625,42.6550407409668,41.48255920410156,42.461238861083984,2746255,OKE_2,2010-03-15 to None
2013-08-02 00:00:00+00:00,24.864408493041992,41.83139419555664,42.00581359863281,41.511627197265625,41.511627197265625,1482984,OKE_2,2010-03-15 to None
2013-08-05 00:00:00+00:00,24.547639846801758,41.2984504699707,42.00581359863281,41.18217086791992,41.84108352661133,1425914,OKE_2,2010-03-15 to None
2013-08-06 00:00:00+00:00,24.536109924316406,41.27907180786133,41.56007766723633,41.01744079589844,41.22092819213867,1669054,OKE_2,2010-03-15 to None
2013-08-07 00:00:00+00:00,24.697385787963867,41.55038833618164,41.66666793823242,40.93992233276367,41.104652404785156,1230144,OKE_2,2010-03-15 to None
2013-08-08 00:00:00+00:00,24.772260665893555,41.67635726928711,41.82170486450195,41.18217086791992,41.82170486450195,993816,OKE_2,2010-03-15 to None
2013-08-09 00:00:00+00:00,25.05448341369629,42.151161193847656,42.519378662109375,41.54069900512695,41.569766998291016,1096810,OKE_2,2010-03-15 to None
2013-08-12 00:00:00+00:00,24.76650047302246,41.66666793823242,42.14147186279297,41.511627197265625,42.093021392822266,1400837,OKE_2,2010-03-15 to None
2013-08-13 00:00:00+00:00,24.23085594177246,40.7655029296875,41.80232620239258,40.55232620239258,41.80232620239258,1816423,OKE_2,2010-03-15 to None
2013-08-14 00:00:00+00:00,24.098377227783203,40.54263687133789,41.01744079589844,40.49418640136719,40.7655029296875,1550683,OKE_2,2010-03-15 to None
2013-08-15 00:00:00+00:00,23.724008560180664,39.91279220581055,40.35852813720703,39.36046600341797,40.261627197265625,2052545,OKE_2,2010-03-15 to None
2013-08-16 00:00:00+00:00,23.096202850341797,38.856590270996094,39.91279220581055,38.66279220581055,39.893409729003906,2353889,OKE_2,2010-03-15 to None
2013-08-19 00:00:00+00:00,22.629661560058594,38.07170486450195,38.856590270996094,38.062015533447266,38.856590270996094,2256778,OKE_2,2010-03-15 to None
2013-08-20 00:00:00+00:00,23.153789520263672,38.953487396240234,39.496124267578125,38.07170486450195,38.187984466552734,3040169,OKE_2,2010-03-15 to None
2013-08-21 00:00:00+00:00,23.0904598236084,38.84689712524414,39.5639533996582,38.66279220581055,38.98255920410156,2218697,OKE_2,2010-03-15 to None
2013-08-22 00:00:00+00:00,23.1883544921875,39.011627197265625,39.35077667236328,38.87596893310547,39.031009674072266,2152236,OKE_2,2010-03-15 to None
2013-08-23 00:00:00+00:00,23.430267333984375,39.41860580444336,39.680233001708984,39.011627197265625,39.34108352661133,2430670,OKE_2,2010-03-15 to None
2013-08-26 00:00:00+00:00,23.153789520263672,38.953487396240234,39.45736312866211,38.885658264160156,39.41860580444336,1356048,OKE_2,2010-03-15 to None
2013-08-27 00:00:00+00:00,23.05588150024414,38.788761138916016,39.137596130371094,38.75,38.788761138916016,1346966,OKE_2,2010-03-15 to None
2013-08-28 00:00:00+00:00,22.796703338623047,38.35271453857422,38.953487396240234,38.2655029296875,38.83720779418945,1478030,OKE_2,2010-03-15 to None
2013-08-29 00:00:00+00:00,23.01194190979004,38.53682327270508,38.69186019897461,37.99418640136719,38.28488540649414,1189070,OKE_2,2010-03-15 to None
2013-08-30 00:00:00+00:00,22.855731964111328,38.27519226074219,38.75,38.13953399658203,38.62403106689453,1162445,OKE_2,2010-03-15 to None
2013-09-03 00:00:00+00:00,22.49119758605957,37.664730072021484,38.75,37.19961166381836,38.75,2774738,OKE_2,2010-03-15 to None
2013-09-04 00:00:00+00:00,22.739999771118164,38.08139419555664,38.14922332763672,37.28682327270508,37.722869873046875,1295779,OKE_2,2010-03-15 to None
2013-09-05 00:00:00+00:00,22.392812728881836,37.5,38.01356506347656,37.461238861083984,37.99418640136719,1193198,OKE_2,2010-03-15 to None
2013-09-06 00:00:00+00:00,22.641632080078125,37.91666793823242,38.28488540649414,37.703487396240234,37.8294563293457,1365130,OKE_2,2010-03-15 to None
2013-09-09 00:00:00+00:00,23.121885299682617,38.72092819213867,38.75968933105469,38.003875732421875,38.17829513549805,1129524,OKE_2,2010-03-15 to None
2013-09-10 00:00:00+00:00,22.861513137817383,38.28488540649414,39.05038833618164,38.187984466552734,39.05038833618164,1467194,OKE_2,2010-03-15 to None
2013-09-11 00:00:00+00:00,22.8846492767334,38.32364273071289,38.49806213378906,37.8294563293457,38.362403869628906,1998158,OKE_2,2010-03-15 to None
2013-09-12 00:00:00+00:00,22.693706512451172,38.003875732421875,38.614341735839844,37.95542526245117,38.44961166381836,1227358,OKE_2,2010-03-15 to None
2013-09-13 00:00:00+00:00,22.68213653564453,37.9844970703125,38.246124267578125,37.9360466003418,38.129844665527344,1431694,OKE_2,2010-03-15 to None
2013-09-16 00:00:00+00:00,23.087181091308594,38.66279220581055,39.1860466003418,38.39147186279297,38.614341735839844,1531901,OKE_2,2010-03-15 to None
2013-09-17 00:00:00+00:00,22.977235794067383,38.47868347167969,38.87596893310547,38.43992233276367,38.614341735839844,1691035,OKE_2,2010-03-15 to None
2013-09-18 00:00:00+00:00,23.596357345581055,39.5155029296875,39.58333206176758,38.0329475402832,38.50775146484375,2819837,OKE_2,2010-03-15 to None
2013-09-19 00:00:00+00:00,23.393844604492188,39.17635726928711,40.106590270996094,39.17635726928711,39.718990325927734,2222412,OKE_2,2010-03-15 to None
2013-09-20 00:00:00+00:00,23.09873390197754,38.68217086791992,39.36046600341797,38.604652404785156,39.34108352661133,2510856,OKE_2,2010-03-15 to None
2013-09-23 00:00:00+00:00,22.93094253540039,38.401161193847656,39.031009674072266,38.343021392822266,38.730621337890625,3748534,OKE_2,2010-03-15 to None
2013-09-24 00:00:00+00:00,23.092947006225586,38.672481536865234,39.137596130371094,38.27519226074219,38.45930099487305,2085156,OKE_2,2010-03-15 to None
2013-09-25 00:00:00+00:00,23.440128326416016,39.253875732421875,39.27325439453125,38.62403106689453,38.75968933105469,2233145,OKE_2,2010-03-15 to None
2013-09-26 00:00:00+00:00,23.775737762451172,39.81589126586914,40.24224853515625,39.24418640136719,39.26356506347656,3832435,OKE_2,2010-03-15 to None
2013-09-27 00:00:00+00:00,23.399112701416016,39.011627197265625,39.64147186279297,38.9050407409668,39.63178253173828,2352134,OKE_2,2010-03-15 to None
2013-09-30 00:00:00+00:00,23.102705001831055,38.51744079589844,39.04069900512695,38.35271453857422,38.72092819213867,2150688,OKE_2,2010-03-15 to None
2013-10-01 00:00:00+00:00,23.625778198242188,39.38953399658203,39.87403106689453,38.546512603759766,38.604652404785156,3137177,OKE_2,2010-03-15 to None
2013-10-02 00:00:00+00:00,23.567657470703125,39.29263687133789,39.4670524597168,39.00193786621094,39.253875732421875,1549135,OKE_2,2010-03-15 to None
2013-10-03 00:00:00+00:00,23.137571334838867,38.57558059692383,39.14728546142578,38.372093200683594,38.98255920410156,2464416,OKE_2,2010-03-15 to None
2013-10-04 00:00:00+00:00,23.073640823364258,38.468990325927734,38.856590270996094,38.23643493652344,38.57558059692383,1705174,OKE_2,2010-03-15 to None
2013-10-07 00:00:00+00:00,23.05620574951172,38.43992233276367,38.77907180786133,38.10077667236328,38.187984466552734,903310,OKE_2,2010-03-15 to None
2013-10-08 00:00:00+00:00,22.81791877746582,38.04263687133789,38.65310287475586,37.887596130371094,38.53682327270508,2204146,OKE_2,2010-03-15 to None
2013-10-09 00:00:00+00:00,22.870214462280273,38.129844665527344,38.585269927978516,38.04263687133789,38.187984466552734,1120649,OKE_2,2010-03-15 to None
2013-10-10 00:00:00+00:00,23.457237243652344,39.10852813720703,39.156978607177734,38.43992233276367,38.585269927978516,1461622,OKE_2,2010-03-15 to None
2013-10-11 00:00:00+00:00,23.625778198242188,39.38953399658203,39.39922332763672,38.546512603759766,38.788761138916016,1280506,OKE_2,2010-03-15 to None
2013-10-14 00:00:00+00:00,23.707143783569336,39.52519226074219,39.57364273071289,39.05038833618164,39.22480773925781,1145314,OKE_2,2010-03-15 to None
2013-10-15 00:00:00+00:00,23.742027282714844,39.58333206176758,39.76744079589844,39.24418640136719,39.44767379760742,1403830,OKE_2,2010-03-15 to None
2013-10-16 00:00:00+00:00,24.183744430541992,40.319766998291016,40.348838806152344,39.58333206176758,39.622093200683594,1501973,OKE_2,2010-03-15 to None
2013-10-17 00:00:00+00:00,24.52664566040039,40.89147186279297,40.99806213378906,40.261627197265625,40.687984466552734,1261414,OKE_2,2010-03-15 to None
2013-10-18 00:00:00+00:00,24.329036712646484,40.562015533447266,41.288761138916016,40.35852813720703,41.13372039794922,1420238,OKE_2,2010-03-15 to None
2013-10-21 00:00:00+00:00,23.974506378173828,39.97092819213867,40.620155334472656,39.91279220581055,40.562015533447266,1806310,OKE_2,2010-03-15 to None
2013-10-22 00:00:00+00:00,23.80014419555664,39.680233001708984,39.922481536865234,39.156978607177734,39.24418640136719,11990705,OKE_2,2010-03-15 to None
2013-10-23 00:00:00+00:00,24.0965633392334,40.17441940307617,40.17441940307617,39.4670524597168,39.680233001708984,4907882,OKE_2,2010-03-15 to None
2013-10-24 00:00:00+00:00,24.143064498901367,40.25193786621094,40.39728546142578,39.80620193481445,40.135658264160156,2822623,OKE_2,2010-03-15 to None
2013-10-25 00:00:00+00:00,24.979982376098633,41.64728546142578,41.656978607177734,40.222869873046875,40.348838806152344,2980106,OKE_2,2010-03-15 to None
2013-10-28 00:00:00+00:00,25.032297134399414,41.7344970703125,41.870155334472656,41.327518463134766,41.66666793823242,2230565,OKE_2,2010-03-15 to None
2013-10-29 00:00:00+00:00,24.97416877746582,41.637596130371094,41.72480773925781,41.327518463134766,41.695735931396484,2414570,OKE_2,2010-03-15 to None
2013-10-30 00:00:00+00:00,24.876117706298828,41.2984504699707,41.6860466003418,41.2015495300293,41.56007766723633,2194548,OKE_2,2010-03-15 to None
2013-10-31 00:00:00+00:00,24.30996322631836,40.35852813720703,41.269378662109375,40.135658264160156,41.25,2524169,OKE_2,2010-03-15 to None
2013-11-01 00:00:00+00:00,24.485061645507812,40.64922332763672,40.73643493652344,40.21317672729492,40.41666793823242,1887425,OKE_2,2010-03-15 to None
2013-11-04 00:00:00+00:00,24.42669677734375,40.55232620239258,40.83333206176758,40.1550407409668,40.64922332763672,1631179,OKE_2,2010-03-15 to None
2013-11-05 00:00:00+00:00,24.193227767944336,40.164730072021484,40.7170524597168,40.1550407409668,40.45542526245117,1865650,OKE_2,2010-03-15 to None
2013-11-06 00:00:00+00:00,24.450035095214844,40.59108352661133,40.8139533996582,40.21317672729492,40.25193786621094,1540466,OKE_2,2010-03-15 to None
2013-11-07 00:00:00+00:00,24.14653205871582,40.08720779418945,40.78488540649414,40.077518463134766,40.7170524597168,1593924,OKE_2,2010-03-15 to None
2013-11-08 00:00:00+00:00,23.381908416748047,38.81782913208008,39.87403106689453,38.672481536865234,39.87403106689453,2413229,OKE_2,2010-03-15 to None
2013-11-11 00:00:00+00:00,23.381908416748047,38.81782913208008,39.1860466003418,38.72092819213867,38.92441940307617,1511674,OKE_2,2010-03-15 to None
2013-11-12 00:00:00+00:00,23.28853416442871,38.66279220581055,38.94379806518555,38.14922332763672,38.94379806518555,2788361,OKE_2,2010-03-15 to None
2013-11-13 00:00:00+00:00,23.40526008605957,38.856590270996094,39.00193786621094,38.47868347167969,38.56589126586914,1466575,OKE_2,2010-03-15 to None
2013-11-14 00:00:00+00:00,23.679588317871094,39.312015533447266,39.612403869628906,39.00193786621094,39.031009674072266,1141908,OKE_2,2010-03-15 to None
2013-11-15 00:00:00+00:00,23.82550048828125,39.554264068603516,39.66085433959961,39.24418640136719,39.38953399658203,1286285,OKE_2,2010-03-15 to None
2013-11-18 00:00:00+00:00,23.434444427490234,38.9050407409668,39.66085433959961,38.84689712524414,39.622093200683594,1314252,OKE_2,2010-03-15 to None
2013-11-19 00:00:00+00:00,23.195133209228516,38.50775146484375,39.127906799316406,38.50775146484375,38.914730072021484,1649033,OKE_2,2010-03-15 to None
2013-11-20 00:00:00+00:00,22.704856872558594,37.69379806518555,38.63372039794922,37.5484504699707,38.546512603759766,2854615,OKE_2,2010-03-15 to None
2013-11-21 00:00:00+00:00,22.710689544677734,37.703487396240234,37.95542526245117,37.4515495300293,37.80038833618164,2037994,OKE_2,2010-03-15 to None
2013-11-22 00:00:00+00:00,22.634809494018555,37.577518463134766,37.86821746826172,37.43217086791992,37.781009674072266,1714668,OKE_2,2010-03-15 to None
2013-11-25 00:00:00+00:00,22.342973709106445,37.093021392822266,37.75193786621094,37.0639533996582,37.74224853515625,2503632,OKE_2,2010-03-15 to None
2013-11-26 00:00:00+00:00,22.10950469970703,36.70542526245117,37.31589126586914,36.695735931396484,36.98643493652344,8468179,OKE_2,2010-03-15 to None
2013-11-27 00:00:00+00:00,22.480167388916016,37.14147186279297,37.31589126586914,36.70542526245117,36.70542526245117,2290524,OKE_2,2010-03-15 to None
2013-11-29 00:00:00+00:00,22.351146697998047,36.92829513549805,37.296512603759766,36.84108352661133,37.22868347167969,875342,OKE_2,2010-03-15 to None
2013-12-02 00:00:00+00:00,22.204517364501953,36.6860466003418,37.054264068603516,36.627906799316406,36.91860580444336,2227985,OKE_2,2010-03-15 to None
2013-12-03 00:00:00+00:00,22.05202865600586,36.43410873413086,36.695735931396484,36.385658264160156,36.5794563293457,1523335,OKE_2,2010-03-15 to None
2013-12-04 00:00:00+00:00,21.6239013671875,35.72674560546875,36.34689712524414,35.61046600341797,36.2984504699707,2742024,OKE_2,2010-03-15 to None
2013-12-05 00:00:00+00:00,21.512462615966797,35.54263687133789,35.88178253173828,35.445735931396484,35.65891647338867,2459772,OKE_2,2010-03-15 to None
2013-12-06 00:00:00+00:00,21.747060775756836,35.930233001708984,36.0949592590332,35.60077667236328,35.70736312866211,2157086,OKE_2,2010-03-15 to None
2013-12-09 00:00:00+00:00,21.89368438720703,36.172481536865234,36.211238861083984,35.79457473754883,35.94961166381836,2000635,OKE_2,2010-03-15 to None
2013-12-10 00:00:00+00:00,21.96993064880371,36.2984504699707,36.42441940307617,36.172481536865234,36.19186019897461,2092999,OKE_2,2010-03-15 to None
2013-12-11 00:00:00+00:00,21.670812606811523,35.804264068603516,36.48255920410156,35.77519226074219,36.453487396240234,2644397,OKE_2,2010-03-15 to None
2013-12-12 00:00:00+00:00,21.805700302124023,36.027130126953125,36.027130126953125,35.5329475402832,35.843021392822266,3180727,OKE_2,2010-03-15 to None
2013-12-13 00:00:00+00:00,22.433256149291992,37.0639533996582,37.112403869628906,36.07558059692383,36.0949592590332,3430884,OKE_2,2010-03-15 to None
2013-12-16 00:00:00+00:00,22.4097900390625,37.02519226074219,37.49031066894531,37.00581359863281,37.354652404785156,2693520,OKE_2,2010-03-15 to None
2013-12-17 00:00:00+00:00,22.87898826599121,37.80038833618164,37.8294563293457,36.9670524597168,37.03488540649414,3128611,OKE_2,2010-03-15 to None
2013-12-18 00:00:00+00:00,23.3012638092041,38.49806213378906,38.643409729003906,37.335269927978516,37.945735931396484,3201470,OKE_2,2010-03-15 to None
2013-12-19 00:00:00+00:00,22.310087203979492,36.86046600341797,38.468990325927734,36.598838806152344,38.43992233276367,3738626,OKE_2,2010-03-15 to None
2013-12-20 00:00:00+00:00,22.075496673583984,36.472869873046875,36.95736312866211,36.43410873413086,36.83139419555664,4010146,OKE_2,2010-03-15 to None
2013-12-23 00:00:00+00:00,22.19279670715332,36.66666793823242,36.9670524597168,36.5794563293457,36.71511459350586,1819726,OKE_2,2010-03-15 to None
2013-12-24 00:00:00+00:00,22.362869262695312,36.94767379760742,37.093021392822266,36.627906799316406,36.70542526245117,902174,OKE_2,2010-03-15 to None
2013-12-26 00:00:00+00:00,22.362869262695312,36.94767379760742,37.30620193481445,36.80232620239258,37.13178253173828,1476173,OKE_2,2010-03-15 to None
2013-12-27 00:00:00+00:00,22.204517364501953,36.6860466003418,36.94767379760742,36.48255920410156,36.90891647338867,1225397,OKE_2,2010-03-15 to None
2013-12-30 00:00:00+00:00,22.099628448486328,36.33720779418945,36.6860466003418,36.269378662109375,36.656978607177734,1866785,OKE_2,2010-03-15 to None
2013-12-31 00:00:00+00:00,21.99943733215332,36.172481536865234,36.5794563293457,36.12403106689453,36.2984504699707,1898261,OKE_2,2010-03-15 to None
2014-01-02 00:00:00+00:00,22.011211395263672,36.19186019897461,36.25,35.862403869628906,36.22092819213867,1684327,OKE_2,2010-03-15 to None
2014-01-03 00:00:00+00:00,22.235170364379883,36.56007766723633,36.637596130371094,36.25968933105469,36.269378662109375,1269876,OKE_2,2010-03-15 to None
2014-01-06 00:00:00+00:00,22.353031158447266,36.753875732421875,36.870155334472656,36.44379806518555,36.79263687133789,1957291,OKE_2,2010-03-15 to None
2014-01-07 00:00:00+00:00,22.46500587463379,36.937984466552734,37.16085433959961,36.753875732421875,37.093021392822266,2088768,OKE_2,2010-03-15 to None
2014-01-08 00:00:00+00:00,22.2056884765625,36.511627197265625,36.95736312866211,36.34689712524414,36.937984466552734,1867610,OKE_2,2010-03-15 to None
2014-01-09 00:00:00+00:00,22.264636993408203,36.60852813720703,36.64728546142578,36.143409729003906,36.52131652832031,1553986,OKE_2,2010-03-15 to None
2014-01-10 00:00:00+00:00,22.724308013916016,37.364341735839844,37.461238861083984,36.54069900512695,36.70542526245117,2511578,OKE_2,2010-03-15 to None
2014-01-13 00:00:00+00:00,22.56519317626953,37.10271453857422,37.4515495300293,36.9670524597168,37.335269927978516,1555327,OKE_2,2010-03-15 to None
2014-01-14 00:00:00+00:00,22.800912857055664,37.49031066894531,37.62596893310547,37.10271453857422,37.180233001708984,1346141,OKE_2,2010-03-15 to None
2014-01-15 00:00:00+00:00,22.848064422607422,37.56782913208008,37.79069900512695,37.49031066894531,37.635658264160156,1411054,OKE_2,2010-03-15 to None
2014-01-16 00:00:00+00:00,22.724308013916016,37.364341735839844,37.5484504699707,37.238372802734375,37.41279220581055,2201462,OKE_2,2010-03-15 to None
2014-01-17 00:00:00+00:00,22.635906219482422,37.218990325927734,37.44186019897461,37.151161193847656,37.364341735839844,1332622,OKE_2,2010-03-15 to None
2014-01-21 00:00:00+00:00,23.16039276123047,38.08139419555664,38.08139419555664,37.277130126953125,37.277130126953125,1665132,OKE_2,2010-03-15 to None
2014-01-22 00:00:00+00:00,23.30183982849121,38.3139533996582,38.546512603759766,37.91666793823242,38.23643493652344,2411578,OKE_2,2010-03-15 to None
2014-01-23 00:00:00+00:00,23.30183982849121,38.3139533996582,38.35271453857422,38.05232620239258,38.3139533996582,1937064,OKE_2,2010-03-15 to None
2014-01-24 00:00:00+00:00,23.30183982849121,38.3139533996582,38.43992233276367,38.0329475402832,38.2655029296875,1944598,OKE_2,2010-03-15 to None
2014-01-27 00:00:00+00:00,23.37845802307129,38.43992233276367,38.68217086791992,38.187984466552734,38.41085433959961,2569370,OKE_2,2010-03-15 to None
2014-01-28 00:00:00+00:00,23.89704132080078,39.29263687133789,39.34108352661133,38.49806213378906,38.49806213378906,3227167,OKE_2,2010-03-15 to None
2014-01-29 00:00:00+00:00,23.891176223754883,39.2829475402832,39.34108352661133,38.96317672729492,39.05038833618164,2082473,OKE_2,2010-03-15 to None
2014-01-30 00:00:00+00:00,24.135059356689453,39.50581359863281,39.680233001708984,39.0794563293457,39.24418640136719,1875660,OKE_2,2010-03-15 to None
2014-01-31 00:00:00+00:00,24.14097785949707,39.5155029296875,39.72868347167969,38.98255920410156,39.21511459350586,1956672,OKE_2,2010-03-15 to None
2014-02-03 00:00:00+00:00,23.51347541809082,38.488372802734375,39.554264068603516,38.372093200683594,39.53488540649414,3438727,OKE_2,2010-03-15 to None
2014-02-04 00:00:00+00:00,23.631874084472656,38.68217086791992,38.75,38.04263687133789,38.468990325927734,2670816,OKE_2,2010-03-15 to None
2014-02-05 00:00:00+00:00,23.77987289428711,38.92441940307617,38.99224853515625,38.51744079589844,38.65310287475586,1557804,OKE_2,2010-03-15 to None
2014-02-06 00:00:00+00:00,23.827228546142578,39.00193786621094,39.2344970703125,38.74031066894531,38.93410873413086,1561519,OKE_2,2010-03-15 to None
2014-02-07 00:00:00+00:00,24.010744094848633,39.30232620239258,39.33139419555664,38.895347595214844,39.069766998291016,1454088,OKE_2,2010-03-15 to None
2014-02-10 00:00:00+00:00,24.265295028686523,39.718990325927734,39.81589126586914,38.96317672729492,39.35077667236328,1498361,OKE_2,2010-03-15 to None
2014-02-11 00:00:00+00:00,24.283050537109375,39.74806213378906,39.9515495300293,39.48643493652344,39.70930099487305,1316522,OKE_2,2010-03-15 to None
2014-02-12 00:00:00+00:00,24.383695602416992,39.91279220581055,40.0,39.57364273071289,39.835269927978516,1726020,OKE_2,2010-03-15 to None
2014-02-13 00:00:00+00:00,24.555360794067383,40.19379806518555,40.39728546142578,39.72868347167969,39.91279220581055,1515905,OKE_2,2010-03-15 to None
2014-02-14 00:00:00+00:00,24.697460174560547,40.42635726928711,40.620155334472656,40.135658264160156,40.18410873413086,1766784,OKE_2,2010-03-15 to None
2014-02-18 00:00:00+00:00,25.117740631103516,41.114341735839844,41.172481536865234,40.077518463134766,40.73643493652344,2726544,OKE_2,2010-03-15 to None
2014-02-19 00:00:00+00:00,25.21246910095215,41.269378662109375,41.80232620239258,40.94961166381836,41.03682327270508,2817360,OKE_2,2010-03-15 to None
2014-02-20 00:00:00+00:00,25.40190315246582,41.5794563293457,41.9670524597168,41.2984504699707,41.414730072021484,2442847,OKE_2,2010-03-15 to None
2014-02-21 00:00:00+00:00,25.697891235351562,42.0639533996582,42.1705436706543,41.569766998291016,41.67635726928711,2200534,OKE_2,2010-03-15 to None
2014-02-24 00:00:00+00:00,25.999797821044922,42.55813980102539,42.887596130371094,42.054264068603516,42.0639533996582,3294660,OKE_2,2010-03-15 to None
2014-02-25 00:00:00+00:00,26.283950805664062,43.02325439453125,43.711238861083984,42.6550407409668,42.71317672729492,3810350,OKE_2,2010-03-15 to None
2014-02-26 00:00:00+00:00,26.343149185180664,43.120155334472656,43.129844665527344,42.67441940307617,43.02325439453125,2373910,OKE_2,2010-03-15 to None
2014-02-27 00:00:00+00:00,26.403791427612305,43.04263687133789,43.14922332763672,42.40310287475586,42.4515495300293,2245426,OKE_2,2010-03-15 to None
2014-02-28 00:00:00+00:00,26.403791427612305,43.04263687133789,43.488372802734375,42.95542526245117,43.04263687133789,3126960,OKE_2,2010-03-15 to None
2014-03-03 00:00:00+00:00,26.183855056762695,42.68410873413086,43.01356506347656,42.393409729003906,42.906978607177734,1855226,OKE_2,2010-03-15 to None
2014-03-04 00:00:00+00:00,26.350292205810547,42.95542526245117,43.19767379760742,42.69379806518555,42.781009674072266,1526431,OKE_2,2010-03-15 to None
2014-03-05 00:00:00+00:00,25.946088790893555,42.296512603759766,43.10077667236328,42.180233001708984,42.9360466003418,1673491,OKE_2,2010-03-15 to None
2014-03-06 00:00:00+00:00,25.411115646362305,41.42441940307617,42.422481536865234,41.395347595214844,42.26744079589844,3120562,OKE_2,2010-03-15 to None
2014-03-07 00:00:00+00:00,24.721588134765625,40.30038833618164,41.288761138916016,40.0,41.19186019897461,3701887,OKE_2,2010-03-15 to None
2014-03-10 00:00:00+00:00,24.632434844970703,40.1550407409668,40.203487396240234,39.64147186279297,39.76744079589844,2624995,OKE_2,2010-03-15 to None
2014-03-11 00:00:00+00:00,24.888025283813477,40.57170486450195,40.7655029296875,40.281009674072266,40.30038833618164,2310545,OKE_2,2010-03-15 to None
2014-03-12 00:00:00+00:00,25.04256820678711,40.82364273071289,40.93992233276367,40.61046600341797,40.64922332763672,2114671,OKE_2,2010-03-15 to None
2014-03-13 00:00:00+00:00,25.155500411987305,41.00775146484375,41.143409729003906,40.629844665527344,40.83333206176758,2120450,OKE_2,2010-03-15 to None
2014-03-14 00:00:00+00:00,25.155500411987305,41.00775146484375,41.4050407409668,40.901161193847656,40.901161193847656,1480198,OKE_2,2010-03-15 to None
2014-03-17 00:00:00+00:00,25.226823806762695,41.12403106689453,41.46317672729492,40.95930099487305,41.2015495300293,2741302,OKE_2,2010-03-15 to None
2014-03-18 00:00:00+00:00,25.119848251342773,40.94961166381836,41.085269927978516,40.72674560546875,41.01744079589844,1755122,OKE_2,2010-03-15 to None
2014-03-19 00:00:00+00:00,24.317386627197266,39.64147186279297,41.16279220581055,39.54457473754883,40.804264068603516,2502187,OKE_2,2010-03-15 to None
2014-03-20 00:00:00+00:00,24.21040153503418,39.4670524597168,39.66085433959961,39.06007766723633,39.63178253173828,2403734,OKE_2,2010-03-15 to None
2014-03-21 00:00:00+00:00,24.430328369140625,39.82558059692383,40.06782913208008,39.36046600341797,39.593021392822266,3598894,OKE_2,2010-03-15 to None
2014-03-24 00:00:00+00:00,24.234169006347656,39.50581359863281,40.19379806518555,38.99224853515625,39.980621337890625,2246664,OKE_2,2010-03-15 to None
2014-03-25 00:00:00+00:00,24.519493103027344,39.97092819213867,40.1550407409668,39.48643493652344,39.81589126586914,1127047,OKE_2,2010-03-15 to None
2014-03-26 00:00:00+00:00,24.24012565612793,39.5155029296875,40.145347595214844,39.50581359863281,40.08720779418945,1651716,OKE_2,2010-03-15 to None
2014-03-27 00:00:00+00:00,24.252012252807617,39.53488540649414,39.53488540649414,38.39147186279297,38.49806213378906,18520788,OKE_2,2010-03-15 to None
2014-03-28 00:00:00+00:00,24.33081817626953,39.48643493652344,39.60271453857422,39.195735931396484,39.35077667236328,3779184,OKE_2,2010-03-15 to None
2014-03-31 00:00:00+00:00,24.396493911743164,39.593021392822266,39.72868347167969,39.06007766723633,39.5639533996582,3012305,OKE_2,2010-03-15 to None
2014-04-01 00:00:00+00:00,24.199460983276367,39.27325439453125,39.680233001708984,38.96317672729492,39.651161193847656,2654510,OKE_2,2010-03-15 to None
2014-04-02 00:00:00+00:00,24.306934356689453,39.44767379760742,39.72868347167969,39.14728546142578,39.24418640136719,2661425,OKE_2,2010-03-15 to None
2014-04-03 00:00:00+00:00,24.12183952331543,39.14728546142578,39.437984466552734,38.972869873046875,39.42829513549805,1807961,OKE_2,2010-03-15 to None
2014-04-04 00:00:00+00:00,24.324857711791992,39.47674560546875,39.680233001708984,39.098838806152344,39.32170486450195,2537791,OKE_2,2010-03-15 to None
2014-04-07 00:00:00+00:00,24.784610748291016,40.222869873046875,40.4844970703125,39.38953399658203,39.4670524597168,3693425,OKE_2,2010-03-15 to None
2014-04-08 00:00:00+00:00,25.029409408569336,40.620155334472656,40.66860580444336,39.80620193481445,39.82558059692383,2974224,OKE_2,2010-03-15 to None
2014-04-09 00:00:00+00:00,24.963712692260742,40.51356506347656,40.930233001708984,40.164730072021484,40.629844665527344,2477522,OKE_2,2010-03-15 to None
2014-04-10 00:00:00+00:00,24.671165466308594,40.038761138916016,40.901161193847656,39.854652404785156,40.54263687133789,1705070,OKE_2,2010-03-15 to None
2014-04-11 00:00:00+00:00,24.73683738708496,40.145347595214844,40.29069900512695,39.81589126586914,39.88372039794922,2221793,OKE_2,2010-03-15 to None
2014-04-14 00:00:00+00:00,24.73683738708496,40.145347595214844,40.42635726928711,39.94186019897461,40.25193786621094,1827156,OKE_2,2010-03-15 to None
2014-04-15 00:00:00+00:00,25.417499542236328,41.25,41.33720779418945,40.145347595214844,40.25193786621094,2884440,OKE_2,2010-03-15 to None
2014-04-16 00:00:00+00:00,25.542877197265625,41.453487396240234,41.52131652832031,40.94961166381836,41.36627960205078,1996920,OKE_2,2010-03-15 to None
2014-04-17 00:00:00+00:00,25.01148223876953,40.59108352661133,41.453487396240234,40.445735931396484,41.453487396240234,2112814,OKE_2,2010-03-15 to None
2014-04-21 00:00:00+00:00,25.035377502441406,40.629844665527344,40.85271453857422,40.42635726928711,40.620155334472656,1304242,OKE_2,2010-03-15 to None
2014-04-22 00:00:00+00:00,25.327939987182617,41.104652404785156,41.16279220581055,40.60077667236328,40.78488540649414,1828188,OKE_2,2010-03-15 to None
2014-04-23 00:00:00+00:00,25.244346618652344,40.968990325927734,41.22092819213867,40.83333206176758,41.07558059692383,1152950,OKE_2,2010-03-15 to None
2014-04-24 00:00:00+00:00,25.51900291442871,41.414730072021484,41.511627197265625,40.93992233276367,41.03682327270508,1508165,OKE_2,2010-03-15 to None
2014-04-25 00:00:00+00:00,25.608572006225586,41.56007766723633,41.76356506347656,41.30813980102539,41.327518463134766,2224682,OKE_2,2010-03-15 to None
2014-04-28 00:00:00+00:00,26.020559310913086,42.22868347167969,42.3449592590332,41.598838806152344,41.64728546142578,2647286,OKE_2,2010-03-15 to None
2014-04-29 00:00:00+00:00,26.02174949645996,42.054264068603516,42.19961166381836,41.80232620239258,42.07364273071289,1977002,OKE_2,2010-03-15 to None
2014-04-30 00:00:00+00:00,26.051727294921875,42.10271453857422,42.19961166381836,41.695735931396484,42.0639533996582,2639134,OKE_2,2010-03-15 to None
2014-05-01 00:00:00+00:00,25.907827377319336,41.870155334472656,42.26744079589844,41.22092819213867,42.25775146484375,2061523,OKE_2,2010-03-15 to None
2014-05-02 00:00:00+00:00,25.907827377319336,41.870155334472656,41.94767379760742,41.31782913208008,41.569766998291016,2146560,OKE_2,2010-03-15 to None
2014-05-05 00:00:00+00:00,26.093690872192383,42.1705436706543,42.28682327270508,41.46317672729492,41.64728546142578,1550477,OKE_2,2010-03-15 to None
2014-05-06 00:00:00+00:00,25.95578956604004,41.94767379760742,42.122093200683594,41.79263687133789,42.122093200683594,2262041,OKE_2,2010-03-15 to None
2014-05-07 00:00:00+00:00,26.507389068603516,42.83914566040039,42.86821746826172,41.86046600341797,41.92829513549805,2229430,OKE_2,2010-03-15 to None
2014-05-08 00:00:00+00:00,26.37550926208496,42.62596893310547,42.96511459350586,42.5,42.8294563293457,1824060,OKE_2,2010-03-15 to None
2014-05-09 00:00:00+00:00,26.249597549438477,42.422481536865234,42.781009674072266,42.18992233276367,42.59689712524414,1709818,OKE_2,2010-03-15 to None
2014-05-12 00:00:00+00:00,26.429473876953125,42.71317672729492,43.10077667236328,42.52907180786133,42.59689712524414,2432114,OKE_2,2010-03-15 to None
2014-05-13 00:00:00+00:00,26.189638137817383,42.32558059692383,43.08139419555664,42.16085433959961,42.761627197265625,1580198,OKE_2,2010-03-15 to None
2014-05-14 00:00:00+00:00,26.14167022705078,42.24806213378906,42.635658264160156,41.937984466552734,42.354652404785156,1452643,OKE_2,2010-03-15 to None
2014-05-15 00:00:00+00:00,25.889829635620117,41.84108352661133,42.19961166381836,41.56007766723633,42.03488540649414,2388874,OKE_2,2010-03-15 to None
2014-05-16 00:00:00+00:00,26.30954360961914,42.519378662109375,42.519378662109375,41.66666793823242,41.77325439453125,1487318,OKE_2,2010-03-15 to None
2014-05-19 00:00:00+00:00,26.183629989624023,42.31589126586914,42.52907180786133,42.13178253173828,42.38372039794922,1214767,OKE_2,2010-03-15 to None
2014-05-20 00:00:00+00:00,26.189638137817383,42.32558059692383,42.635658264160156,42.20930099487305,42.393409729003906,1463170,OKE_2,2010-03-15 to None
2014-05-21 00:00:00+00:00,25.99177360534668,42.00581359863281,42.47092819213867,41.66666793823242,42.32558059692383,2348832,OKE_2,2010-03-15 to None
2014-05-22 00:00:00+00:00,25.715965270996094,41.56007766723633,42.112403869628906,41.531009674072266,42.00581359863281,2369782,OKE_2,2010-03-15 to None
2014-05-23 00:00:00+00:00,25.739938735961914,41.598838806152344,41.97674560546875,41.511627197265625,41.70542526245117,1872358,OKE_2,2010-03-15 to None
2014-05-27 00:00:00+00:00,25.871862411499023,41.812015533447266,41.98643493652344,41.49224853515625,41.76356506347656,1795680,OKE_2,2010-03-15 to None
2014-05-28 00:00:00+00:00,25.877853393554688,41.82170486450195,42.02519226074219,41.37596893310547,41.83139419555664,2911788,OKE_2,2010-03-15 to None
2014-05-29 00:00:00+00:00,26.10786247253418,42.0155029296875,42.30620193481445,41.58914566040039,41.7344970703125,2122824,OKE_2,2010-03-15 to None
2014-05-30 00:00:00+00:00,26.071727752685547,41.95736312866211,42.180233001708984,41.80232620239258,41.97674560546875,2442950,OKE_2,2010-03-15 to None
2014-06-02 00:00:00+00:00,26.186141967773438,42.14147186279297,42.238372802734375,41.64728546142578,41.94767379760742,1554605,OKE_2,2010-03-15 to None
2014-06-03 00:00:00+00:00,26.059682846069336,41.937984466552734,42.1705436706543,41.86046600341797,41.996124267578125,1180814,OKE_2,2010-03-15 to None
2014-06-04 00:00:00+00:00,25.95130157470703,41.76356506347656,41.97674560546875,41.67635726928711,41.90891647338867,1208782,OKE_2,2010-03-15 to None
2014-06-05 00:00:00+00:00,26.559423446655273,42.74224853515625,42.79069900512695,41.76356506347656,41.86046600341797,2194238,OKE_2,2010-03-15 to None
2014-06-06 00:00:00+00:00,26.53536033630371,42.703487396240234,42.9360466003418,42.538761138916016,42.81007766723633,1571633,OKE_2,2010-03-15 to None
2014-06-09 00:00:00+00:00,26.047645568847656,41.91860580444336,42.781009674072266,41.79263687133789,42.62596893310547,1707857,OKE_2,2010-03-15 to None
2014-06-10 00:00:00+00:00,26.041629791259766,41.90891647338867,42.093021392822266,41.66666793823242,41.88953399658203,1502282,OKE_2,2010-03-15 to None
2014-06-11 00:00:00+00:00,26.156009674072266,42.093021392822266,42.112403869628906,41.77325439453125,41.89922332763672,1930253,OKE_2,2010-03-15 to None
2014-06-12 00:00:00+00:00,26.30654525756836,42.335269927978516,42.3449592590332,41.85077667236328,41.92829513549805,1639848,OKE_2,2010-03-15 to None
2014-06-13 00:00:00+00:00,26.402896881103516,42.49031066894531,42.55813980102539,42.03488540649414,42.38372039794922,2181648,OKE_2,2010-03-15 to None
2014-06-16 00:00:00+00:00,26.174081802368164,42.122093200683594,42.81007766723633,42.02519226074219,42.49031066894531,2436139,OKE_2,2010-03-15 to None
2014-06-17 00:00:00+00:00,26.30054473876953,42.32558059692383,42.5484504699707,41.9670524597168,42.093021392822266,1840469,OKE_2,2010-03-15 to None
2014-06-18 00:00:00+00:00,26.601591110229492,42.81007766723633,42.906978607177734,42.16085433959961,42.31589126586914,1386079,OKE_2,2010-03-15 to None
2014-06-19 00:00:00+00:00,26.78823471069336,43.11046600341797,43.120155334472656,42.664730072021484,42.83914566040039,1540879,OKE_2,2010-03-15 to None
2014-06-20 00:00:00+00:00,27.059213638305664,43.546512603759766,43.546512603759766,42.848838806152344,43.062015533447266,2497750,OKE_2,2010-03-15 to None
2014-06-23 00:00:00+00:00,26.78823471069336,43.11046600341797,43.585269927978516,43.08139419555664,43.50775146484375,1708579,OKE_2,2010-03-15 to None
2014-06-24 00:00:00+00:00,26.716007232666016,42.99418640136719,43.129844665527344,42.75193786621094,43.07170486450195,1605070,OKE_2,2010-03-15 to None
2014-06-25 00:00:00+00:00,26.679868698120117,42.9360466003418,43.16860580444336,42.79069900512695,42.95542526245117,1363891,OKE_2,2010-03-15 to None
2014-06-26 00:00:00+00:00,26.559423446655273,42.74224853515625,42.97480773925781,42.52907180786133,42.9360466003418,1714874,OKE_2,2010-03-15 to None
2014-06-27 00:00:00+00:00,26.736589431762695,42.848838806152344,42.9844970703125,42.37403106689453,42.56782913208008,1645008,OKE_2,2010-03-15 to None
2014-06-30 00:00:00+00:00,26.85752296447754,43.04263687133789,43.07170486450195,42.50968933105469,42.85852813720703,1889076,OKE_2,2010-03-15 to None
2014-07-01 00:00:00+00:00,27.12355613708496,43.468990325927734,43.527130126953125,42.80038833618164,43.11046600341797,2296097,OKE_2,2010-03-15 to None
2014-07-02 00:00:00+00:00,26.948205947875977,43.187984466552734,43.49806213378906,43.01356506347656,43.33333206176758,1618279,OKE_2,2010-03-15 to None
2014-07-03 00:00:00+00:00,26.74264144897461,42.85852813720703,43.15891647338867,42.61627960205078,43.15891647338867,979471,OKE_2,2010-03-15 to None
2014-07-07 00:00:00+00:00,26.930086135864258,43.15891647338867,43.23643493652344,42.71317672729492,42.819766998291016,1499186,OKE_2,2010-03-15 to None
2014-07-08 00:00:00+00:00,27.051006317138672,43.35271453857422,43.57558059692383,42.95542526245117,43.07170486450195,1678238,OKE_2,2010-03-15 to None
2014-07-09 00:00:00+00:00,27.099380493164062,43.430233001708984,43.7015495300293,43.120155334472656,43.41085433959961,1579889,OKE_2,2010-03-15 to None
2014-07-10 00:00:00+00:00,27.292858123779297,43.74031066894531,43.827518463134766,43.05232620239258,43.07170486450195,1508784,OKE_2,2010-03-15 to None
2014-07-11 00:00:00+00:00,27.274703979492188,43.711238861083984,43.7984504699707,43.401161193847656,43.74031066894531,897943,OKE_2,2010-03-15 to None
2014-07-14 00:00:00+00:00,27.43192481994629,43.96317672729492,44.031009674072266,43.55620193481445,43.7984504699707,1085767,OKE_2,2010-03-15 to None
2014-07-15 00:00:00+00:00,27.437971115112305,43.972869873046875,44.20542526245117,43.80813980102539,43.972869873046875,1354913,OKE_2,2010-03-15 to None
2014-07-16 00:00:00+00:00,27.3714656829834,43.86627960205078,44.05038833618164,43.56589126586914,44.011627197265625,1552334,OKE_2,2010-03-15 to None
2014-07-17 00:00:00+00:00,27.38958740234375,43.895347595214844,44.0794563293457,43.7015495300293,43.74031066894531,1164302,OKE_2,2010-03-15 to None
2014-07-18 00:00:00+00:00,27.68585777282715,44.370155334472656,44.41860580444336,43.9050407409668,43.953487396240234,1067914,OKE_2,2010-03-15 to None
2014-07-21 00:00:00+00:00,27.55889129638672,44.16666793823242,44.29263687133789,43.9050407409668,44.1860466003418,1111464,OKE_2,2010-03-15 to None
2014-07-22 00:00:00+00:00,27.353313446044922,43.83720779418945,44.2829475402832,43.80813980102539,44.20542526245117,1580611,OKE_2,2010-03-15 to None
2014-07-23 00:00:00+00:00,27.383546829223633,43.885658264160156,44.0794563293457,43.604652404785156,43.94379806518555,2724274,OKE_2,2010-03-15 to None
2014-07-24 00:00:00+00:00,27.038908004760742,43.33333206176758,44.14728546142578,42.92635726928711,44.08914566040039,2613953,OKE_2,2010-03-15 to None
2014-07-25 00:00:00+00:00,27.020774841308594,43.304264068603516,43.49806213378906,43.120155334472656,43.304264068603516,1214148,OKE_2,2010-03-15 to None
2014-07-28 00:00:00+00:00,27.069149017333984,43.38178253173828,43.7015495300293,43.2170524597168,43.2655029296875,1721892,OKE_2,2010-03-15 to None
2014-07-29 00:00:00+00:00,26.948205947875977,43.187984466552734,43.604652404785156,43.187984466552734,43.44961166381836,1666990,OKE_2,2010-03-15 to None
2014-07-30 00:00:00+00:00,26.373268127441406,42.093021392822266,43.246124267578125,41.80232620239258,43.07170486450195,2655852,OKE_2,2010-03-15 to None
2014-07-31 00:00:00+00:00,26.136499404907227,41.71511459350586,42.02519226074219,41.6860466003418,41.91860580444336,2170709,OKE_2,2010-03-15 to None
2014-08-01 00:00:00+00:00,26.093994140625,41.64728546142578,41.812015533447266,41.44379806518555,41.64728546142578,2666482,OKE_2,2010-03-15 to None
2014-08-04 00:00:00+00:00,26.306495666503906,41.98643493652344,42.093021392822266,41.414730072021484,41.695735931396484,1516834,OKE_2,2010-03-15 to None
2014-08-05 00:00:00+00:00,26.2579288482666,41.90891647338867,42.25775146484375,41.7829475402832,41.98643493652344,1430558,OKE_2,2010-03-15 to None
2014-08-06 00:00:00+00:00,26.312559127807617,41.996124267578125,42.122093200683594,41.80232620239258,41.812015533447266,1296502,OKE_2,2010-03-15 to None
2014-08-07 00:00:00+00:00,26.440053939819336,42.19961166381836,42.26744079589844,41.937984466552734,42.02519226074219,1041082,OKE_2,2010-03-15 to None
2014-08-08 00:00:00+00:00,26.591838836669922,42.44186019897461,42.50968933105469,42.054264068603516,42.18992233276367,1082774,OKE_2,2010-03-15 to None
2014-08-11 00:00:00+00:00,26.525054931640625,42.335269927978516,42.6550407409668,42.122093200683594,42.422481536865234,1675142,OKE_2,2010-03-15 to None
2014-08-12 00:00:00+00:00,26.57362174987793,42.41279220581055,42.5484504699707,42.18992233276367,42.422481536865234,1391858,OKE_2,2010-03-15 to None
2014-08-13 00:00:00+00:00,27.053260803222656,43.17829513549805,43.19767379760742,42.55813980102539,42.56782913208008,1082981,OKE_2,2010-03-15 to None
2014-08-14 00:00:00+00:00,27.047176361083984,43.16860580444336,43.343021392822266,43.0329475402832,43.14922332763672,852742,OKE_2,2010-03-15 to None
2014-08-15 00:00:00+00:00,27.144332885742188,43.32364273071289,43.45930099487305,43.09108352661133,43.343021392822266,1254706,OKE_2,2010-03-15 to None
2014-08-18 00:00:00+00:00,27.393245697021484,43.72092819213867,43.74031066894531,43.22674560546875,43.362403869628906,1302281,OKE_2,2010-03-15 to None
2014-08-19 00:00:00+00:00,27.47216796875,43.84689712524414,43.9050407409668,43.62403106689453,43.77907180786133,848304,OKE_2,2010-03-15 to None
2014-08-20 00:00:00+00:00,27.581436157226562,44.02131652832031,44.0794563293457,43.69186019897461,43.80813980102539,1063063,OKE_2,2010-03-15 to None
2014-08-21 00:00:00+00:00,27.56324005126953,43.99224853515625,44.21511459350586,43.84689712524414,43.914730072021484,822814,OKE_2,2010-03-15 to None
2014-08-22 00:00:00+00:00,27.375041961669922,43.69186019897461,44.0794563293457,43.44961166381836,43.98255920410156,1104343,OKE_2,2010-03-15 to None
2014-08-25 00:00:00+00:00,27.21109962463379,43.430233001708984,43.885658264160156,43.38178253173828,43.87596893310547,1146139,OKE_2,2010-03-15 to None
2014-08-26 00:00:00+00:00,27.17467498779297,43.372093200683594,43.53682327270508,43.28488540649414,43.430233001708984,1129730,OKE_2,2010-03-15 to None
2014-08-27 00:00:00+00:00,27.144332885742188,43.32364273071289,43.527130126953125,43.16860580444336,43.47868347167969,1231382,OKE_2,2010-03-15 to None
2014-08-28 00:00:00+00:00,27.176633834838867,43.19767379760742,43.3139533996582,42.95542526245117,43.01356506347656,918583,OKE_2,2010-03-15 to None
2014-08-29 00:00:00+00:00,27.26198387145996,43.33333206176758,43.362403869628906,43.09108352661133,43.15891647338867,1124983,OKE_2,2010-03-15 to None
2014-09-02 00:00:00+00:00,27.207115173339844,43.246124267578125,43.430233001708984,43.003875732421875,43.304264068603516,1807342,OKE_2,2010-03-15 to None
2014-09-03 00:00:00+00:00,27.176633834838867,43.19767379760742,43.44961166381836,43.09108352661133,43.246124267578125,1481849,OKE_2,2010-03-15 to None
2014-09-04 00:00:00+00:00,27.201007843017578,43.23643493652344,43.50775146484375,42.945735931396484,43.11046600341797,1915805,OKE_2,2010-03-15 to None
2014-09-05 00:00:00+00:00,27.646039962768555,43.94379806518555,43.953487396240234,43.15891647338867,43.2655029296875,1734173,OKE_2,2010-03-15 to None
2014-09-08 00:00:00+00:00,27.420480728149414,43.585269927978516,43.914730072021484,43.32364273071289,43.788761138916016,2563075,OKE_2,2010-03-15 to None
2014-09-09 00:00:00+00:00,27.207115173339844,43.246124267578125,43.62403106689453,42.9360466003418,43.604652404785156,1921997,OKE_2,2010-03-15 to None
2014-09-10 00:00:00+00:00,26.853534698486328,42.68410873413086,43.28488540649414,42.645347595214844,43.28488540649414,1679167,OKE_2,2010-03-15 to None
2014-09-11 00:00:00+00:00,26.670650482177734,42.393409729003906,42.81007766723633,42.238372802734375,42.635658264160156,2322206,OKE_2,2010-03-15 to None
2014-09-12 00:00:00+00:00,25.908620834350586,41.18217086791992,42.40310287475586,41.07558059692383,42.3449592590332,2837794,OKE_2,2010-03-15 to None
2014-09-15 00:00:00+00:00,25.841585159301758,41.07558059692383,41.54069900512695,40.862403869628906,41.22092819213867,1502695,OKE_2,2010-03-15 to None
2014-09-16 00:00:00+00:00,26.10980796813965,41.50193786621094,41.85077667236328,41.13372039794922,41.13372039794922,3043678,OKE_2,2010-03-15 to None
2014-09-17 00:00:00+00:00,25.93302345275879,41.22092819213867,41.86046600341797,41.19186019897461,41.569766998291016,2019418,OKE_2,2010-03-15 to None
2014-09-18 00:00:00+00:00,25.457521438598633,40.46511459350586,41.42441940307617,40.46511459350586,41.25,2354302,OKE_2,2010-03-15 to None
2014-09-19 00:00:00+00:00,25.676979064941406,40.8139533996582,40.862403869628906,40.36821746826172,40.65891647338867,2311886,OKE_2,2010-03-15 to None
2014-09-22 00:00:00+00:00,25.384353637695312,40.348838806152344,40.78488540649414,40.33914566040039,40.75581359863281,2029531,OKE_2,2010-03-15 to None
2014-09-23 00:00:00+00:00,25.061277389526367,39.835269927978516,40.41666793823242,39.78682327270508,40.29069900512695,2226643,OKE_2,2010-03-15 to None
2014-09-24 00:00:00+00:00,24.927148818969727,39.622093200683594,40.145347595214844,39.60271453857422,39.90310287475586,1929014,OKE_2,2010-03-15 to None
2014-09-25 00:00:00+00:00,24.963726043701172,39.680233001708984,39.796512603759766,39.30232620239258,39.680233001708984,1775246,OKE_2,2010-03-15 to None
2014-09-26 00:00:00+00:00,25.256343841552734,40.145347595214844,40.203487396240234,39.4670524597168,39.66085433959961,1393406,OKE_2,2010-03-15 to None
2014-09-29 00:00:00+00:00,25.166345596313477,39.82558059692383,39.864341735839844,39.4670524597168,39.718990325927734,1427669,OKE_2,2010-03-15 to None
2014-09-30 00:00:00+00:00,24.976516723632812,39.52519226074219,39.87403106689453,39.42829513549805,39.75775146484375,1610436,OKE_2,2010-03-15 to None
2014-10-01 00:00:00+00:00,25.086721420288086,39.69961166381836,39.94186019897461,39.44767379760742,39.52519226074219,2904977,OKE_2,2010-03-15 to None
2014-10-02 00:00:00+00:00,25.086721420288086,39.69961166381836,39.980621337890625,39.47674560546875,39.622093200683594,1682573,OKE_2,2010-03-15 to None
2014-10-03 00:00:00+00:00,25.166345596313477,39.82558059692383,39.922481536865234,39.496124267578125,39.893409729003906,1390104,OKE_2,2010-03-15 to None
2014-10-06 00:00:00+00:00,25.27655029296875,40.0,40.25193786621094,39.82558059692383,39.854652404785156,1592066,OKE_2,2010-03-15 to None
2014-10-07 00:00:00+00:00,25.17245864868164,39.835269927978516,40.25193786621094,39.81589126586914,39.99031066894531,1282673,OKE_2,2010-03-15 to None
2014-10-08 00:00:00+00:00,25.82150650024414,40.862403869628906,40.872093200683594,39.854652404785156,39.90310287475586,2335932,OKE_2,2010-03-15 to None
2014-10-09 00:00:00+00:00,26.182790756225586,41.43410873413086,41.695735931396484,40.89147186279297,40.9205436706543,2908898,OKE_2,2010-03-15 to None
2014-10-10 00:00:00+00:00,26.041948318481445,41.211238861083984,41.95736312866211,41.13372039794922,41.49224853515625,2314157,OKE_2,2010-03-15 to None
2014-10-13 00:00:00+00:00,26.078693389892578,41.269378662109375,41.656978607177734,40.94961166381836,41.24031066894531,2101565,OKE_2,2010-03-15 to None
2014-10-14 00:00:00+00:00,26.482818603515625,41.90891647338867,42.40310287475586,41.33720779418945,41.385658264160156,2638102,OKE_2,2010-03-15 to None
2014-10-15 00:00:00+00:00,26.801240921020508,42.41279220581055,42.61627960205078,41.67635726928711,41.77325439453125,3745025,OKE_2,2010-03-15 to None
2014-10-16 00:00:00+00:00,26.923686981201172,42.606590270996094,42.75193786621094,41.812015533447266,42.218990325927734,2563178,OKE_2,2010-03-15 to None
2014-10-17 00:00:00+00:00,26.660400390625,42.18992233276367,42.906978607177734,42.0155029296875,42.887596130371094,1834793,OKE_2,2010-03-15 to None
2014-10-20 00:00:00+00:00,27.040021896362305,42.79069900512695,42.79069900512695,42.151161193847656,42.18992233276367,1232105,OKE_2,2010-03-15 to None
2014-10-21 00:00:00+00:00,27.21148681640625,43.062015533447266,43.15891647338867,42.635658264160156,42.89728546142578,1388762,OKE_2,2010-03-15 to None
2014-10-22 00:00:00+00:00,27.407426834106445,43.372093200683594,43.50775146484375,43.0329475402832,43.120155334472656,1403623,OKE_2,2010-03-15 to None
2014-10-23 00:00:00+00:00,27.523773193359375,43.55620193481445,43.730621337890625,43.2655029296875,43.585269927978516,2672261,OKE_2,2010-03-15 to None
2014-10-24 00:00:00+00:00,27.536001205444336,43.57558059692383,43.672481536865234,43.25581359863281,43.56589126586914,1306409,OKE_2,2010-03-15 to None
2014-10-27 00:00:00+00:00,27.713581085205078,43.856590270996094,43.92441940307617,43.51744079589844,43.585269927978516,1641706,OKE_2,2010-03-15 to None
2014-10-28 00:00:00+00:00,27.646224975585938,43.75,43.856590270996094,43.4205436706543,43.7984504699707,1915805,OKE_2,2010-03-15 to None
2014-10-29 00:00:00+00:00,28.111591339111328,44.48643493652344,44.91279220581055,43.643409729003906,43.69186019897461,7241234,OKE_2,2010-03-15 to None
2014-10-30 00:00:00+00:00,28.599092483520508,45.077518463134766,45.21317672729492,43.93410873413086,44.127906799316406,3950290,OKE_2,2010-03-15 to None
2014-10-31 00:00:00+00:00,28.297866821289062,44.60271453857422,45.31007766723633,44.22480773925781,45.21317672729492,3928514,OKE_2,2010-03-15 to None
2014-11-03 00:00:00+00:00,28.851144790649414,45.47480773925781,45.54263687133789,44.69961166381836,44.718990325927734,2315292,OKE_2,2010-03-15 to None
2014-11-04 00:00:00+00:00,29.281482696533203,46.15310287475586,46.19186019897461,45.261627197265625,45.30038833618164,2416325,OKE_2,2010-03-15 to None
2014-11-05 00:00:00+00:00,29.06019401550293,45.804264068603516,46.395347595214844,45.55232620239258,46.13372039794922,2209718,OKE_2,2010-03-15 to None
2014-11-06 00:00:00+00:00,28.808130264282227,45.406978607177734,46.0949592590332,45.281009674072266,45.804264068603516,1860799,OKE_2,2010-03-15 to None
2014-11-07 00:00:00+00:00,28.81425666809082,45.41666793823242,45.69767379760742,45.11627960205078,45.41666793823242,1565544,OKE_2,2010-03-15 to None
2014-11-10 00:00:00+00:00,28.95566177368164,45.63953399658203,45.77519226074219,45.29069900512695,45.39728546142578,1683502,OKE_2,2010-03-15 to None
2014-11-11 00:00:00+00:00,28.789688110351562,45.377906799316406,45.63953399658203,45.18410873413086,45.63953399658203,1380610,OKE_2,2010-03-15 to None
2014-11-12 00:00:00+00:00,28.48843765258789,44.90310287475586,45.45542526245117,44.70930099487305,45.45542526245117,1896816,OKE_2,2010-03-15 to None
2014-11-13 00:00:00+00:00,28.383928298950195,44.738372802734375,45.25193786621094,44.66085433959961,44.69961166381836,1939334,OKE_2,2010-03-15 to None
2014-11-14 00:00:00+00:00,28.094980239868164,44.2829475402832,44.91279220581055,44.06007766723633,44.72868347167969,2697029,OKE_2,2010-03-15 to None
2014-11-17 00:00:00+00:00,28.322460174560547,44.64147186279297,44.78682327270508,44.2344970703125,44.30232620239258,1885464,OKE_2,2010-03-15 to None
2014-11-18 00:00:00+00:00,28.347055435180664,44.680233001708984,45.02907180786133,44.612403869628906,44.68992233276367,1737062,OKE_2,2010-03-15 to None
2014-11-19 00:00:00+00:00,28.217945098876953,44.47674560546875,44.88372039794922,44.39922332763672,44.680233001708984,1706722,OKE_2,2010-03-15 to None
2014-11-20 00:00:00+00:00,28.230247497558594,44.496124267578125,44.69961166381836,44.30232620239258,44.41860580444336,1323024,OKE_2,2010-03-15 to None
2014-11-21 00:00:00+00:00,28.254838943481445,44.53488540649414,44.69961166381836,44.20542526245117,44.69961166381836,1291961,OKE_2,2010-03-15 to None
2014-11-24 00:00:00+00:00,28.47001075744629,44.87403106689453,45.05813980102539,44.63178253173828,44.6705436706543,1128389,OKE_2,2010-03-15 to None
2014-11-25 00:00:00+00:00,28.519174575805664,44.9515495300293,45.11627960205078,44.68992233276367,44.980621337890625,1490208,OKE_2,2010-03-15 to None
2014-11-26 00:00:00+00:00,28.656814575195312,44.99031066894531,45.02907180786133,44.69961166381836,44.93217086791992,1296089,OKE_2,2010-03-15 to None
2014-11-28 00:00:00+00:00,28.675338745117188,45.019378662109375,45.59108352661133,44.922481536865234,45.06782913208008,601140,OKE_2,2010-03-15 to None
2014-12-01 00:00:00+00:00,28.675338745117188,45.019378662109375,45.54263687133789,44.593021392822266,45.019378662109375,1781232,OKE_2,2010-03-15 to None
2014-12-02 00:00:00+00:00,28.70619010925293,45.06782913208008,45.135658264160156,44.58333206176758,44.87403106689453,1752439,OKE_2,2010-03-15 to None
2014-12-03 00:00:00+00:00,28.564241409301758,44.8449592590332,45.135658264160156,44.777130126953125,45.0484504699707,1042836,OKE_2,2010-03-15 to None
2014-12-04 00:00:00+00:00,28.49016761779785,44.72868347167969,45.0,44.60271453857422,44.90310287475586,1491962,OKE_2,2010-03-15 to None
2014-12-05 00:00:00+00:00,28.088987350463867,44.098838806152344,44.66085433959961,43.51744079589844,44.66085433959961,2832427,OKE_2,2010-03-15 to None
2014-12-08 00:00:00+00:00,28.064298629760742,44.06007766723633,44.554264068603516,43.86627960205078,44.098838806152344,2333558,OKE_2,2010-03-15 to None
2014-12-09 00:00:00+00:00,28.113670349121094,44.137596130371094,44.21511459350586,43.80813980102539,43.885658264160156,1594853,OKE_2,2010-03-15 to None
2014-12-10 00:00:00+00:00,28.224767684936523,44.312015533447266,44.52519226074219,44.011627197265625,44.14728546142578,1316213,OKE_2,2010-03-15 to None
2014-12-11 00:00:00+00:00,28.700023651123047,45.05813980102539,45.21317672729492,44.38953399658203,44.52519226074219,1511467,OKE_2,2010-03-15 to None
2014-12-12 00:00:00+00:00,28.737041473388672,45.11627960205078,45.52325439453125,44.961238861083984,45.00968933105469,1794235,OKE_2,2010-03-15 to None
2014-12-15 00:00:00+00:00,28.687686920166016,45.038761138916016,45.348838806152344,44.835269927978516,45.222869873046875,2180100,OKE_2,2010-03-15 to None
2014-12-16 00:00:00+00:00,28.737041473388672,45.11627960205078,45.281009674072266,44.53488540649414,45.05813980102539,1944288,OKE_2,2010-03-15 to None
2014-12-17 00:00:00+00:00,29.40981101989746,46.172481536865234,46.18217086791992,44.835269927978516,45.30038833618164,2282371,OKE_2,2010-03-15 to None
2014-12-18 00:00:00+00:00,29.63201141357422,46.52131652832031,46.52131652832031,46.172481536865234,46.33720779418945,1817868,OKE_2,2010-03-15 to None
2014-12-19 00:00:00+00:00,29.99615478515625,47.093021392822266,47.151161193847656,46.52131652832031,46.55038833618164,3640999,OKE_2,2010-03-15 to None
2014-12-22 00:00:00+00:00,30.403512954711914,47.73255920410156,47.761627197265625,46.97674560546875,47.07364273071289,1371941,OKE_2,2010-03-15 to None
2014-12-23 00:00:00+00:00,30.298582077026367,47.56782913208008,47.79069900512695,47.296512603759766,47.79069900512695,2342950,OKE_2,2010-03-15 to None
2014-12-24 00:00:00+00:00,30.50225067138672,47.887596130371094,48.003875732421875,47.52907180786133,47.56782913208008,1225706,OKE_2,2010-03-15 to None
2014-12-26 00:00:00+00:00,30.434370040893555,47.781009674072266,48.13953399658203,47.606590270996094,48.003875732421875,1333963,OKE_2,2010-03-15 to None
2014-12-29 00:00:00+00:00,30.594831466674805,48.0329475402832,48.0329475402832,47.664730072021484,47.79069900512695,1481952,OKE_2,2010-03-15 to None
2014-12-30 00:00:00+00:00,30.299354553222656,47.393409729003906,48.04263687133789,47.26744079589844,47.79069900512695,1325088,OKE_2,2010-03-15 to None
2014-12-31 00:00:00+00:00,29.555950164794922,46.230621337890625,47.83914566040039,46.22092819213867,47.4515495300293,1343664,OKE_2,2010-03-15 to None
2015-01-02 00:00:00+00:00,30.11969757080078,47.112403869628906,47.16085433959961,46.46317672729492,46.49224853515625,1265129,OKE_2,2010-03-15 to None
2015-01-05 00:00:00+00:00,30.73917579650879,48.08139419555664,48.16860580444336,46.76356506347656,47.0639533996582,1874318,OKE_2,2010-03-15 to None
2015-01-06 00:00:00+00:00,31.141864776611328,48.711238861083984,48.81782913208008,48.01356506347656,48.120155334472656,2002080,OKE_2,2010-03-15 to None
2015-01-07 00:00:00+00:00,31.649824142456055,49.50581359863281,50.019378662109375,48.401161193847656,48.80813980102539,2897856,OKE_2,2010-03-15 to None
2015-01-08 00:00:00+00:00,30.813522338867188,48.19767379760742,49.253875732421875,47.9360466003418,48.80813980102539,3847709,OKE_2,2010-03-15 to None
2015-01-09 00:00:00+00:00,31.179004669189453,48.769378662109375,48.86627960205078,47.6550407409668,47.6550407409668,2765554,OKE_2,2010-03-15 to None
2015-01-12 00:00:00+00:00,31.6126651763916,49.44767379760742,49.496124267578125,48.57558059692383,48.643409729003906,2375148,OKE_2,2010-03-15 to None
2015-01-13 00:00:00+00:00,31.674623489379883,49.54457473754883,49.922481536865234,49.195735931396484,49.45736312866211,2569474,OKE_2,2010-03-15 to None
2015-01-14 00:00:00+00:00,32.02772521972656,50.09689712524414,50.145347595214844,48.430233001708984,48.57558059692383,2798474,OKE_2,2010-03-15 to None
2015-01-15 00:00:00+00:00,32.34366989135742,50.59108352661133,50.69767379760742,49.99031066894531,50.00968933105469,2972676,OKE_2,2010-03-15 to None
2015-01-16 00:00:00+00:00,32.696773529052734,51.143409729003906,51.2015495300293,50.348838806152344,50.41666793823242,3182585,OKE_2,2010-03-15 to None
2015-01-20 00:00:00+00:00,32.6720085144043,51.104652404785156,51.472869873046875,50.89147186279297,51.12403106689453,2910343,OKE_2,2010-03-15 to None
2015-01-21 00:00:00+00:00,32.678192138671875,51.114341735839844,51.31782913208008,50.64922332763672,50.968990325927734,2185054,OKE_2,2010-03-15 to None
2015-01-22 00:00:00+00:00,32.95076370239258,51.54069900512695,51.5794563293457,51.13372039794922,51.22092819213867,2453683,OKE_2,2010-03-15 to None
2015-01-23 00:00:00+00:00,33.167598724365234,51.879844665527344,52.218990325927734,51.472869873046875,51.50193786621094,2449142,OKE_2,2010-03-15 to None
2015-01-26 00:00:00+00:00,33.898590087890625,53.02325439453125,53.129844665527344,52.0155029296875,52.093021392822266,3695076,OKE_2,2010-03-15 to None
2015-01-27 00:00:00+00:00,34.103023529052734,53.343021392822266,53.41085433959961,52.68410873413086,52.877906799316406,2943677,OKE_2,2010-03-15 to None
2015-01-28 00:00:00+00:00,34.133995056152344,53.39147186279297,53.81782913208008,53.19767379760742,53.401161193847656,2729950,OKE_2,2010-03-15 to None
2015-01-29 00:00:00+00:00,34.276336669921875,53.430233001708984,53.62403106689453,52.393409729003906,53.15891647338867,3624384,OKE_2,2010-03-15 to None
2015-01-30 00:00:00+00:00,33.760414123535156,52.62596893310547,53.53682327270508,52.354652404785156,53.362403869628906,10288111,OKE_2,2010-03-15 to None
2015-02-02 00:00:00+00:00,33.2817497253418,51.879844665527344,52.58720779418945,50.804264068603516,52.519378662109375,3319841,OKE_2,2010-03-15 to None
2015-02-03 00:00:00+00:00,33.132564544677734,51.64728546142578,51.70542526245117,50.94961166381836,51.598838806152344,2442434,OKE_2,2010-03-15 to None
2015-02-04 00:00:00+00:00,32.834190368652344,51.18217086791992,51.48255920410156,50.65891647338867,51.414730072021484,2562043,OKE_2,2010-03-15 to None
2015-02-05 00:00:00+00:00,33.163658142089844,51.695735931396484,51.74418640136719,51.07558059692383,51.211238861083984,1434170,OKE_2,2010-03-15 to None
2015-02-06 00:00:00+00:00,31.603364944458008,49.26356506347656,51.42441940307617,48.9050407409668,51.42441940307617,3691258,OKE_2,2010-03-15 to None
2015-02-09 00:00:00+00:00,31.802274703979492,49.57364273071289,49.738372802734375,48.7984504699707,49.137596130371094,2394653,OKE_2,2010-03-15 to None
2015-02-10 00:00:00+00:00,31.88310432434082,49.69961166381836,50.019378662109375,49.24418640136719,49.53488540649414,1929118,OKE_2,2010-03-15 to None
2015-02-11 00:00:00+00:00,31.92038345336914,49.75775146484375,50.24224853515625,49.29263687133789,49.854652404785156,1720654,OKE_2,2010-03-15 to None
2015-02-12 00:00:00+00:00,32.13174057006836,50.08720779418945,50.387596130371094,49.26356506347656,49.75775146484375,1885464,OKE_2,2010-03-15 to None
2015-02-13 00:00:00+00:00,32.330665588378906,50.39728546142578,50.445735931396484,49.437984466552734,49.9515495300293,2009820,OKE_2,2010-03-15 to None
2015-02-17 00:00:00+00:00,32.18769073486328,50.17441940307617,51.0949592590332,49.980621337890625,50.387596130371094,2757917,OKE_2,2010-03-15 to None
2015-02-18 00:00:00+00:00,32.728519439697266,51.01744079589844,51.24031066894531,49.64147186279297,50.17441940307617,2033866,OKE_2,2010-03-15 to None
2015-02-19 00:00:00+00:00,31.945255279541016,49.796512603759766,51.114341735839844,49.66085433959961,50.7655029296875,1858013,OKE_2,2010-03-15 to None
2015-02-20 00:00:00+00:00,32.30580139160156,50.35852813720703,50.52325439453125,49.52519226074219,49.777130126953125,2103113,OKE_2,2010-03-15 to None
2015-02-23 00:00:00+00:00,32.58552932739258,50.79457473754883,50.91085433959961,50.135658264160156,50.4844970703125,1896816,OKE_2,2010-03-15 to None
2015-02-24 00:00:00+00:00,31.622013092041016,49.29263687133789,50.52325439453125,49.1860466003418,50.503875732421875,2832943,OKE_2,2010-03-15 to None
2015-02-25 00:00:00+00:00,31.764991760253906,49.5155029296875,50.222869873046875,49.156978607177734,49.29263687133789,2361010,OKE_2,2010-03-15 to None
2015-02-26 00:00:00+00:00,31.078046798706055,48.2655029296875,49.54457473754883,47.85852813720703,49.33139419555664,2772262,OKE_2,2010-03-15 to None
2015-02-27 00:00:00+00:00,31.234031677246094,48.50775146484375,48.75,47.73255920410156,48.22674560546875,2420762,OKE_2,2010-03-15 to None
2015-03-02 00:00:00+00:00,31.602142333984375,49.0794563293457,49.68992233276367,48.50775146484375,48.50775146484375,1745834,OKE_2,2010-03-15 to None
2015-03-03 00:00:00+00:00,31.539737701416016,48.98255920410156,49.1860466003418,48.488372802734375,48.788761138916016,1192063,OKE_2,2010-03-15 to None
2015-03-04 00:00:00+00:00,31.408714294433594,48.77907180786133,49.253875732421875,48.730621337890625,48.86627960205078,1103414,OKE_2,2010-03-15 to None
2015-03-05 00:00:00+00:00,31.695749282836914,49.22480773925781,49.593021392822266,48.93410873413086,48.96317672729492,1278648,OKE_2,2010-03-15 to None
2015-03-06 00:00:00+00:00,30.404186248779297,47.218990325927734,48.23643493652344,46.753875732421875,48.23643493652344,3454826,OKE_2,2010-03-15 to None
2015-03-09 00:00:00+00:00,30.716176986694336,47.703487396240234,47.9360466003418,47.30620193481445,47.56782913208008,1497638,OKE_2,2010-03-15 to None
2015-03-10 00:00:00+00:00,30.741107940673828,47.74224853515625,48.0329475402832,47.56782913208008,47.74224853515625,1373386,OKE_2,2010-03-15 to None
2015-03-11 00:00:00+00:00,30.903348922729492,47.99418640136719,48.187984466552734,47.69379806518555,47.9360466003418,1541395,OKE_2,2010-03-15 to None
2015-03-12 00:00:00+00:00,31.283939361572266,48.585269927978516,49.33139419555664,48.23643493652344,48.41085433959961,1872874,OKE_2,2010-03-15 to None
2015-03-13 00:00:00+00:00,31.2277774810791,48.49806213378906,48.788761138916016,48.129844665527344,48.5949592590332,1257286,OKE_2,2010-03-15 to None
2015-03-16 00:00:00+00:00,31.570938110351562,49.031009674072266,49.312015533447266,48.72092819213867,49.06007766723633,1520239,OKE_2,2010-03-15 to None
2015-03-17 00:00:00+00:00,31.54598617553711,48.99224853515625,49.437984466552734,48.74031066894531,49.04069900512695,2045424,OKE_2,2010-03-15 to None
2015-03-18 00:00:00+00:00,32.4506950378418,50.39728546142578,50.45542526245117,48.69186019897461,49.05038833618164,1842017,OKE_2,2010-03-15 to None
2015-03-19 00:00:00+00:00,32.59420394897461,50.620155334472656,51.00775146484375,49.94186019897461,50.24224853515625,1629941,OKE_2,2010-03-15 to None
2015-03-20 00:00:00+00:00,33.47393035888672,51.98643493652344,52.054264068603516,50.66860580444336,50.8139533996582,2896411,OKE_2,2010-03-15 to None
2015-03-23 00:00:00+00:00,33.35539627075195,51.80232620239258,52.40310287475586,51.656978607177734,51.88953399658203,1362034,OKE_2,2010-03-15 to None
2015-03-24 00:00:00+00:00,32.806331634521484,50.94961166381836,51.72480773925781,50.89147186279297,51.67635726928711,1360589,OKE_2,2010-03-15 to None
2015-03-25 00:00:00+00:00,32.282230377197266,50.135658264160156,51.2984504699707,49.9515495300293,51.05620193481445,1270908,OKE_2,2010-03-15 to None
2015-03-26 00:00:00+00:00,31.97652244567871,49.66085433959961,50.39728546142578,49.496124267578125,49.90310287475586,1420445,OKE_2,2010-03-15 to None
2015-03-27 00:00:00+00:00,31.857961654663086,49.47674560546875,49.93217086791992,49.17635726928711,49.75775146484375,1554502,OKE_2,2010-03-15 to None
2015-03-30 00:00:00+00:00,32.33391189575195,50.02907180786133,50.45542526245117,49.718990325927734,50.387596130371094,3837079,OKE_2,2010-03-15 to None
2015-03-31 00:00:00+00:00,32.315120697021484,50.0,50.69767379760742,49.796512603759766,49.9515495300293,2094650,OKE_2,2010-03-15 to None
2015-04-01 00:00:00+00:00,32.239986419677734,49.88372039794922,50.319766998291016,49.48643493652344,50.019378662109375,1739126,OKE_2,2010-03-15 to None
2015-04-02 00:00:00+00:00,32.59695053100586,50.4360466003418,50.60077667236328,49.80620193481445,49.80620193481445,1451921,OKE_2,2010-03-15 to None
2015-04-06 00:00:00+00:00,31.663803100585938,48.99224853515625,51.027130126953125,48.99224853515625,50.261627197265625,41206315,OKE_2,2010-03-15 to None
2015-04-07 00:00:00+00:00,31.720165252685547,49.0794563293457,49.8449592590332,49.05038833618164,49.24418640136719,6003350,OKE_2,2010-03-15 to None
2015-04-08 00:00:00+00:00,31.663803100585938,48.99224853515625,49.437984466552734,48.81782913208008,49.24418640136719,2485262,OKE_2,2010-03-15 to None
2015-04-09 00:00:00+00:00,30.912294387817383,47.8294563293457,49.24418640136719,47.61627960205078,49.011627197265625,3372576,OKE_2,2010-03-15 to None
2015-04-10 00:00:00+00:00,31.00623321533203,47.97480773925781,48.604652404785156,47.83914566040039,48.25581359863281,1577102,OKE_2,2010-03-15 to None
2015-04-13 00:00:00+00:00,30.76199722290039,47.59689712524414,48.17829513549805,47.58720779418945,47.887596130371094,1498980,OKE_2,2010-03-15 to None
2015-04-14 00:00:00+00:00,31.27552604675293,48.39147186279297,48.56589126586914,47.77131652832031,47.77131652832031,2218387,OKE_2,2010-03-15 to None
2015-04-15 00:00:00+00:00,30.90604019165039,47.819766998291016,48.47868347167969,47.79069900512695,48.32364273071289,1785257,OKE_2,2010-03-15 to None
2015-04-16 00:00:00+00:00,30.918561935424805,47.83914566040039,48.08139419555664,47.49031066894531,47.77131652832031,980297,OKE_2,2010-03-15 to None
2015-04-17 00:00:00+00:00,30.849674224853516,47.73255920410156,48.23643493652344,47.38372039794922,47.99418640136719,1288349,OKE_2,2010-03-15 to None
2015-04-20 00:00:00+00:00,30.749465942382812,47.577518463134766,47.99418640136719,47.5484504699707,47.819766998291016,1382880,OKE_2,2010-03-15 to None
2015-04-21 00:00:00+00:00,30.912294387817383,47.8294563293457,48.129844665527344,47.59689712524414,47.59689712524414,1544078,OKE_2,2010-03-15 to None
2015-04-22 00:00:00+00:00,31.012496948242188,47.9844970703125,48.304264068603516,47.77131652832031,47.81007766723633,1233653,OKE_2,2010-03-15 to None
2015-04-23 00:00:00+00:00,30.931102752685547,47.85852813720703,48.07170486450195,47.67441940307617,47.877906799316406,992887,OKE_2,2010-03-15 to None
2015-04-24 00:00:00+00:00,30.918561935424805,47.83914566040039,48.187984466552734,47.73255920410156,47.906978607177734,913526,OKE_2,2010-03-15 to None
2015-04-27 00:00:00+00:00,30.83088493347168,47.703487396240234,48.02325439453125,47.41279220581055,47.79069900512695,1275346,OKE_2,2010-03-15 to None
2015-04-28 00:00:00+00:00,30.705629348754883,47.50968933105469,47.74224853515625,47.296512603759766,47.5,1323437,OKE_2,2010-03-15 to None
2015-04-29 00:00:00+00:00,30.064359664916992,46.33720779418945,47.38372039794922,45.930233001708984,47.00581359863281,2380411,OKE_2,2010-03-15 to None
2015-04-30 00:00:00+00:00,29.529966354370117,45.51356506347656,46.33720779418945,44.854652404785156,46.33720779418945,3240377,OKE_2,2010-03-15 to None
2015-05-01 00:00:00+00:00,29.548818588256836,45.54263687133789,46.06589126586914,45.35852813720703,45.42635726928711,1857084,OKE_2,2010-03-15 to None
2015-05-04 00:00:00+00:00,29.65570640563965,45.70736312866211,46.230621337890625,45.54263687133789,45.804264068603516,2027261,OKE_2,2010-03-15 to None
2015-05-05 00:00:00+00:00,28.964136123657227,44.64147186279297,45.629844665527344,44.52519226074219,45.562015533447266,2146457,OKE_2,2010-03-15 to None
2015-05-06 00:00:00+00:00,28.869829177856445,44.496124267578125,44.922481536865234,44.06007766723633,44.622093200683594,2790528,OKE_2,2010-03-15 to None
2015-05-07 00:00:00+00:00,29.240772247314453,45.06782913208008,45.39728546142578,44.38953399658203,44.57364273071289,2237995,OKE_2,2010-03-15 to None
2015-05-08 00:00:00+00:00,29.768878936767578,45.88178253173828,46.37596893310547,45.52325439453125,45.58139419555664,1929014,OKE_2,2010-03-15 to None
2015-05-11 00:00:00+00:00,29.253337860107422,45.08720779418945,46.22092819213867,44.94186019897461,45.73643493652344,2136137,OKE_2,2010-03-15 to None
2015-05-12 00:00:00+00:00,29.4733829498291,45.42635726928711,45.51356506347656,44.47674560546875,44.854652404785156,1297534,OKE_2,2010-03-15 to None
2015-05-13 00:00:00+00:00,29.089874267578125,44.835269927978516,46.06589126586914,44.74806213378906,45.8139533996582,1705277,OKE_2,2010-03-15 to None
2015-05-14 00:00:00+00:00,29.74372100830078,45.843021392822266,45.843021392822266,45.06782913208008,45.077518463134766,1443355,OKE_2,2010-03-15 to None
2015-05-15 00:00:00+00:00,30.11465835571289,46.414730072021484,46.61821746826172,45.94961166381836,46.01744079589844,1518485,OKE_2,2010-03-15 to None
2015-05-18 00:00:00+00:00,29.856882095336914,46.01744079589844,46.414730072021484,45.89147186279297,46.13372039794922,1575967,OKE_2,2010-03-15 to None
2015-05-19 00:00:00+00:00,29.74372100830078,45.843021392822266,46.19186019897461,45.7655029296875,45.82364273071289,1122094,OKE_2,2010-03-15 to None
2015-05-20 00:00:00+00:00,29.768878936767578,45.88178253173828,46.2015495300293,45.687984466552734,45.843021392822266,866467,OKE_2,2010-03-15 to None
2015-05-21 00:00:00+00:00,29.536266326904297,45.52325439453125,46.03682327270508,45.30038833618164,45.94961166381836,1043249,OKE_2,2010-03-15 to None
2015-05-22 00:00:00+00:00,29.52368927001953,45.503875732421875,45.73643493652344,45.222869873046875,45.3294563293457,854599,OKE_2,2010-03-15 to None
2015-05-26 00:00:00+00:00,29.16530990600586,44.9515495300293,45.49418640136719,44.76744079589844,45.49418640136719,1911470,OKE_2,2010-03-15 to None
2015-05-27 00:00:00+00:00,29.19675636291504,45.0,45.135658264160156,44.6705436706543,44.93217086791992,1925196,OKE_2,2010-03-15 to None
2015-05-28 00:00:00+00:00,29.06418800354004,44.612403869628906,44.91279220581055,44.44767379760742,44.81589126586914,1736237,OKE_2,2010-03-15 to None
2015-05-29 00:00:00+00:00,28.767498016357422,44.156978607177734,44.718990325927734,44.11821746826172,44.651161193847656,3026134,OKE_2,2010-03-15 to None
2015-06-01 00:00:00+00:00,28.98212432861328,44.48643493652344,44.66085433959961,44.127906799316406,44.29263687133789,1735308,OKE_2,2010-03-15 to None
2015-06-02 00:00:00+00:00,28.91268539428711,44.379844665527344,44.496124267578125,43.99224853515625,44.40891647338867,1707857,OKE_2,2010-03-15 to None
2015-06-03 00:00:00+00:00,28.565465927124023,43.84689712524414,44.312015533447266,43.72092819213867,44.16666793823242,2384642,OKE_2,2010-03-15 to None
2015-06-04 00:00:00+00:00,28.786418914794922,44.1860466003418,44.36046600341797,43.33333206176758,43.80813980102539,2970302,OKE_2,2010-03-15 to None
2015-06-05 00:00:00+00:00,28.565465927124023,43.84689712524414,44.36046600341797,43.2655029296875,43.55620193481445,4245545,OKE_2,2010-03-15 to None
2015-06-08 00:00:00+00:00,28.799043655395508,44.20542526245117,44.54457473754883,43.92441940307617,43.92441940307617,2364209,OKE_2,2010-03-15 to None
2015-06-09 00:00:00+00:00,28.413959503173828,43.614341735839844,44.370155334472656,43.55620193481445,44.08914566040039,1582778,OKE_2,2010-03-15 to None
2015-06-10 00:00:00+00:00,28.508668899536133,43.75968933105469,44.156978607177734,43.28488540649414,43.75968933105469,1671530,OKE_2,2010-03-15 to None
2015-06-11 00:00:00+00:00,28.78013038635254,44.17635726928711,44.41860580444336,43.94379806518555,44.10852813720703,1494749,OKE_2,2010-03-15 to None
2015-06-12 00:00:00+00:00,28.622285842895508,43.93410873413086,44.26356506347656,43.856590270996094,44.10852813720703,1411466,OKE_2,2010-03-15 to None
2015-06-15 00:00:00+00:00,28.451841354370117,43.672481536865234,44.10852813720703,43.65310287475586,43.98255920410156,1333447,OKE_2,2010-03-15 to None
2015-06-16 00:00:00+00:00,28.60335350036621,43.9050407409668,43.99224853515625,43.63372039794922,43.788761138916016,1421580,OKE_2,2010-03-15 to None
2015-06-17 00:00:00+00:00,28.98843765258789,44.496124267578125,44.58333206176758,43.7015495300293,43.972869873046875,1821686,OKE_2,2010-03-15 to None
2015-06-18 00:00:00+00:00,29.442955017089844,45.19379806518555,45.59108352661133,44.622093200683594,44.622093200683594,2047178,OKE_2,2010-03-15 to None
2015-06-19 00:00:00+00:00,29.083145141601562,44.64147186279297,45.164730072021484,44.64147186279297,45.11627960205078,3347086,OKE_2,2010-03-15 to None
2015-06-22 00:00:00+00:00,28.716989517211914,44.0794563293457,44.88372039794922,44.04069900512695,44.74806213378906,1758941,OKE_2,2010-03-15 to None
2015-06-23 00:00:00+00:00,28.47708511352539,43.711238861083984,44.10852813720703,43.527130126953125,44.10852813720703,1508062,OKE_2,2010-03-15 to None
2015-06-24 00:00:00+00:00,28.268768310546875,43.39147186279297,43.9050407409668,43.32364273071289,43.730621337890625,1232518,OKE_2,2010-03-15 to None
2015-06-25 00:00:00+00:00,28.041505813598633,43.04263687133789,43.65310287475586,42.85852813720703,43.39147186279297,2083402,OKE_2,2010-03-15 to None
2015-06-26 00:00:00+00:00,28.369768142700195,43.546512603759766,43.643409729003906,42.92635726928711,43.05232620239258,1482262,OKE_2,2010-03-15 to None
2015-06-29 00:00:00+00:00,28.12887954711914,42.99418640136719,43.83720779418945,42.97480773925781,43.372093200683594,1758425,OKE_2,2010-03-15 to None
2015-06-30 00:00:00+00:00,28.141565322875977,43.01356506347656,43.5949592590332,42.97480773925781,43.2170524597168,1977209,OKE_2,2010-03-15 to None
2015-07-01 00:00:00+00:00,28.591657638549805,43.7015495300293,43.7015495300293,42.8294563293457,43.09108352661133,2028912,OKE_2,2010-03-15 to None
2015-07-02 00:00:00+00:00,28.7755184173584,43.98255920410156,44.75775146484375,43.856590270996094,44.08914566040039,1753265,OKE_2,2010-03-15 to None
2015-07-06 00:00:00+00:00,29.117856979370117,44.50581359863281,44.593021392822266,43.769378662109375,43.769378662109375,1946558,OKE_2,2010-03-15 to None
2015-07-07 00:00:00+00:00,29.371429443359375,44.893409729003906,45.164730072021484,44.42829513549805,44.69961166381836,2482992,OKE_2,2010-03-15 to None
2015-07-08 00:00:00+00:00,29.333393096923828,44.835269927978516,44.99031066894531,44.622093200683594,44.718990325927734,1667196,OKE_2,2010-03-15 to None
2015-07-09 00:00:00+00:00,29.130538940429688,44.52519226074219,45.23255920410156,44.38953399658203,45.05813980102539,1783090,OKE_2,2010-03-15 to None
2015-07-10 00:00:00+00:00,29.390459060668945,44.922481536865234,45.18410873413086,44.48643493652344,44.6705436706543,1738714,OKE_2,2010-03-15 to None
2015-07-13 00:00:00+00:00,29.263654708862305,44.72868347167969,45.39728546142578,44.370155334472656,44.99031066894531,1777310,OKE_2,2010-03-15 to None
2015-07-14 00:00:00+00:00,29.447507858276367,45.00968933105469,45.05813980102539,44.58333206176758,44.893409729003906,1210742,OKE_2,2010-03-15 to None
2015-07-15 00:00:00+00:00,29.612348556518555,45.261627197265625,45.31007766723633,44.80620193481445,44.854652404785156,1208162,OKE_2,2010-03-15 to None
2015-07-16 00:00:00+00:00,29.922988891601562,45.73643493652344,45.75581359863281,45.18410873413086,45.39728546142578,1323024,OKE_2,2010-03-15 to None
2015-07-17 00:00:00+00:00,29.789854049682617,45.5329475402832,45.843021392822266,45.377906799316406,45.73643493652344,1268844,OKE_2,2010-03-15 to None
2015-07-20 00:00:00+00:00,29.91664695739746,45.72674560546875,45.72674560546875,45.21317672729492,45.406978607177734,976169,OKE_2,2010-03-15 to None
2015-07-21 00:00:00+00:00,29.796199798583984,45.54263687133789,45.930233001708984,45.54263687133789,45.66860580444336,1585771,OKE_2,2010-03-15 to None
2015-07-22 00:00:00+00:00,29.96735382080078,45.804264068603516,45.930233001708984,45.60077667236328,45.60077667236328,1091753,OKE_2,2010-03-15 to None
2015-07-23 00:00:00+00:00,29.656709671020508,45.3294563293457,45.78488540649414,45.038761138916016,45.73643493652344,1455739,OKE_2,2010-03-15 to None
2015-07-24 00:00:00+00:00,29.84691047668457,45.620155334472656,45.804264068603516,45.222869873046875,45.25193786621094,1496400,OKE_2,2010-03-15 to None
2015-07-27 00:00:00+00:00,29.93565559387207,45.75581359863281,46.027130126953125,45.5329475402832,45.5329475402832,1621375,OKE_2,2010-03-15 to None
2015-07-28 00:00:00+00:00,30.062456130981445,45.94961166381836,46.2015495300293,45.61046600341797,45.8139533996582,1748724,OKE_2,2010-03-15 to None
2015-07-29 00:00:00+00:00,30.322357177734375,46.34689712524414,46.453487396240234,45.63953399658203,45.930233001708984,1735514,OKE_2,2010-03-15 to None
2015-07-30 00:00:00+00:00,30.30329704284668,46.13372039794922,46.50193786621094,45.746124267578125,46.027130126953125,1671840,OKE_2,2010-03-15 to None
2015-07-31 00:00:00+00:00,30.736108779907227,46.79263687133789,46.95736312866211,46.36627960205078,46.414730072021484,3165247,OKE_2,2010-03-15 to None
2015-08-03 00:00:00+00:00,31.047962188720703,47.26744079589844,47.31589126586914,46.656978607177734,46.7829475402832,1625710,OKE_2,2010-03-15 to None
2015-08-04 00:00:00+00:00,30.640640258789062,46.64728546142578,47.364341735839844,46.55038833618164,46.996124267578125,1575451,OKE_2,2010-03-15 to None
2015-08-05 00:00:00+00:00,30.156911849975586,45.91085433959961,46.72480773925781,45.59108352661133,46.55038833618164,1929014,OKE_2,2010-03-15 to None
2015-08-06 00:00:00+00:00,30.25238609313965,46.05620193481445,46.172481536865234,45.49418640136719,45.85271453857422,1865134,OKE_2,2010-03-15 to None
2015-08-07 00:00:00+00:00,30.207809448242188,45.988372802734375,46.085269927978516,45.51356506347656,46.027130126953125,1920655,OKE_2,2010-03-15 to None
2015-08-10 00:00:00+00:00,30.144153594970703,45.89147186279297,46.16279220581055,45.69767379760742,46.15310287475586,1208472,OKE_2,2010-03-15 to None
2015-08-11 00:00:00+00:00,30.201431274414062,45.97868347167969,46.34689712524414,45.67829513549805,45.73643493652344,1407132,OKE_2,2010-03-15 to None
2015-08-12 00:00:00+00:00,30.309659957885742,46.143409729003906,46.19186019897461,45.687984466552734,45.91085433959961,1806000,OKE_2,2010-03-15 to None
2015-08-13 00:00:00+00:00,30.258739471435547,46.06589126586914,46.288761138916016,45.63953399658203,46.2015495300293,1695473,OKE_2,2010-03-15 to None
2015-08-14 00:00:00+00:00,30.449678421020508,46.356590270996094,46.36627960205078,45.804264068603516,46.085269927978516,1229731,OKE_2,2010-03-15 to None
2015-08-17 00:00:00+00:00,30.56426429748535,46.531009674072266,46.598838806152344,46.046512603759766,46.13372039794922,1315387,OKE_2,2010-03-15 to None
2015-08-18 00:00:00+00:00,30.844297409057617,46.95736312866211,46.95736312866211,46.36627960205078,46.4050407409668,1267296,OKE_2,2010-03-15 to None
2015-08-19 00:00:00+00:00,30.58333969116211,46.56007766723633,46.80232620239258,46.172481536865234,46.695735931396484,1490621,OKE_2,2010-03-15 to None
2015-08-20 00:00:00+00:00,30.615175247192383,46.60852813720703,47.14147186279297,46.22092819213867,46.33720779418945,1611365,OKE_2,2010-03-15 to None
2015-08-21 00:00:00+00:00,30.309659957885742,46.143409729003906,46.84108352661133,46.13372039794922,46.64728546142578,2275663,OKE_2,2010-03-15 to None
2015-08-24 00:00:00+00:00,29.163970947265625,44.39922332763672,45.30038833618164,44.1860466003418,45.019378662109375,3831919,OKE_2,2010-03-15 to None
2015-08-25 00:00:00+00:00,28.304704666137695,43.09108352661133,45.445735931396484,43.07170486450195,45.06782913208008,2981551,OKE_2,2010-03-15 to None
2015-08-26 00:00:00+00:00,28.941205978393555,44.06007766723633,44.127906799316406,43.09108352661133,43.7984504699707,2546254,OKE_2,2010-03-15 to None
2015-08-27 00:00:00+00:00,29.50767707824707,44.922481536865234,45.261627197265625,44.11821746826172,44.60271453857422,1937064,OKE_2,2010-03-15 to None
2015-08-28 00:00:00+00:00,29.360681533813477,44.5155029296875,44.78682327270508,44.195735931396484,44.63178253173828,1694028,OKE_2,2010-03-15 to None
2015-08-31 00:00:00+00:00,28.561784744262695,43.304264068603516,44.57364273071289,43.28488540649414,44.554264068603516,2202082,OKE_2,2010-03-15 to None
2015-09-01 00:00:00+00:00,28.082456588745117,42.577518463134766,43.187984466552734,42.277130126953125,42.91666793823242,2356675,OKE_2,2010-03-15 to None
2015-09-02 00:00:00+00:00,28.26780128479004,42.85852813720703,43.13953399658203,42.461238861083984,43.05232620239258,1862450,OKE_2,2010-03-15 to None
2015-09-03 00:00:00+00:00,28.229461669921875,42.80038833618164,43.120155334472656,42.645347595214844,43.05232620239258,1354294,OKE_2,2010-03-15 to None
2015-09-04 00:00:00+00:00,27.724580764770508,42.03488540649414,42.538761138916016,41.812015533447266,42.5,1912296,OKE_2,2010-03-15 to None
2015-09-08 00:00:00+00:00,28.318912506103516,42.9360466003418,43.062015533447266,42.44186019897461,43.062015533447266,2007034,OKE_2,2010-03-15 to None
2015-09-09 00:00:00+00:00,28.101634979248047,42.606590270996094,43.35271453857422,42.52907180786133,43.304264068603516,2671538,OKE_2,2010-03-15 to None
2015-09-10 00:00:00+00:00,28.24862289428711,42.8294563293457,43.23643493652344,42.55813980102539,42.635658264160156,1511158,OKE_2,2010-03-15 to None
2015-09-11 00:00:00+00:00,28.811052322387695,43.68217086791992,43.69186019897461,42.722869873046875,42.79069900512695,1425089,OKE_2,2010-03-15 to None
2015-09-14 00:00:00+00:00,28.983623504638672,43.94379806518555,44.04069900512695,43.62403106689453,43.77907180786133,1456565,OKE_2,2010-03-15 to None
2015-09-15 00:00:00+00:00,29.271209716796875,44.379844665527344,44.48643493652344,43.68217086791992,44.0794563293457,1482984,OKE_2,2010-03-15 to None
2015-09-16 00:00:00+00:00,29.577974319458008,44.8449592590332,44.961238861083984,44.1860466003418,44.27325439453125,1273075,OKE_2,2010-03-15 to None
2015-09-17 00:00:00+00:00,29.967824935913086,45.4360466003418,46.24031066894531,44.58333206176758,44.864341735839844,2182886,OKE_2,2010-03-15 to None
2015-09-18 00:00:00+00:00,30.35128402709961,46.01744079589844,46.80232620239258,44.93217086791992,44.93217086791992,3747192,OKE_2,2010-03-15 to None
2015-09-21 00:00:00+00:00,30.466339111328125,46.19186019897461,46.598838806152344,46.05620193481445,46.16279220581055,1769054,OKE_2,2010-03-15 to None
2015-09-22 00:00:00+00:00,30.127613067626953,45.67829513549805,46.269378662109375,45.49418640136719,45.930233001708984,1983814,OKE_2,2010-03-15 to None
2015-09-23 00:00:00+00:00,30.24903678894043,45.862403869628906,46.143409729003906,45.57170486450195,45.73643493652344,1274210,OKE_2,2010-03-15 to None
2015-09-24 00:00:00+00:00,30.018951416015625,45.51356506347656,45.95930099487305,45.24224853515625,45.8139533996582,1466575,OKE_2,2010-03-15 to None
2015-09-25 00:00:00+00:00,30.076475143432617,45.60077667236328,45.9205436706543,45.387596130371094,45.629844665527344,1632108,OKE_2,2010-03-15 to None
2015-09-28 00:00:00+00:00,29.808055877685547,45.19379806518555,45.73643493652344,44.74806213378906,45.4844970703125,1981646,OKE_2,2010-03-15 to None
2015-09-29 00:00:00+00:00,30.232242584228516,45.64922332763672,45.687984466552734,44.93217086791992,44.97092819213867,1538506,OKE_2,2010-03-15 to None
2015-09-30 00:00:00+00:00,30.41193389892578,45.9205436706543,46.34689712524414,45.46511459350586,45.862403869628906,2213743,OKE_2,2010-03-15 to None
2015-10-01 00:00:00+00:00,30.38628387451172,45.88178253173828,46.143409729003906,45.51356506347656,46.143409729003906,1471735,OKE_2,2010-03-15 to None
2015-10-02 00:00:00+00:00,29.519906997680664,44.57364273071289,45.88178253173828,44.2344970703125,45.88178253173828,12322080,OKE_2,2010-03-15 to None
2015-10-05 00:00:00+00:00,30.232242584228516,45.64922332763672,45.64922332763672,44.651161193847656,44.6705436706543,4822536,OKE_2,2010-03-15 to None
2015-10-06 00:00:00+00:00,30.155237197875977,45.5329475402832,45.69767379760742,45.387596130371094,45.58139419555664,2097334,OKE_2,2010-03-15 to None
2015-10-07 00:00:00+00:00,30.437604904174805,45.95930099487305,45.95930099487305,45.377906799316406,45.75581359863281,2539236,OKE_2,2010-03-15 to None
2015-10-08 00:00:00+00:00,30.578786849975586,46.172481536865234,46.288761138916016,45.66860580444336,45.97868347167969,2404870,OKE_2,2010-03-15 to None
2015-10-09 00:00:00+00:00,30.65579605102539,46.288761138916016,46.31782913208008,45.85271453857422,46.2015495300293,1397018,OKE_2,2010-03-15 to None
2015-10-12 00:00:00+00:00,30.906047821044922,46.66666793823242,47.1705436706543,46.05620193481445,46.288761138916016,2896927,OKE_2,2010-03-15 to None
2015-10-13 00:00:00+00:00,30.854732513427734,46.58914566040039,46.870155334472656,46.395347595214844,46.511627197265625,1348824,OKE_2,2010-03-15 to None
2015-10-14 00:00:00+00:00,30.598041534423828,46.2015495300293,46.812015533447266,46.05620193481445,46.61821746826172,1665545,OKE_2,2010-03-15 to None
2015-10-15 00:00:00+00:00,31.130672454833984,47.00581359863281,47.04457473754883,46.27907180786133,46.33720779418945,1490105,OKE_2,2010-03-15 to None
2015-10-16 00:00:00+00:00,31.19483184814453,47.10271453857422,47.393409729003906,47.054264068603516,47.151161193847656,3892807,OKE_2,2010-03-15 to None
2015-10-19 00:00:00+00:00,31.36812400817871,47.364341735839844,47.422481536865234,47.0155029296875,47.093021392822266,1402591,OKE_2,2010-03-15 to None
2015-10-20 00:00:00+00:00,31.41946792602539,47.44186019897461,47.50968933105469,47.10271453857422,47.26744079589844,1558217,OKE_2,2010-03-15 to None
2015-10-21 00:00:00+00:00,31.36812400817871,47.364341735839844,47.73255920410156,47.30620193481445,47.645347595214844,1358112,OKE_2,2010-03-15 to None
2015-10-22 00:00:00+00:00,32.20878601074219,48.63372039794922,48.93410873413086,47.77131652832031,47.83914566040039,2618906,OKE_2,2010-03-15 to None
2015-10-23 00:00:00+00:00,32.02268600463867,48.35271453857422,48.83720779418945,47.96511459350586,48.546512603759766,1708166,OKE_2,2010-03-15 to None
2015-10-26 00:00:00+00:00,32.247318267822266,48.69186019897461,48.7015495300293,48.13953399658203,48.4205436706543,1614667,OKE_2,2010-03-15 to None
2015-10-27 00:00:00+00:00,32.285823822021484,48.75,48.885658264160156,48.2655029296875,48.56589126586914,1998468,OKE_2,2010-03-15 to None
2015-10-28 00:00:00+00:00,32.471900939941406,49.031009674072266,49.39922332763672,48.20736312866211,48.546512603759766,3008074,OKE_2,2010-03-15 to None
2015-10-29 00:00:00+00:00,32.00230407714844,48.13953399658203,48.44961166381836,47.52907180786133,47.56782913208008,3269170,OKE_2,2010-03-15 to None
2015-10-30 00:00:00+00:00,31.860595703125,47.92635726928711,48.43992233276367,47.877906799316406,48.120155334472656,4083418,OKE_2,2010-03-15 to None
2015-11-02 00:00:00+00:00,32.5885009765625,49.02131652832031,49.031009674072266,47.74224853515625,47.86821746826172,2357191,OKE_2,2010-03-15 to None
2015-11-03 00:00:00+00:00,32.298622131347656,48.585269927978516,48.83720779418945,48.2655029296875,48.83720779418945,1662655,OKE_2,2010-03-15 to None
2015-11-04 00:00:00+00:00,31.854154586791992,47.91666793823242,48.63372039794922,47.71317672729492,48.44961166381836,1940470,OKE_2,2010-03-15 to None
2015-11-05 00:00:00+00:00,32.20845413208008,48.44961166381836,48.49806213378906,47.59689712524414,47.877906799316406,1876795,OKE_2,2010-03-15 to None
2015-11-06 00:00:00+00:00,30.578693389892578,45.99806213378906,47.55813980102539,45.67829513549805,47.538761138916016,4021291,OKE_2,2010-03-15 to None
2015-11-09 00:00:00+00:00,29.882980346679688,44.9515495300293,45.93992233276367,44.554264068603516,45.93992233276367,2762561,OKE_2,2010-03-15 to None
2015-11-10 00:00:00+00:00,30.23729705810547,45.4844970703125,45.61046600341797,44.9515495300293,45.019378662109375,2397749,OKE_2,2010-03-15 to None
2015-11-11 00:00:00+00:00,30.55937957763672,45.968990325927734,46.22092819213867,45.35852813720703,45.57170486450195,1709921,OKE_2,2010-03-15 to None
2015-11-12 00:00:00+00:00,30.55937957763672,45.968990325927734,46.31782913208008,45.70736312866211,45.89147186279297,2074733,OKE_2,2010-03-15 to None
2015-11-13 00:00:00+00:00,30.55937957763672,45.968990325927734,46.36627960205078,45.562015533447266,46.027130126953125,2258016,OKE_2,2010-03-15 to None
2015-11-16 00:00:00+00:00,31.04250144958496,46.695735931396484,46.695735931396484,45.78488540649414,45.95930099487305,2232010,OKE_2,2010-03-15 to None
2015-11-17 00:00:00+00:00,31.20354652404785,46.937984466552734,47.16085433959961,46.31782913208008,46.55038833618164,2360390,OKE_2,2010-03-15 to None
2015-11-18 00:00:00+00:00,31.705974578857422,47.69379806518555,47.71317672729492,46.92829513549805,46.97674560546875,2505799,OKE_2,2010-03-15 to None
2015-11-19 00:00:00+00:00,31.8026123046875,47.83914566040039,47.92635726928711,47.58720779418945,47.91666793823242,1946455,OKE_2,2010-03-15 to None
2015-11-20 00:00:00+00:00,31.995853424072266,48.129844665527344,48.488372802734375,47.83914566040039,47.877906799316406,3269789,OKE_2,2010-03-15 to None
2015-11-23 00:00:00+00:00,32.0280647277832,48.17829513549805,48.5949592590332,48.01356506347656,48.27519226074219,1572665,OKE_2,2010-03-15 to None
2015-11-24 00:00:00+00:00,31.854154586791992,47.91666793823242,48.04263687133789,47.43217086791992,47.97480773925781,1608682,OKE_2,2010-03-15 to None
2015-11-25 00:00:00+00:00,31.957231521606445,48.07170486450195,48.15891647338867,47.819766998291016,47.91666793823242,1615390,OKE_2,2010-03-15 to None
2015-11-27 00:00:00+00:00,32.352317810058594,48.47868347167969,48.50775146484375,47.848838806152344,47.85852813720703,1047480,OKE_2,2010-03-15 to None
2015-11-30 00:00:00+00:00,32.087181091308594,48.08139419555664,48.92441940307617,47.887596130371094,48.57558059692383,4883321,OKE_2,2010-03-15 to None
2015-12-01 00:00:00+00:00,32.73386001586914,49.05038833618164,49.10852813720703,48.246124267578125,48.43992233276367,2376490,OKE_2,2010-03-15 to None
2015-12-02 00:00:00+00:00,32.08073425292969,48.07170486450195,48.9050407409668,48.003875732421875,48.63372039794922,2169574,OKE_2,2010-03-15 to None
2015-12-03 00:00:00+00:00,31.54398536682129,47.26744079589844,48.10077667236328,47.112403869628906,47.887596130371094,2619835,OKE_2,2010-03-15 to None
2015-12-04 00:00:00+00:00,32.33938980102539,48.45930099487305,48.527130126953125,47.480621337890625,47.5484504699707,2109614,OKE_2,2010-03-15 to None
2015-12-07 00:00:00+00:00,32.50752639770508,48.711238861083984,48.895347595214844,48.2655029296875,48.43992233276367,2069882,OKE_2,2010-03-15 to None
2015-12-08 00:00:00+00:00,32.423465728759766,48.585269927978516,48.92441940307617,48.45930099487305,48.63372039794922,2953274,OKE_2,2010-03-15 to None
2015-12-09 00:00:00+00:00,32.087181091308594,48.08139419555664,48.55620193481445,47.81007766723633,48.19767379760742,1726846,OKE_2,2010-03-15 to None
2015-12-10 00:00:00+00:00,31.647472381591797,47.422481536865234,48.372093200683594,47.40310287475586,48.0329475402832,1989593,OKE_2,2010-03-15 to None
2015-12-11 00:00:00+00:00,31.45993995666504,47.14147186279297,47.5,46.870155334472656,47.122093200683594,2403115,OKE_2,2010-03-15 to None
2015-12-14 00:00:00+00:00,31.906131744384766,47.81007766723633,47.848838806152344,47.00581359863281,47.0639533996582,2137375,OKE_2,2010-03-15 to None
2015-12-15 00:00:00+00:00,32.29412078857422,48.39147186279297,48.81782913208008,48.09108352661133,48.23643493652344,2284435,OKE_2,2010-03-15 to None
2015-12-16 00:00:00+00:00,33.12830352783203,49.64147186279297,49.6705436706543,48.546512603759766,48.643409729003906,2383404,OKE_2,2010-03-15 to None
2015-12-17 00:00:00+00:00,32.97956466674805,49.41860580444336,49.68992233276367,49.27325439453125,49.622093200683594,2528606,OKE_2,2010-03-15 to None
2015-12-18 00:00:00+00:00,33.03132629394531,49.496124267578125,50.203487396240234,49.17635726928711,49.33139419555664,5446174,OKE_2,2010-03-15 to None
2015-12-21 00:00:00+00:00,33.03132629394531,49.496124267578125,49.980621337890625,49.17635726928711,49.980621337890625,1569156,OKE_2,2010-03-15 to None
2015-12-22 00:00:00+00:00,33.09599304199219,49.593021392822266,50.17441940307617,49.57364273071289,49.72868347167969,1407751,OKE_2,2010-03-15 to None
2015-12-23 00:00:00+00:00,33.309364318847656,49.91279220581055,49.9515495300293,49.58333206176758,49.66085433959961,1833864,OKE_2,2010-03-15 to None
2015-12-24 00:00:00+00:00,33.1735725402832,49.70930099487305,49.91279220581055,49.53488540649414,49.835269927978516,683803,OKE_2,2010-03-15 to None
2015-12-28 00:00:00+00:00,33.46458435058594,50.145347595214844,50.1550407409668,49.496124267578125,49.6705436706543,1129627,OKE_2,2010-03-15 to None
2015-12-29 00:00:00+00:00,33.742652893066406,50.562015533447266,50.629844665527344,50.12596893310547,50.31007766723633,1566473,OKE_2,2010-03-15 to None
2015-12-30 00:00:00+00:00,33.69785690307617,50.31007766723633,50.78488540649414,50.24224853515625,50.46511459350586,1331693,OKE_2,2010-03-15 to None
2015-12-31 00:00:00+00:00,33.5096321105957,50.02907180786133,50.5329475402832,49.94186019897461,50.387596130371094,1282570,OKE_2,2010-03-15 to None
2016-01-04 00:00:00+00:00,33.217567443847656,49.593021392822266,49.82558059692383,48.9050407409668,49.554264068603516,2095682,OKE_2,2010-03-15 to None
2016-01-05 00:00:00+00:00,33.9379997253418,50.66860580444336,50.804264068603516,49.622093200683594,49.796512603759766,2006414,OKE_2,2010-03-15 to None
2016-01-06 00:00:00+00:00,34.139198303222656,50.968990325927734,50.968990325927734,50.25193786621094,50.25193786621094,1825608,OKE_2,2010-03-15 to None
2016-01-07 00:00:00+00:00,33.548583984375,50.08720779418945,50.862403869628906,49.069766998291016,50.077518463134766,2214672,OKE_2,2010-03-15 to None
2016-01-08 00:00:00+00:00,33.21107482910156,49.58333206176758,50.51356506347656,49.5155029296875,50.1550407409668,1632521,OKE_2,2010-03-15 to None
2016-01-11 00:00:00+00:00,33.925010681152344,50.64922332763672,50.91085433959961,49.70930099487305,49.796512603759766,2333455,OKE_2,2010-03-15 to None
2016-01-12 00:00:00+00:00,34.02885437011719,50.804264068603516,50.95930099487305,50.1550407409668,50.89147186279297,2884337,OKE_2,2010-03-15 to None
2016-01-13 00:00:00+00:00,33.645931243896484,50.23255920410156,51.52131652832031,50.09689712524414,50.82364273071289,2692178,OKE_2,2010-03-15 to None
2016-01-14 00:00:00+00:00,33.912025451660156,50.629844665527344,51.143409729003906,50.0484504699707,50.36821746826172,2800229,OKE_2,2010-03-15 to None
2016-01-15 00:00:00+00:00,33.87309646606445,50.57170486450195,50.66860580444336,49.50581359863281,50.077518463134766,3514992,OKE_2,2010-03-15 to None
2016-01-19 00:00:00+00:00,34.405311584472656,51.36627960205078,51.627906799316406,50.67829513549805,50.88178253173828,2050274,OKE_2,2010-03-15 to None
2016-01-20 00:00:00+00:00,33.6653938293457,50.261627197265625,51.2015495300293,49.379844665527344,51.07558059692383,2957299,OKE_2,2010-03-15 to None
2016-01-21 00:00:00+00:00,34.087276458740234,50.89147186279297,51.64728546142578,50.11627960205078,50.66860580444336,1958117,OKE_2,2010-03-15 to None
2016-01-22 00:00:00+00:00,35.07381820678711,52.364341735839844,52.519378662109375,51.24031066894531,51.34689712524414,1874731,OKE_2,2010-03-15 to None
2016-01-25 00:00:00+00:00,34.9764518737793,52.218990325927734,53.02325439453125,51.94767379760742,52.44186019897461,2104351,OKE_2,2010-03-15 to None
2016-01-26 00:00:00+00:00,35.82667541503906,53.488372802734375,53.643409729003906,52.37403106689453,52.37403106689453,2724170,OKE_2,2010-03-15 to None
2016-01-27 00:00:00+00:00,35.74879837036133,53.372093200683594,54.011627197265625,52.74224853515625,53.28488540649414,2480412,OKE_2,2010-03-15 to None
2016-01-28 00:00:00+00:00,35.741641998291016,53.16860580444336,53.7984504699707,52.92635726928711,53.14922332763672,3436457,OKE_2,2010-03-15 to None
2016-01-29 00:00:00+00:00,36.34092330932617,54.06007766723633,54.14728546142578,53.304264068603516,53.585269927978516,4961443,OKE_2,2010-03-15 to None
2016-02-01 00:00:00+00:00,36.901100158691406,54.893409729003906,55.42635726928711,53.47868347167969,53.83720779418945,3387850,OKE_2,2010-03-15 to None
2016-02-02 00:00:00+00:00,37.27241134643555,55.445735931396484,55.63953399658203,54.57364273071289,54.97092819213867,2252753,OKE_2,2010-03-15 to None
2016-02-03 00:00:00+00:00,37.3570671081543,55.57170486450195,56.37596893310547,55.36821746826172,55.629844665527344,3164525,OKE_2,2010-03-15 to None
2016-02-04 00:00:00+00:00,37.44178771972656,55.69767379760742,56.104652404785156,55.09689712524414,55.4360466003418,3048425,OKE_2,2010-03-15 to None
2016-02-05 00:00:00+00:00,36.40605163574219,54.156978607177734,55.47480773925781,53.788761138916016,55.29069900512695,3308282,OKE_2,2010-03-15 to None
2016-02-08 00:00:00+00:00,36.58843231201172,54.42829513549805,54.554264068603516,53.120155334472656,53.98255920410156,2736554,OKE_2,2010-03-15 to None
2016-02-09 00:00:00+00:00,36.71222686767578,54.612403869628906,54.99031066894531,53.9050407409668,54.26356506347656,3004049,OKE_2,2010-03-15 to None
2016-02-10 00:00:00+00:00,36.98578643798828,55.019378662109375,55.7170524597168,54.72868347167969,54.74806213378906,2518906,OKE_2,2010-03-15 to None
2016-02-11 00:00:00+00:00,39.16142654418945,58.25581359863281,58.35271453857422,54.93217086791992,54.9515495300293,6549691,OKE_2,2010-03-15 to None
2016-02-12 00:00:00+00:00,39.39591598510742,58.604652404785156,59.36046600341797,57.80038833618164,58.04263687133789,5720892,OKE_2,2010-03-15 to None
2016-02-16 00:00:00+00:00,38.96601486206055,57.96511459350586,58.53682327270508,56.937984466552734,58.45930099487305,3796418,OKE_2,2010-03-15 to None
2016-02-17 00:00:00+00:00,38.95949935913086,57.95542526245117,58.69186019897461,57.519378662109375,58.13953399658203,2965658,OKE_2,2010-03-15 to None
2016-02-18 00:00:00+00:00,39.376380920410156,58.57558059692383,58.827518463134766,57.67441940307617,57.945735931396484,2276179,OKE_2,2010-03-15 to None
2016-02-19 00:00:00+00:00,39.2265739440918,58.35271453857422,59.437984466552734,58.187984466552734,58.39147186279297,3090221,OKE_2,2010-03-15 to None
2016-02-22 00:00:00+00:00,38.90085983276367,57.86821746826172,58.80813980102539,57.62596893310547,58.68217086791992,2493209,OKE_2,2010-03-15 to None
2016-02-23 00:00:00+00:00,38.89436721801758,57.85852813720703,58.2170524597168,57.277130126953125,57.92635726928711,2192897,OKE_2,2010-03-15 to None
2016-02-24 00:00:00+00:00,38.777095794677734,57.68410873413086,58.39147186279297,57.43217086791992,57.68410873413086,1629322,OKE_2,2010-03-15 to None
2016-02-25 00:00:00+00:00,39.16142654418945,58.25581359863281,58.75,57.81007766723633,57.906978607177734,2001770,OKE_2,2010-03-15 to None
2016-02-26 00:00:00+00:00,38.31768798828125,56.812015533447266,58.003875732421875,56.695735931396484,58.003875732421875,2571538,OKE_2,2010-03-15 to None
2016-02-29 00:00:00+00:00,38.25888442993164,56.72480773925781,57.38372039794922,56.34689712524414,56.695735931396484,3859061,OKE_2,2010-03-15 to None
2016-03-01 00:00:00+00:00,38.448387145996094,57.00581359863281,57.49031066894531,56.44379806518555,57.093021392822266,2219522,OKE_2,2010-03-15 to None
2016-03-02 00:00:00+00:00,38.585662841796875,57.20930099487305,57.26744079589844,56.356590270996094,56.656978607177734,1728187,OKE_2,2010-03-15 to None
2016-03-03 00:00:00+00:00,38.572574615478516,57.18992233276367,57.5,56.48255920410156,57.30620193481445,1600735,OKE_2,2010-03-15 to None
2016-03-04 00:00:00+00:00,38.01053237915039,56.356590270996094,57.151161193847656,56.01744079589844,57.151161193847656,1940882,OKE_2,2010-03-15 to None
2016-03-07 00:00:00+00:00,37.742584228515625,55.95930099487305,56.356590270996094,55.69767379760742,56.2984504699707,2309100,OKE_2,2010-03-15 to None
2016-03-08 00:00:00+00:00,38.3242073059082,56.82170486450195,57.218990325927734,55.7170524597168,55.95930099487305,2279894,OKE_2,2010-03-15 to None
2016-03-09 00:00:00+00:00,38.51374816894531,57.10271453857422,57.722869873046875,56.569766998291016,56.695735931396484,1623646,OKE_2,2010-03-15 to None
2016-03-10 00:00:00+00:00,38.72290802001953,57.41279220581055,57.68410873413086,56.89922332763672,57.422481536865234,1781232,OKE_2,2010-03-15 to None
2016-03-11 00:00:00+00:00,38.97126007080078,57.781009674072266,58.0329475402832,57.22868347167969,57.92635726928711,1645937,OKE_2,2010-03-15 to None
2016-03-14 00:00:00+00:00,39.04966354370117,57.89728546142578,57.96511459350586,57.43217086791992,57.519378662109375,1253880,OKE_2,2010-03-15 to None
2016-03-15 00:00:00+00:00,39.12155532836914,58.003875732421875,58.4205436706543,57.664730072021484,57.848838806152344,1604347,OKE_2,2010-03-15 to None
2016-03-16 00:00:00+00:00,39.788185119628906,58.99224853515625,59.10852813720703,57.07364273071289,57.819766998291016,2153681,OKE_2,2010-03-15 to None
2016-03-17 00:00:00+00:00,40.2391242980957,59.66085433959961,59.93217086791992,58.62403106689453,59.02131652832031,1881749,OKE_2,2010-03-15 to None
2016-03-18 00:00:00+00:00,40.02345275878906,59.34108352661133,59.612403869628906,58.87596893310547,59.554264068603516,3115298,OKE_2,2010-03-15 to None
2016-03-21 00:00:00+00:00,39.716304779052734,58.885658264160156,59.098838806152344,58.304264068603516,59.06007766723633,1663481,OKE_2,2010-03-15 to None
2016-03-22 00:00:00+00:00,39.788185119628906,58.99224853515625,59.593021392822266,58.74031066894531,58.86627960205078,1129214,OKE_2,2010-03-15 to None
2016-03-23 00:00:00+00:00,40.13456344604492,59.50581359863281,59.864341735839844,58.75968933105469,58.75968933105469,1397018,OKE_2,2010-03-15 to None
2016-03-24 00:00:00+00:00,40.16722869873047,59.554264068603516,59.78682327270508,59.34108352661133,59.54457473754883,1318277,OKE_2,2010-03-15 to None
2016-03-28 00:00:00+00:00,40.59204864501953,60.18410873413086,60.319766998291016,59.53488540649414,59.60271453857422,1331383,OKE_2,2010-03-15 to None
2016-03-29 00:00:00+00:00,41.088748931884766,60.9205436706543,60.93992233276367,60.00968933105469,60.281009674072266,1809818,OKE_2,2010-03-15 to None
2016-03-30 00:00:00+00:00,40.78650665283203,60.281009674072266,60.89147186279297,59.9515495300293,60.83333206176758,1596194,OKE_2,2010-03-15 to None
2016-03-31 00:00:00+00:00,40.983184814453125,60.57170486450195,60.79457473754883,60.24224853515625,60.387596130371094,2298367,OKE_2,2010-03-15 to None
2016-04-01 00:00:00+00:00,40.81271743774414,60.319766998291016,60.503875732421875,59.94186019897461,60.25193786621094,2105074,OKE_2,2010-03-15 to None
2016-04-04 00:00:00+00:00,40.75371551513672,60.23255920410156,60.85271453857422,59.74806213378906,60.3294563293457,1825195,OKE_2,2010-03-15 to None
2016-04-05 00:00:00+00:00,41.21267318725586,60.91085433959961,60.968990325927734,60.077518463134766,60.077518463134766,1774834,OKE_2,2010-03-15 to None
2016-04-06 00:00:00+00:00,41.2847785949707,61.01744079589844,61.085269927978516,60.55232620239258,60.82364273071289,1711778,OKE_2,2010-03-15 to None
2016-04-07 00:00:00+00:00,41.074989318847656,60.70736312866211,61.25,60.59108352661133,60.82364273071289,1364407,OKE_2,2010-03-15 to None
2016-04-08 00:00:00+00:00,41.304443359375,61.046512603759766,61.30813980102539,60.57170486450195,60.70736312866211,922505,OKE_2,2010-03-15 to None
2016-04-11 00:00:00+00:00,41.304443359375,61.046512603759766,61.52131652832031,60.94961166381836,61.00775146484375,1190722,OKE_2,2010-03-15 to None
2016-04-12 00:00:00+00:00,41.789615631103516,61.76356506347656,61.937984466552734,61.114341735839844,61.16279220581055,2208790,OKE_2,2010-03-15 to None
2016-04-13 00:00:00+00:00,41.35689926147461,61.12403106689453,61.90891647338867,60.35852813720703,61.90891647338867,1609714,OKE_2,2010-03-15 to None
2016-04-14 00:00:00+00:00,41.088077545166016,60.72674560546875,61.00775146484375,60.445735931396484,60.82364273071289,1166057,OKE_2,2010-03-15 to None
2016-04-15 00:00:00+00:00,41.31098175048828,61.05620193481445,61.12403106689453,60.46511459350586,60.72674560546875,1184014,OKE_2,2010-03-15 to None
2016-04-18 00:00:00+00:00,41.402801513671875,61.19186019897461,61.27907180786133,60.5329475402832,61.07558059692383,1009193,OKE_2,2010-03-15 to None
2016-04-19 00:00:00+00:00,41.49458312988281,61.327518463134766,61.569766998291016,60.88178253173828,61.19186019897461,1183394,OKE_2,2010-03-15 to None
2016-04-20 00:00:00+00:00,40.36033630371094,59.651161193847656,61.531009674072266,59.57364273071289,61.37596893310547,1525915,OKE_2,2010-03-15 to None
2016-04-21 00:00:00+00:00,38.70160675048828,57.19961166381836,59.58333206176758,57.03488540649414,59.496124267578125,3629854,OKE_2,2010-03-15 to None
2016-04-22 00:00:00+00:00,38.924530029296875,57.52907180786133,58.16860580444336,57.20930099487305,57.47092819213867,1702800,OKE_2,2010-03-15 to None
2016-04-25 00:00:00+00:00,39.54738235473633,58.44961166381836,58.44961166381836,57.31589126586914,57.52907180786133,1467710,OKE_2,2010-03-15 to None
2016-04-26 00:00:00+00:00,39.0753173828125,57.75193786621094,58.7984504699707,57.4515495300293,58.468990325927734,2165755,OKE_2,2010-03-15 to None
2016-04-27 00:00:00+00:00,38.97697830200195,57.606590270996094,58.07170486450195,56.627906799316406,58.07170486450195,2191555,OKE_2,2010-03-15 to None
2016-04-28 00:00:00+00:00,39.12102508544922,57.62596893310547,57.69379806518555,57.00581359863281,57.054264068603516,1553779,OKE_2,2010-03-15 to None
2016-04-29 00:00:00+00:00,38.943443298339844,57.364341735839844,57.55813980102539,56.870155334472656,57.364341735839844,2374426,OKE_2,2010-03-15 to None
2016-05-02 00:00:00+00:00,39.34470748901367,57.95542526245117,58.527130126953125,57.461238861083984,57.5484504699707,1428701,OKE_2,2010-03-15 to None
2016-05-03 00:00:00+00:00,39.936744689941406,58.827518463134766,58.856590270996094,57.877906799316406,57.95542526245117,1650271,OKE_2,2010-03-15 to None
2016-05-04 00:00:00+00:00,41.03533172607422,60.445735931396484,60.99806213378906,58.47868347167969,58.55620193481445,2652343,OKE_2,2010-03-15 to None
2016-05-05 00:00:00+00:00,41.0550651550293,60.47480773925781,61.143409729003906,60.08720779418945,60.12596893310547,1995888,OKE_2,2010-03-15 to None
2016-05-06 00:00:00+00:00,41.82472229003906,61.60852813720703,61.60852813720703,60.21317672729492,60.52325439453125,1593924,OKE_2,2010-03-15 to None
2016-05-09 00:00:00+00:00,42.1273193359375,62.054264068603516,62.112403869628906,61.2015495300293,61.77325439453125,1501457,OKE_2,2010-03-15 to None
2016-05-10 00:00:00+00:00,42.2457275390625,62.22868347167969,62.354652404785156,61.7829475402832,62.180233001708984,1300836,OKE_2,2010-03-15 to None
2016-05-11 00:00:00+00:00,41.62077713012695,61.30813980102539,62.19961166381836,60.377906799316406,62.07364273071289,1797950,OKE_2,2010-03-15 to None
2016-05-12 00:00:00+00:00,42.19309616088867,62.151161193847656,62.5484504699707,60.843021392822266,61.33720779418945,1650374,OKE_2,2010-03-15 to None
2016-05-13 00:00:00+00:00,41.85103225708008,61.64728546142578,62.0155029296875,61.07558059692383,61.91860580444336,1094746,OKE_2,2010-03-15 to None
2016-05-16 00:00:00+00:00,42.04179763793945,61.92829513549805,62.122093200683594,61.269378662109375,61.637596130371094,1222507,OKE_2,2010-03-15 to None
2016-05-17 00:00:00+00:00,41.114253997802734,60.562015533447266,61.695735931396484,60.319766998291016,61.695735931396484,2136034,OKE_2,2010-03-15 to None
2016-05-18 00:00:00+00:00,40.041996002197266,58.98255920410156,60.562015533447266,58.29457473754883,60.35852813720703,2621177,OKE_2,2010-03-15 to None
2016-05-19 00:00:00+00:00,38.84475326538086,57.218990325927734,57.32558059692383,56.6860466003418,57.02519226074219,6354540,OKE_2,2010-03-15 to None
2016-05-20 00:00:00+00:00,38.93684387207031,57.354652404785156,57.49031066894531,56.511627197265625,57.49031066894531,3452659,OKE_2,2010-03-15 to None
2016-05-23 00:00:00+00:00,38.84475326538086,57.218990325927734,57.59689712524414,56.937984466552734,57.41279220581055,2375870,OKE_2,2010-03-15 to None
2016-05-24 00:00:00+00:00,39.0947265625,57.58720779418945,57.781009674072266,57.3449592590332,57.50968933105469,2420350,OKE_2,2010-03-15 to None
2016-05-25 00:00:00+00:00,39.06184387207031,57.538761138916016,57.645347595214844,56.49224853515625,57.606590270996094,1962348,OKE_2,2010-03-15 to None
2016-05-26 00:00:00+00:00,39.40388107299805,58.04263687133789,58.08139419555664,57.364341735839844,57.55813980102539,1680922,OKE_2,2010-03-15 to None
2016-05-27 00:00:00+00:00,39.53523254394531,58.04263687133789,58.41085433959961,57.71317672729492,58.04263687133789,2097334,OKE_2,2010-03-15 to None
2016-05-31 00:00:00+00:00,39.6606559753418,58.22674560546875,58.41085433959961,57.24806213378906,58.09108352661133,3929546,OKE_2,2010-03-15 to None
2016-06-01 00:00:00+00:00,40.16227722167969,58.96317672729492,59.02131652832031,58.062015533447266,58.08139419555664,2103113,OKE_2,2010-03-15 to None
2016-06-02 00:00:00+00:00,40.62429428100586,59.64147186279297,59.680233001708984,58.7015495300293,58.75,1738817,OKE_2,2010-03-15 to None
2016-06-03 00:00:00+00:00,41.61431884765625,61.0949592590332,61.31782913208008,60.077518463134766,60.11627960205078,2660083,OKE_2,2010-03-15 to None
2016-06-06 00:00:00+00:00,41.2974967956543,60.629844665527344,61.31782913208008,60.33914566040039,61.03682327270508,1576999,OKE_2,2010-03-15 to None
2016-06-07 00:00:00+00:00,41.70671844482422,61.230621337890625,61.327518463134766,60.804264068603516,60.968990325927734,1718383,OKE_2,2010-03-15 to None
2016-06-08 00:00:00+00:00,41.91790771484375,61.54069900512695,61.569766998291016,60.97868347167969,61.18217086791992,1175138,OKE_2,2010-03-15 to None
2016-06-09 00:00:00+00:00,42.22812271118164,61.996124267578125,62.02519226074219,61.4050407409668,61.54069900512695,1444490,OKE_2,2010-03-15 to None
2016-06-10 00:00:00+00:00,42.43933868408203,62.30620193481445,62.58720779418945,61.71511459350586,61.7344970703125,1564099,OKE_2,2010-03-15 to None
2016-06-13 00:00:00+00:00,42.32054138183594,62.13178253173828,62.92635726928711,62.03488540649414,62.49031066894531,1667609,OKE_2,2010-03-15 to None
2016-06-14 00:00:00+00:00,42.46574401855469,62.3449592590332,62.61627960205078,61.82170486450195,62.19961166381836,1900428,OKE_2,2010-03-15 to None
2016-06-15 00:00:00+00:00,42.505340576171875,62.40310287475586,62.606590270996094,61.77325439453125,62.31589126586914,1337472,OKE_2,2010-03-15 to None
2016-06-16 00:00:00+00:00,42.94755554199219,63.05232620239258,63.07170486450195,62.364341735839844,62.6550407409668,1394645,OKE_2,2010-03-15 to None
2016-06-17 00:00:00+00:00,42.32054138183594,62.13178253173828,62.945735931396484,61.34689712524414,62.85852813720703,3714168,OKE_2,2010-03-15 to None
2016-06-20 00:00:00+00:00,42.076332092285156,61.77325439453125,62.422481536865234,61.46317672729492,62.30620193481445,1871016,OKE_2,2010-03-15 to None
2016-06-21 00:00:00+00:00,42.45913314819336,62.335269927978516,62.47092819213867,61.83139419555664,61.870155334472656,1129937,OKE_2,2010-03-15 to None
2016-06-22 00:00:00+00:00,42.478939056396484,62.364341735839844,62.461238861083984,61.996124267578125,62.335269927978516,1110329,OKE_2,2010-03-15 to None
2016-06-23 00:00:00+00:00,42.57135009765625,62.5,62.5,61.89922332763672,61.937984466552734,881018,OKE_2,2010-03-15 to None
2016-06-24 00:00:00+00:00,43.39637756347656,63.711238861083984,64.46705627441406,61.695735931396484,61.695735931396484,3314165,OKE_2,2010-03-15 to None
2016-06-27 00:00:00+00:00,44.20159149169922,64.8934097290039,65.04844665527344,63.527130126953125,63.527130126953125,2862974,OKE_2,2010-03-15 to None
2016-06-28 00:00:00+00:00,45.013427734375,66.08527374267578,66.08527374267578,64.50581359863281,65.1744155883789,1848518,OKE_2,2010-03-15 to None
2016-06-29 00:00:00+00:00,45.31794738769531,66.33721160888672,66.72480773925781,65.79457092285156,66.26937866210938,1845629,OKE_2,2010-03-15 to None
2016-06-30 00:00:00+00:00,45.9136962890625,67.20930480957031,67.20930480957031,65.92053985595703,66.38565826416016,2472362,OKE_2,2010-03-15 to None
2016-07-01 00:00:00+00:00,46.09902572631836,67.48062133789062,67.90697479248047,66.9186019897461,67.34496307373047,1882265,OKE_2,2010-03-15 to None
2016-07-05 00:00:00+00:00,47.3104133605957,69.25387573242188,69.28294372558594,67.52906799316406,67.90697479248047,2476284,OKE_2,2010-03-15 to None
2016-07-06 00:00:00+00:00,47.1383171081543,69.00193786621094,69.6899185180664,68.56588745117188,69.07946014404297,1864308,OKE_2,2010-03-15 to None
2016-07-07 00:00:00+00:00,45.76807403564453,66.99612426757812,68.89534759521484,66.55038452148438,68.89534759521484,3814169,OKE_2,2010-03-15 to None
2016-07-08 00:00:00+00:00,46.27775573730469,67.74224853515625,67.79069519042969,66.13372039794922,67.23837280273438,2020450,OKE_2,2010-03-15 to None
2016-07-11 00:00:00+00:00,46.68156814575195,68.33333587646484,68.47868347167969,67.09302520751953,67.75193786621094,1414046,OKE_2,2010-03-15 to None
2016-07-12 00:00:00+00:00,46.38368606567383,67.89728546142578,68.33333587646484,67.25775146484375,68.2655029296875,2129945,OKE_2,2010-03-15 to None
2016-07-13 00:00:00+00:00,46.866905212402344,68.60465240478516,68.71124267578125,67.92635345458984,68.19767761230469,1331693,OKE_2,2010-03-15 to None
2016-07-14 00:00:00+00:00,46.562408447265625,68.1589126586914,68.24612426757812,67.3934097290039,68.22674560546875,1536545,OKE_2,2010-03-15 to None
2016-07-15 00:00:00+00:00,46.23142623901367,67.6744155883789,68.28488159179688,67.03488159179688,68.07170867919922,1687217,OKE_2,2010-03-15 to None
2016-07-18 00:00:00+00:00,46.324119567871094,67.8100814819336,68.10077667236328,67.62596893310547,67.781005859375,1054394,OKE_2,2010-03-15 to None
2016-07-19 00:00:00+00:00,46.52930450439453,68.11046600341797,68.11046600341797,67.50968933105469,67.89728546142578,1403210,OKE_2,2010-03-15 to None
2016-07-20 00:00:00+00:00,46.204952239990234,67.63565826416016,68.20736694335938,67.41278839111328,68.12984466552734,1065746,OKE_2,2010-03-15 to None
2016-07-21 00:00:00+00:00,46.390316009521484,67.90697479248047,67.90697479248047,66.77325439453125,67.4030990600586,1205376,OKE_2,2010-03-15 to None
2016-07-22 00:00:00+00:00,46.60873794555664,68.22674560546875,68.6434097290039,67.73255920410156,67.81977081298828,1595575,OKE_2,2010-03-15 to None
2016-07-25 00:00:00+00:00,46.5491828918457,68.13953399658203,68.55620574951172,67.63565826416016,68.38178253173828,1331796,OKE_2,2010-03-15 to None
2016-07-26 00:00:00+00:00,46.41014862060547,67.93605041503906,68.30426025390625,67.65503692626953,68.28488159179688,975240,OKE_2,2010-03-15 to None
2016-07-27 00:00:00+00:00,46.065940856933594,67.43217468261719,67.99418640136719,66.87984466552734,67.97480773925781,1771015,OKE_2,2010-03-15 to None
2016-07-28 00:00:00+00:00,46.92233657836914,68.48837280273438,68.80814361572266,67.1899185180664,67.35465240478516,1739333,OKE_2,2010-03-15 to None
2016-07-29 00:00:00+00:00,47.44678497314453,69.25387573242188,69.72868347167969,68.6530990600586,68.6530990600586,4050600,OKE_2,2010-03-15 to None
2016-08-01 00:00:00+00:00,47.891571044921875,69.9030990600586,70.05814361572266,69.25387573242188,69.27325439453125,1695576,OKE_2,2010-03-15 to None
2016-08-02 00:00:00+00:00,46.4775276184082,67.83914947509766,69.70930480957031,67.62596893310547,69.5155029296875,2155126,OKE_2,2010-03-15 to None
2016-08-03 00:00:00+00:00,45.92652893066406,67.03488159179688,67.83914947509766,66.58914947509766,67.76162719726562,2393414,OKE_2,2010-03-15 to None
2016-08-04 00:00:00+00:00,46.1655158996582,67.38372039794922,67.9844970703125,67.15116119384766,67.1899185180664,1203828,OKE_2,2010-03-15 to None
2016-08-05 00:00:00+00:00,45.51493835449219,66.43411254882812,67.38372039794922,66.13372039794922,67.38372039794922,1438814,OKE_2,2010-03-15 to None
2016-08-08 00:00:00+00:00,45.43525695800781,66.31782531738281,66.71511840820312,65.64922332763672,66.33721160888672,1092372,OKE_2,2010-03-15 to None
2016-08-09 00:00:00+00:00,45.760555267333984,66.79263305664062,66.95736694335938,65.7655029296875,66.39534759521484,1000834,OKE_2,2010-03-15 to None
2016-08-10 00:00:00+00:00,45.946434020996094,67.06394958496094,67.31588745117188,66.8410873413086,66.88953399658203,1152847,OKE_2,2010-03-15 to None
2016-08-11 00:00:00+00:00,45.26265335083008,66.06588745117188,67.07364654541016,65.72674560546875,67.06394958496094,1149029,OKE_2,2010-03-15 to None
2016-08-12 00:00:00+00:00,45.56802749633789,66.51162719726562,67.24806213378906,66.13372039794922,66.3469009399414,1162135,OKE_2,2010-03-15 to None
2016-08-15 00:00:00+00:00,45.13652038574219,65.88178253173828,66.65697479248047,65.82364654541016,66.6375961303711,977510,OKE_2,2010-03-15 to None
2016-08-16 00:00:00+00:00,44.4394645690918,64.86434173583984,65.60077667236328,64.32170867919922,65.60077667236328,2099191,OKE_2,2010-03-15 to None
2016-08-17 00:00:00+00:00,44.88426208496094,65.51356506347656,65.52325439453125,64.20542907714844,65.00968933105469,1775762,OKE_2,2010-03-15 to None
2016-08-18 00:00:00+00:00,45.01703643798828,65.70736694335938,65.92053985595703,65.36821746826172,65.60077667236328,939430,OKE_2,2010-03-15 to None
2016-08-19 00:00:00+00:00,44.34652328491211,64.72868347167969,65.89147186279297,64.45736694335938,65.5910873413086,1427153,OKE_2,2010-03-15 to None
2016-08-22 00:00:00+00:00,44.784671783447266,65.36821746826172,65.60077667236328,64.77713012695312,64.8934097290039,997222,OKE_2,2010-03-15 to None
2016-08-23 00:00:00+00:00,44.671817779541016,65.2034912109375,65.74612426757812,65.1744155883789,65.50387573242188,719923,OKE_2,2010-03-15 to None
2016-08-24 00:00:00+00:00,44.26686477661133,64.6124038696289,65.33914947509766,64.09883880615234,65.26162719726562,1100112,OKE_2,2010-03-15 to None
2016-08-25 00:00:00+00:00,44.26022720336914,64.60271453857422,65.3100814819336,64.37984466552734,64.72868347167969,1624058,OKE_2,2010-03-15 to None
2016-08-26 00:00:00+00:00,43.636192321777344,63.69186019897461,65.22286987304688,63.362403869628906,64.84496307373047,1321579,OKE_2,2010-03-15 to None
2016-08-29 00:00:00+00:00,44.06770324707031,64.32170867919922,64.718994140625,63.953487396240234,63.953487396240234,1180195,OKE_2,2010-03-15 to None
2016-08-30 00:00:00+00:00,43.57626724243164,63.41085433959961,64.18605041503906,62.99418640136719,64.01162719726562,1315800,OKE_2,2010-03-15 to None
2016-08-31 00:00:00+00:00,43.769344329833984,63.69186019897461,63.81782913208008,62.9360466003418,63.362403869628906,2867825,OKE_2,2010-03-15 to None
2016-09-01 00:00:00+00:00,43.77602005004883,63.7015495300293,64.05038452148438,63.28488540649414,63.56589126586914,1500425,OKE_2,2010-03-15 to None
2016-09-02 00:00:00+00:00,44.12896728515625,64.21511840820312,65.64922332763672,63.93410873413086,63.953487396240234,1229731,OKE_2,2010-03-15 to None
2016-09-06 00:00:00+00:00,44.734920501708984,65.0969009399414,65.0969009399414,63.87596893310547,64.43798065185547,1342632,OKE_2,2010-03-15 to None
2016-09-07 00:00:00+00:00,45.274295806884766,65.88178253173828,65.968994140625,65.0969009399414,65.16472625732422,1499806,OKE_2,2010-03-15 to None
2016-09-08 00:00:00+00:00,44.89473342895508,65.32946014404297,65.7655029296875,65.04844665527344,65.43605041503906,2818908,OKE_2,2010-03-15 to None
2016-09-09 00:00:00+00:00,42.790489196777344,62.26744079589844,64.5155029296875,62.25775146484375,64.5155029296875,2290937,OKE_2,2010-03-15 to None
2016-09-12 00:00:00+00:00,43.64284133911133,63.50775146484375,63.94379806518555,62.02519226074219,62.14147186279297,2081544,OKE_2,2010-03-15 to None
2016-09-13 00:00:00+00:00,42.31105422973633,61.569766998291016,63.22674560546875,61.36627960205078,63.0329475402832,2087736,OKE_2,2010-03-15 to None
2016-09-14 00:00:00+00:00,42.610694885253906,62.00581359863281,62.5484504699707,61.71511459350586,61.870155334472656,1393097,OKE_2,2010-03-15 to None
2016-09-15 00:00:00+00:00,42.83711624145508,62.335269927978516,62.4515495300293,61.77325439453125,61.9670524597168,1352952,OKE_2,2010-03-15 to None
2016-09-16 00:00:00+00:00,42.930335998535156,62.47092819213867,62.62596893310547,61.91860580444336,62.20930099487305,2550898,OKE_2,2010-03-15 to None
2016-09-19 00:00:00+00:00,43.429744720458984,63.19767379760742,63.23643493652344,62.5,62.5,1410538,OKE_2,2010-03-15 to None
2016-09-20 00:00:00+00:00,43.676143646240234,63.55620193481445,63.856590270996094,63.33333206176758,63.49806213378906,1227564,OKE_2,2010-03-15 to None
2016-09-21 00:00:00+00:00,44.45524215698242,64.6899185180664,64.81588745117188,63.003875732421875,63.604652404785156,1504862,OKE_2,2010-03-15 to None
2016-09-22 00:00:00+00:00,45.201026916503906,65.77519226074219,66.13372039794922,65.18411254882812,65.18411254882812,1556359,OKE_2,2010-03-15 to None
2016-09-23 00:00:00+00:00,45.31425476074219,65.9399185180664,66.1530990600586,64.8934097290039,65.50387573242188,1112806,OKE_2,2010-03-15 to None
2016-09-26 00:00:00+00:00,45.73373794555664,66.55038452148438,66.85077667236328,65.46511840820312,65.71705627441406,1632624,OKE_2,2010-03-15 to None
2016-09-27 00:00:00+00:00,45.40079879760742,66.06588745117188,66.99612426757812,65.8720932006836,66.8410873413086,1256976,OKE_2,2010-03-15 to None
2016-09-28 00:00:00+00:00,45.82700729370117,66.68605041503906,66.75387573242188,65.81394958496094,66.13372039794922,1130866,OKE_2,2010-03-15 to None
2016-09-29 00:00:00+00:00,45.147117614746094,65.50387573242188,66.22093200683594,65.03875732421875,66.18217468261719,1285562,OKE_2,2010-03-15 to None
2016-09-30 00:00:00+00:00,44.69963455200195,64.85465240478516,66.23062133789062,64.84496307373047,65.94961547851562,1517556,OKE_2,2010-03-15 to None
2016-10-03 00:00:00+00:00,43.664466857910156,63.35271453857422,64.68022918701172,63.29457473754883,64.6124038696289,1610849,OKE_2,2010-03-15 to None
2016-10-04 00:00:00+00:00,42.53579330444336,61.71511459350586,63.343021392822266,61.25,63.304264068603516,1884226,OKE_2,2010-03-15 to None
2016-10-05 00:00:00+00:00,41.353660583496094,60.0,61.9670524597168,59.94186019897461,61.89922332763672,2125507,OKE_2,2010-03-15 to None
2016-10-06 00:00:00+00:00,41.13329315185547,59.680233001708984,60.23255920410156,58.68217086791992,59.82558059692383,2145115,OKE_2,2010-03-15 to None
2016-10-07 00:00:00+00:00,41.046478271484375,59.554264068603516,60.7655029296875,59.127906799316406,60.05813980102539,1492478,OKE_2,2010-03-15 to None
2016-10-10 00:00:00+00:00,41.4806022644043,60.18410873413086,60.45542526245117,59.72868347167969,59.738372802734375,1006303,OKE_2,2010-03-15 to None
2016-10-11 00:00:00+00:00,40.61234664916992,58.92441940307617,60.077518463134766,58.827518463134766,59.97092819213867,1759560,OKE_2,2010-03-15 to None
2016-10-12 00:00:00+00:00,41.18672180175781,59.75775146484375,60.0,58.99224853515625,59.0794563293457,1294747,OKE_2,2010-03-15 to None
2016-10-13 00:00:00+00:00,41.88129425048828,60.7655029296875,61.25,59.29263687133789,59.554264068603516,1927776,OKE_2,2010-03-15 to None
2016-10-14 00:00:00+00:00,41.43381118774414,60.11627960205078,60.99806213378906,59.82558059692383,60.58139419555664,922505,OKE_2,2010-03-15 to None
2016-10-17 00:00:00+00:00,41.84123229980469,60.70736312866211,61.027130126953125,60.145347595214844,60.27131652832031,1217863,OKE_2,2010-03-15 to None
2016-10-18 00:00:00+00:00,41.84790802001953,60.7170524597168,61.22092819213867,60.387596130371094,61.05620193481445,1267090,OKE_2,2010-03-15 to None
2016-10-19 00:00:00+00:00,41.76775360107422,60.60077667236328,60.8139533996582,60.222869873046875,60.79457473754883,1155427,OKE_2,2010-03-15 to None
2016-10-20 00:00:00+00:00,41.70764923095703,60.51356506347656,60.843021392822266,60.019378662109375,60.70736312866211,977407,OKE_2,2010-03-15 to None
2016-10-21 00:00:00+00:00,41.340328216552734,59.980621337890625,60.52325439453125,59.651161193847656,60.1550407409668,1041598,OKE_2,2010-03-15 to None
2016-10-24 00:00:00+00:00,41.607452392578125,60.36821746826172,60.93992233276367,59.622093200683594,60.3294563293457,1343458,OKE_2,2010-03-15 to None
2016-10-25 00:00:00+00:00,41.607452392578125,60.36821746826172,60.70736312866211,59.777130126953125,60.164730072021484,1011876,OKE_2,2010-03-15 to None
2016-10-26 00:00:00+00:00,40.9463005065918,59.40891647338867,60.17441940307617,58.87596893310547,60.11627960205078,1117450,OKE_2,2010-03-15 to None
2016-10-27 00:00:00+00:00,39.47699737548828,57.277130126953125,59.39922332763672,57.03488540649414,59.34108352661133,2162040,OKE_2,2010-03-15 to None
2016-10-28 00:00:00+00:00,39.22369384765625,56.71511459350586,57.5484504699707,56.58914566040039,56.879844665527344,1859045,OKE_2,2010-03-15 to None
2016-10-31 00:00:00+00:00,39.69951248168945,57.40310287475586,57.422481536865234,55.31007766723633,56.90891647338867,3058848,OKE_2,2010-03-15 to None
2016-11-01 00:00:00+00:00,38.69427490234375,55.94961166381836,57.238372802734375,55.503875732421875,57.238372802734375,2656678,OKE_2,2010-03-15 to None
2016-11-02 00:00:00+00:00,38.004032135009766,54.9515495300293,56.06589126586914,54.93217086791992,55.99806213378906,1980511,OKE_2,2010-03-15 to None
2016-11-03 00:00:00+00:00,37.896793365478516,54.796512603759766,55.11627960205078,54.50581359863281,54.90310287475586,1639951,OKE_2,2010-03-15 to None
2016-11-04 00:00:00+00:00,38.453033447265625,55.60077667236328,55.99806213378906,54.52519226074219,55.02907180786133,1949758,OKE_2,2010-03-15 to None
2016-11-07 00:00:00+00:00,39.170074462890625,56.637596130371094,56.72480773925781,55.83333206176758,56.22092819213867,1689384,OKE_2,2010-03-15 to None
2016-11-08 00:00:00+00:00,39.49843978881836,57.112403869628906,57.30620193481445,56.49224853515625,56.695735931396484,1559249,OKE_2,2010-03-15 to None
2016-11-09 00:00:00+00:00,37.27357482910156,53.895347595214844,56.54069900512695,53.63372039794922,56.54069900512695,3731093,OKE_2,2010-03-15 to None
2016-11-10 00:00:00+00:00,36.375572204589844,52.59689712524414,53.895347595214844,51.085269927978516,53.895347595214844,4896634,OKE_2,2010-03-15 to None
2016-11-11 00:00:00+00:00,36.44926834106445,52.703487396240234,53.84689712524414,52.49031066894531,52.703487396240234,2372671,OKE_2,2010-03-15 to None
2016-11-14 00:00:00+00:00,37.27357482910156,53.895347595214844,54.098838806152344,51.66666793823242,52.5,2389183,OKE_2,2010-03-15 to None
2016-11-15 00:00:00+00:00,37.30707550048828,53.94379806518555,55.145347595214844,53.4205436706543,54.05038833618164,2044908,OKE_2,2010-03-15 to None
2016-11-16 00:00:00+00:00,37.62873840332031,54.40891647338867,54.52519226074219,53.604652404785156,54.32170486450195,1623955,OKE_2,2010-03-15 to None
2016-11-17 00:00:00+00:00,36.77096176147461,53.16860580444336,54.69961166381836,53.11046600341797,54.40891647338867,1753781,OKE_2,2010-03-15 to None
2016-11-18 00:00:00+00:00,36.95859909057617,53.43992233276367,53.68217086791992,52.96511459350586,53.20736312866211,3153276,OKE_2,2010-03-15 to None
2016-11-21 00:00:00+00:00,36.918373107910156,53.38178253173828,54.127906799316406,53.22674560546875,53.53682327270508,1567608,OKE_2,2010-03-15 to None
2016-11-22 00:00:00+00:00,37.93030548095703,54.8449592590332,54.94186019897461,53.343021392822266,53.711238861083984,1730148,OKE_2,2010-03-15 to None
2016-11-23 00:00:00+00:00,37.60862731933594,54.379844665527344,54.8449592590332,53.953487396240234,54.27325439453125,1303519,OKE_2,2010-03-15 to None
2016-11-25 00:00:00+00:00,37.910186767578125,54.81589126586914,55.348838806152344,54.50581359863281,54.58333206176758,732101,OKE_2,2010-03-15 to None
2016-11-28 00:00:00+00:00,37.76277542114258,54.60271453857422,55.49418640136719,54.29263687133789,54.72868347167969,1719725,OKE_2,2010-03-15 to None
2016-11-29 00:00:00+00:00,38.16092300415039,54.980621337890625,55.47480773925781,54.40891647338867,54.40891647338867,1458732,OKE_2,2010-03-15 to None
2016-11-30 00:00:00+00:00,37.2866096496582,53.72092819213867,54.34108352661133,53.29457473754883,54.20542526245117,2777628,OKE_2,2010-03-15 to None
2016-12-01 00:00:00+00:00,35.97512435913086,51.83139419555664,53.47868347167969,51.656978607177734,53.304264068603516,2781756,OKE_2,2010-03-15 to None
2016-12-02 00:00:00+00:00,36.80908203125,53.0329475402832,54.16666793823242,52.03488540649414,52.03488540649414,3082997,OKE_2,2010-03-15 to None
2016-12-05 00:00:00+00:00,36.80908203125,53.0329475402832,53.16860580444336,51.90891647338867,53.16860580444336,2319317,OKE_2,2010-03-15 to None
2016-12-06 00:00:00+00:00,36.714908599853516,52.89728546142578,53.56589126586914,52.73255920410156,53.05232620239258,1887941,OKE_2,2010-03-15 to None
2016-12-07 00:00:00+00:00,37.29331970214844,53.730621337890625,54.0794563293457,53.02325439453125,53.02325439453125,2293414,OKE_2,2010-03-15 to None
2016-12-08 00:00:00+00:00,37.212608337402344,53.614341735839844,53.769378662109375,52.75193786621094,53.39147186279297,2100636,OKE_2,2010-03-15 to None
2016-12-09 00:00:00+00:00,37.400936126708984,53.885658264160156,54.14728546142578,53.5949592590332,53.68217086791992,1195572,OKE_2,2010-03-15 to None
2016-12-12 00:00:00+00:00,37.78428268432617,54.437984466552734,54.58333206176758,53.75,53.77907180786133,1428907,OKE_2,2010-03-15 to None
2016-12-13 00:00:00+00:00,37.737213134765625,54.370155334472656,55.06782913208008,54.05038833618164,54.87403106689453,1683089,OKE_2,2010-03-15 to None
2016-12-14 00:00:00+00:00,36.75529479980469,52.95542526245117,54.76744079589844,52.703487396240234,54.68992233276367,2431392,OKE_2,2010-03-15 to None
2016-12-15 00:00:00+00:00,36.34502029418945,52.364341735839844,53.10077667236328,52.16085433959961,52.9844970703125,2220142,OKE_2,2010-03-15 to None
2016-12-16 00:00:00+00:00,37.3067741394043,53.75,53.96317672729492,52.761627197265625,52.761627197265625,3260914,OKE_2,2010-03-15 to None
2016-12-19 00:00:00+00:00,38.557743072509766,55.55232620239258,55.73643493652344,54.16666793823242,54.24418640136719,2322413,OKE_2,2010-03-15 to None
2016-12-20 00:00:00+00:00,38.174381256103516,55.0,55.79457473754883,54.53488540649414,55.63953399658203,1736753,OKE_2,2010-03-15 to None
2016-12-21 00:00:00+00:00,37.82463455200195,54.496124267578125,55.63953399658203,54.496124267578125,55.11627960205078,1523438,OKE_2,2010-03-15 to None
2016-12-22 00:00:00+00:00,37.88519287109375,54.58333206176758,54.63178253173828,53.92441940307617,54.44767379760742,1120649,OKE_2,2010-03-15 to None
2016-12-23 00:00:00+00:00,37.93897247314453,54.66085433959961,54.88372039794922,54.1860466003418,54.75775146484375,1426740,OKE_2,2010-03-15 to None
2016-12-27 00:00:00+00:00,37.95243835449219,54.680233001708984,54.94186019897461,54.36046600341797,54.68992233276367,1057078,OKE_2,2010-03-15 to None
2016-12-28 00:00:00+00:00,37.723777770996094,54.35077667236328,54.854652404785156,53.972869873046875,54.76744079589844,1833864,OKE_2,2010-03-15 to None
2016-12-29 00:00:00+00:00,38.22529602050781,54.87403106689453,55.17441940307617,53.87596893310547,54.21511459350586,1278958,OKE_2,2010-03-15 to None
2016-12-30 00:00:00+00:00,38.79901885986328,55.69767379760742,56.01744079589844,54.738372802734375,54.90310287475586,2088768,OKE_2,2010-03-15 to None
2017-01-03 00:00:00+00:00,38.80580139160156,55.70736312866211,55.97868347167969,55.145347595214844,55.94961166381836,2036446,OKE_2,2010-03-15 to None
2017-01-04 00:00:00+00:00,39.386287689208984,56.54069900512695,56.637596130371094,55.620155334472656,55.862403869628906,1866475,OKE_2,2010-03-15 to None
2017-01-05 00:00:00+00:00,40.446044921875,58.062015533447266,58.44961166381836,56.00775146484375,56.356590270996094,2349348,OKE_2,2010-03-15 to None
2017-01-06 00:00:00+00:00,40.39204788208008,57.9844970703125,58.43992233276367,57.354652404785156,57.79069900512695,1916218,OKE_2,2010-03-15 to None
2017-01-09 00:00:00+00:00,40.09504699707031,57.55813980102539,58.10077667236328,57.354652404785156,57.461238861083984,2000326,OKE_2,2010-03-15 to None
2017-01-10 00:00:00+00:00,39.615779876708984,56.870155334472656,57.81007766723633,56.7829475402832,57.5484504699707,1809199,OKE_2,2010-03-15 to None
2017-01-11 00:00:00+00:00,39.50779342651367,56.71511459350586,57.480621337890625,56.67635726928711,56.77325439453125,1625710,OKE_2,2010-03-15 to None
2017-01-12 00:00:00+00:00,40.209781646728516,57.722869873046875,57.8294563293457,56.453487396240234,56.67635726928711,1454810,OKE_2,2010-03-15 to None
2017-01-13 00:00:00+00:00,39.87228775024414,57.238372802734375,57.703487396240234,56.92829513549805,57.703487396240234,1074725,OKE_2,2010-03-15 to None
2017-01-17 00:00:00+00:00,40.587791442871094,58.2655029296875,58.44961166381836,57.335269927978516,57.3449592590332,1512086,OKE_2,2010-03-15 to None
2017-01-18 00:00:00+00:00,40.35154724121094,57.92635726928711,58.43992233276367,57.79069900512695,58.2655029296875,1969366,OKE_2,2010-03-15 to None
2017-01-19 00:00:00+00:00,39.946529388427734,57.3449592590332,57.819766998291016,57.08333206176758,57.71317672729492,1488454,OKE_2,2010-03-15 to None
2017-01-20 00:00:00+00:00,40.29079818725586,57.83914566040039,57.95542526245117,57.364341735839844,57.422481536865234,1612294,OKE_2,2010-03-15 to None
2017-01-23 00:00:00+00:00,40.67554473876953,58.39147186279297,58.711238861083984,57.79069900512695,57.89728546142578,1847899,OKE_2,2010-03-15 to None
2017-01-24 00:00:00+00:00,40.35154724121094,57.92635726928711,58.468990325927734,57.703487396240234,58.246124267578125,1644286,OKE_2,2010-03-15 to None
2017-01-25 00:00:00+00:00,40.24355697631836,57.77131652832031,58.22674560546875,57.364341735839844,58.04263687133789,1694131,OKE_2,2010-03-15 to None
2017-01-26 00:00:00+00:00,40.37178421020508,57.95542526245117,58.16860580444336,57.61627960205078,57.71317672729492,1851718,OKE_2,2010-03-15 to None
2017-01-27 00:00:00+00:00,40.12204360961914,57.59689712524414,58.17829513549805,57.30620193481445,58.09108352661133,1995888,OKE_2,2010-03-15 to None
2017-01-30 00:00:00+00:00,40.1633415222168,57.4515495300293,57.81007766723633,57.03488540649414,57.335269927978516,2271329,OKE_2,2010-03-15 to None
2017-01-31 00:00:00+00:00,40.393672943115234,57.781009674072266,58.13953399658203,57.25775146484375,57.538761138916016,4954322,OKE_2,2010-03-15 to None
2017-02-01 00:00:00+00:00,39.499515533447266,56.50193786621094,57.877906799316406,56.25,57.58720779418945,5833999,OKE_2,2010-03-15 to None
2017-02-02 00:00:00+00:00,40.25141906738281,57.577518463134766,57.71317672729492,56.453487396240234,56.50193786621094,1686907,OKE_2,2010-03-15 to None
2017-02-03 00:00:00+00:00,40.522377014160156,57.96511459350586,58.527130126953125,57.61627960205078,58.02325439453125,1827053,OKE_2,2010-03-15 to None
2017-02-06 00:00:00+00:00,40.522377014160156,57.96511459350586,58.22674560546875,57.645347595214844,58.05232620239258,1311775,OKE_2,2010-03-15 to None
2017-02-07 00:00:00+00:00,40.74592971801758,58.28488540649414,58.62403106689453,57.96511459350586,57.96511459350586,1744493,OKE_2,2010-03-15 to None
2017-02-08 00:00:00+00:00,40.9830207824707,58.62403106689453,59.031009674072266,58.11046600341797,58.19767379760742,1403726,OKE_2,2010-03-15 to None
2017-02-09 00:00:00+00:00,41.037208557128906,58.7015495300293,59.06007766723633,58.401161193847656,58.62403106689453,919615,OKE_2,2010-03-15 to None
2017-02-10 00:00:00+00:00,41.51139831542969,59.379844665527344,59.60271453857422,58.4205436706543,58.527130126953125,1126222,OKE_2,2010-03-15 to None
2017-02-13 00:00:00+00:00,41.741729736328125,59.70930099487305,59.864341735839844,59.10852813720703,59.253875732421875,1204654,OKE_2,2010-03-15 to None
2017-02-14 00:00:00+00:00,41.172698974609375,58.895347595214844,59.680233001708984,58.362403869628906,59.53488540649414,1653574,OKE_2,2010-03-15 to None
2017-02-15 00:00:00+00:00,40.861080169677734,58.44961166381836,58.672481536865234,57.85852813720703,58.614341735839844,1482365,OKE_2,2010-03-15 to None
2017-02-16 00:00:00+00:00,41.037208557128906,58.7015495300293,58.972869873046875,58.44961166381836,58.527130126953125,1681541,OKE_2,2010-03-15 to None
2017-02-17 00:00:00+00:00,41.186256408691406,58.914730072021484,59.34108352661133,58.55620193481445,58.80813980102539,1230144,OKE_2,2010-03-15 to None
2017-02-21 00:00:00+00:00,41.673980712890625,59.612403869628906,59.81589126586914,58.72092819213867,58.96317672729492,1296502,OKE_2,2010-03-15 to None
2017-02-22 00:00:00+00:00,41.41655349731445,59.24418640136719,59.91279220581055,58.94379806518555,59.6705436706543,1168740,OKE_2,2010-03-15 to None
2017-02-23 00:00:00+00:00,42.58170700073242,60.91085433959961,60.97868347167969,59.33139419555664,59.80620193481445,1328597,OKE_2,2010-03-15 to None
2017-02-24 00:00:00+00:00,42.80523681640625,61.230621337890625,61.230621337890625,60.503875732421875,60.901161193847656,1711262,OKE_2,2010-03-15 to None
2017-02-27 00:00:00+00:00,42.914695739746094,61.18217086791992,61.627906799316406,60.54263687133789,61.05620193481445,1905382,OKE_2,2010-03-15 to None
2017-02-28 00:00:00+00:00,41.650474548339844,59.379844665527344,59.81589126586914,59.34108352661133,59.40891647338867,10224127,OKE_2,2010-03-15 to None
2017-03-01 00:00:00+00:00,41.18828582763672,58.72092819213867,59.30232620239258,58.45930099487305,59.16666793823242,3537696,OKE_2,2010-03-15 to None
2017-03-02 00:00:00+00:00,41.161109924316406,58.68217086791992,59.370155334472656,58.546512603759766,58.68217086791992,2995896,OKE_2,2010-03-15 to None
2017-03-03 00:00:00+00:00,41.0115852355957,58.468990325927734,58.895347595214844,57.41279220581055,58.72092819213867,3025824,OKE_2,2010-03-15 to None
2017-03-06 00:00:00+00:00,40.55619430541992,57.819766998291016,58.27519226074219,57.10271453857422,58.27519226074219,2562250,OKE_2,2010-03-15 to None
2017-03-07 00:00:00+00:00,40.67176055908203,57.9844970703125,58.0329475402832,57.480621337890625,57.62596893310547,1470187,OKE_2,2010-03-15 to None
2017-03-08 00:00:00+00:00,39.21725082397461,55.91085433959961,57.5484504699707,55.83333206176758,57.38372039794922,2608277,OKE_2,2010-03-15 to None
2017-03-09 00:00:00+00:00,38.843421936035156,55.377906799316406,56.656978607177734,55.18410873413086,55.9205436706543,2003525,OKE_2,2010-03-15 to None
2017-03-10 00:00:00+00:00,39.006534576416016,55.61046600341797,56.453487396240234,55.3294563293457,55.70736312866211,1682779,OKE_2,2010-03-15 to None
2017-03-13 00:00:00+00:00,39.298805236816406,56.027130126953125,56.42441940307617,55.620155334472656,55.65891647338867,1855123,OKE_2,2010-03-15 to None
2017-03-14 00:00:00+00:00,39.24442672729492,55.94961166381836,56.18217086791992,55.60077667236328,55.88178253173828,1752955,OKE_2,2010-03-15 to None
2017-03-15 00:00:00+00:00,40.257144927978516,57.393409729003906,57.83914566040039,56.288761138916016,56.33720779418945,2378554,OKE_2,2010-03-15 to None
2017-03-16 00:00:00+00:00,40.1416015625,57.22868347167969,57.781009674072266,57.14147186279297,57.393409729003906,1712191,OKE_2,2010-03-15 to None
2017-03-17 00:00:00+00:00,40.68534469604492,58.003875732421875,58.09108352661133,57.151161193847656,57.422481536865234,4741008,OKE_2,2010-03-15 to None
2017-03-20 00:00:00+00:00,40.41347122192383,57.61627960205078,58.19767379760742,57.58720779418945,57.99418640136719,1158626,OKE_2,2010-03-15 to None
2017-03-21 00:00:00+00:00,40.80768966674805,58.17829513549805,58.488372802734375,57.6550407409668,57.877906799316406,1974422,OKE_2,2010-03-15 to None
2017-03-22 00:00:00+00:00,40.73970413208008,58.08139419555664,58.55620193481445,57.47092819213867,58.50775146484375,1553057,OKE_2,2010-03-15 to None
2017-03-23 00:00:00+00:00,40.56299591064453,57.8294563293457,58.53682327270508,57.68410873413086,57.761627197265625,1916218,OKE_2,2010-03-15 to None
2017-03-24 00:00:00+00:00,40.41347122192383,57.61627960205078,58.2170524597168,57.364341735839844,57.8294563293457,1957498,OKE_2,2010-03-15 to None
2017-03-27 00:00:00+00:00,40.148380279541016,57.238372802734375,58.527130126953125,57.02519226074219,57.58720779418945,2060904,OKE_2,2010-03-15 to None
2017-03-28 00:00:00+00:00,40.02605056762695,57.0639533996582,57.335269927978516,56.327518463134766,57.19961166381836,2351825,OKE_2,2010-03-15 to None
2017-03-29 00:00:00+00:00,40.148380279541016,57.238372802734375,57.393409729003906,56.77325439453125,57.07364273071289,1591138,OKE_2,2010-03-15 to None
2017-03-30 00:00:00+00:00,40.19681930541992,57.10271453857422,57.19961166381836,56.36627960205078,56.98643493652344,1325604,OKE_2,2010-03-15 to None
2017-03-31 00:00:00+00:00,40.606075286865234,57.68410873413086,57.781009674072266,57.03488540649414,57.03488540649414,2141090,OKE_2,2010-03-15 to None
2017-04-03 00:00:00+00:00,40.7288818359375,57.85852813720703,57.92635726928711,57.122093200683594,57.461238861083984,1605586,OKE_2,2010-03-15 to None
2017-04-04 00:00:00+00:00,40.73569869995117,57.86821746826172,58.304264068603516,57.61627960205078,57.848838806152344,1390310,OKE_2,2010-03-15 to None
2017-04-05 00:00:00+00:00,40.75615692138672,57.89728546142578,58.11046600341797,57.61627960205078,57.945735931396484,1019822,OKE_2,2010-03-15 to None
2017-04-06 00:00:00+00:00,41.042633056640625,58.304264068603516,58.53682327270508,57.5484504699707,57.819766998291016,1390104,OKE_2,2010-03-15 to None
2017-04-07 00:00:00+00:00,41.10403060913086,58.39147186279297,58.856590270996094,58.343021392822266,58.343021392822266,1325191,OKE_2,2010-03-15 to None
2017-04-10 00:00:00+00:00,41.43826675415039,58.86627960205078,58.94379806518555,58.129844665527344,58.372093200683594,913733,OKE_2,2010-03-15 to None
2017-04-11 00:00:00+00:00,41.888465881347656,59.50581359863281,59.738372802734375,58.77907180786133,58.953487396240234,1845938,OKE_2,2010-03-15 to None
2017-04-12 00:00:00+00:00,41.867984771728516,59.47674560546875,59.680233001708984,59.10852813720703,59.127906799316406,1111567,OKE_2,2010-03-15 to None
2017-04-13 00:00:00+00:00,41.91575241088867,59.54457473754883,59.796512603759766,59.312015533447266,59.35077667236328,1152950,OKE_2,2010-03-15 to None
2017-04-17 00:00:00+00:00,42.16129684448242,59.893409729003906,59.99031066894531,59.57364273071289,59.81589126586914,1393200,OKE_2,2010-03-15 to None
2017-04-18 00:00:00+00:00,42.331851959228516,60.135658264160156,60.21317672729492,59.72868347167969,59.777130126953125,1483087,OKE_2,2010-03-15 to None
2017-04-19 00:00:00+00:00,42.27724838256836,60.05813980102539,60.377906799316406,59.893409729003906,60.106590270996094,1239638,OKE_2,2010-03-15 to None
2017-04-20 00:00:00+00:00,42.338645935058594,60.145347595214844,60.17441940307617,59.63178253173828,59.94186019897461,1371012,OKE_2,2010-03-15 to None
2017-04-21 00:00:00+00:00,42.12039566040039,59.835269927978516,60.17441940307617,59.796512603759766,60.019378662109375,1221475,OKE_2,2010-03-15 to None
2017-04-24 00:00:00+00:00,40.98126220703125,58.2170524597168,60.077518463134766,57.906978607177734,59.922481536865234,2946050,OKE_2,2010-03-15 to None
2017-04-25 00:00:00+00:00,40.81072235107422,57.97480773925781,58.33333206176758,57.75193786621094,58.33333206176758,1922513,OKE_2,2010-03-15 to None
2017-04-26 00:00:00+00:00,40.387821197509766,57.37403106689453,58.08139419555664,57.0155029296875,58.01356506347656,1882574,OKE_2,2010-03-15 to None
2017-04-27 00:00:00+00:00,40.69655227661133,57.606590270996094,57.877906799316406,57.122093200683594,57.1705436706543,1481642,OKE_2,2010-03-15 to None
2017-04-28 00:00:00+00:00,39.94354248046875,56.54069900512695,57.519378662109375,56.48255920410156,57.519378662109375,1536958,OKE_2,2010-03-15 to None
2017-05-01 00:00:00+00:00,40.265289306640625,56.996124267578125,57.31589126586914,56.269378662109375,56.6860466003418,1547484,OKE_2,2010-03-15 to None
2017-05-02 00:00:00+00:00,40.41587448120117,57.20930099487305,57.5484504699707,57.02519226074219,57.112403869628906,1612603,OKE_2,2010-03-15 to None
2017-05-03 00:00:00+00:00,39.58755111694336,56.03682327270508,57.38372039794922,55.8139533996582,57.32558059692383,1871119,OKE_2,2010-03-15 to None
2017-05-04 00:00:00+00:00,38.18425369262695,54.05038833618164,55.75581359863281,53.2170524597168,55.75581359863281,5226461,OKE_2,2010-03-15 to None
2017-05-05 00:00:00+00:00,38.75926971435547,54.864341735839844,54.961238861083984,54.069766998291016,54.27325439453125,2122102,OKE_2,2010-03-15 to None
2017-05-08 00:00:00+00:00,38.115814208984375,53.953487396240234,55.30038833618164,53.80813980102539,55.077518463134766,2486707,OKE_2,2010-03-15 to None
2017-05-09 00:00:00+00:00,37.62290954589844,53.25581359863281,54.17635726928711,52.819766998291016,54.02131652832031,2512094,OKE_2,2010-03-15 to None
2017-05-10 00:00:00+00:00,38.047340393066406,53.856590270996094,54.39922332763672,53.2655029296875,53.39147186279297,2872366,OKE_2,2010-03-15 to None
2017-05-11 00:00:00+00:00,37.26696014404297,52.75193786621094,53.604652404785156,52.41279220581055,53.56589126586914,2639546,OKE_2,2010-03-15 to None
2017-05-12 00:00:00+00:00,37.46547317504883,53.0329475402832,53.25581359863281,52.781009674072266,52.83914566040039,1759250,OKE_2,2010-03-15 to None
2017-05-15 00:00:00+00:00,37.171119689941406,52.61627960205078,53.72092819213867,52.58720779418945,53.05232620239258,2163278,OKE_2,2010-03-15 to None
2017-05-16 00:00:00+00:00,36.42496109008789,51.56007766723633,52.92635726928711,51.211238861083984,52.645347595214844,3099509,OKE_2,2010-03-15 to None
2017-05-17 00:00:00+00:00,36.801456451416016,52.093021392822266,52.3449592590332,51.356590270996094,51.67635726928711,2471537,OKE_2,2010-03-15 to None
2017-05-18 00:00:00+00:00,36.84253692626953,52.151161193847656,52.38372039794922,51.64728546142578,52.04457473754883,2211782,OKE_2,2010-03-15 to None
2017-05-19 00:00:00+00:00,37.10264205932617,52.519378662109375,52.722869873046875,51.67635726928711,52.19961166381836,1931904,OKE_2,2010-03-15 to None
2017-05-22 00:00:00+00:00,37.05472946166992,52.4515495300293,53.2170524597168,52.393409729003906,52.58720779418945,1708992,OKE_2,2010-03-15 to None
2017-05-23 00:00:00+00:00,37.06159210205078,52.461238861083984,52.85852813720703,52.277130126953125,52.461238861083984,1550064,OKE_2,2010-03-15 to None
2017-05-24 00:00:00+00:00,37.41756057739258,52.96511459350586,53.14922332763672,52.49031066894531,52.5484504699707,1435512,OKE_2,2010-03-15 to None
2017-05-25 00:00:00+00:00,37.75300216674805,53.43992233276367,53.711238861083984,52.99418640136719,53.05232620239258,1630354,OKE_2,2010-03-15 to None
2017-05-26 00:00:00+00:00,37.77354431152344,53.468990325927734,53.972869873046875,53.28488540649414,53.44961166381836,2114774,OKE_2,2010-03-15 to None
2017-05-30 00:00:00+00:00,37.7948112487793,53.29457473754883,53.7984504699707,53.246124267578125,53.38178253173828,1496606,OKE_2,2010-03-15 to None
2017-05-31 00:00:00+00:00,37.74671936035156,53.22674560546875,53.7015495300293,53.10077667236328,53.29457473754883,1699188,OKE_2,2010-03-15 to None
2017-06-01 00:00:00+00:00,38.165889739990234,53.81782913208008,53.972869873046875,52.83914566040039,53.20736312866211,1753058,OKE_2,2010-03-15 to None
2017-06-02 00:00:00+00:00,38.880558013916016,54.82558059692383,54.99031066894531,54.21511459350586,54.21511459350586,2426851,OKE_2,2010-03-15 to None
2017-06-05 00:00:00+00:00,38.049068450927734,53.65310287475586,54.68992233276367,53.488372802734375,54.622093200683594,1682573,OKE_2,2010-03-15 to None
2017-06-06 00:00:00+00:00,38.083431243896484,53.7015495300293,53.98255920410156,53.20736312866211,53.65310287475586,1619002,OKE_2,2010-03-15 to None
2017-06-07 00:00:00+00:00,38.220882415771484,53.895347595214844,54.20542526245117,53.585269927978516,53.7015495300293,1667093,OKE_2,2010-03-15 to None
2017-06-08 00:00:00+00:00,37.71922302246094,53.187984466552734,54.137596130371094,53.10077667236328,53.895347595214844,2072772,OKE_2,2010-03-15 to None
2017-06-09 00:00:00+00:00,38.00784683227539,53.5949592590332,53.74031066894531,52.577518463134766,53.15891647338867,1781954,OKE_2,2010-03-15 to None
2017-06-12 00:00:00+00:00,38.57819366455078,54.39922332763672,54.4670524597168,53.62403106689453,53.74031066894531,1423128,OKE_2,2010-03-15 to None
2017-06-13 00:00:00+00:00,38.67441177368164,54.53488540649414,54.680233001708984,54.069766998291016,54.2829475402832,1059761,OKE_2,2010-03-15 to None
2017-06-14 00:00:00+00:00,39.13482666015625,55.18410873413086,55.3294563293457,54.738372802734375,55.05813980102539,1512086,OKE_2,2010-03-15 to None
2017-06-15 00:00:00+00:00,39.107330322265625,55.145347595214844,55.46511459350586,54.718990325927734,54.864341735839844,1266883,OKE_2,2010-03-15 to None
2017-06-16 00:00:00+00:00,38.94240188598633,54.91279220581055,55.348838806152344,54.496124267578125,55.31007766723633,2922418,OKE_2,2010-03-15 to None
2017-06-19 00:00:00+00:00,38.6331787109375,54.47674560546875,54.980621337890625,54.21511459350586,54.91279220581055,1860696,OKE_2,2010-03-15 to None
2017-06-20 00:00:00+00:00,38.59880828857422,54.42829513549805,54.622093200683594,54.16666793823242,54.437984466552734,2534076,OKE_2,2010-03-15 to None
2017-06-21 00:00:00+00:00,38.083431243896484,53.7015495300293,54.57364273071289,53.38178253173828,54.4670524597168,2283300,OKE_2,2010-03-15 to None
2017-06-22 00:00:00+00:00,37.67111587524414,53.120155334472656,53.69186019897461,52.96511459350586,53.585269927978516,2073185,OKE_2,2010-03-15 to None
2017-06-23 00:00:00+00:00,37.98722839355469,53.56589126586914,53.63372039794922,53.05232620239258,53.129844665527344,2505799,OKE_2,2010-03-15 to None
2017-06-26 00:00:00+00:00,38.811851501464844,54.72868347167969,55.51356506347656,53.885658264160156,53.885658264160156,2477110,OKE_2,2010-03-15 to None
2017-06-27 00:00:00+00:00,38.47512435913086,54.253875732421875,54.70930099487305,54.02131652832031,54.63178253173828,1983917,OKE_2,2010-03-15 to None
2017-06-28 00:00:00+00:00,39.03861618041992,55.0484504699707,55.203487396240234,54.16666793823242,54.38953399658203,1575038,OKE_2,2010-03-15 to None
2017-06-29 00:00:00+00:00,38.467472076416016,54.04069900512695,54.69961166381836,53.72092819213867,54.64147186279297,1679890,OKE_2,2010-03-15 to None
2017-06-30 00:00:00+00:00,38.060543060302734,53.468990325927734,54.42829513549805,53.246124267578125,54.195735931396484,1496194,OKE_2,2010-03-15 to None
2017-07-03 00:00:00+00:00,38.66062927246094,54.312015533447266,54.53488540649414,53.66279220581055,53.66279220581055,1063166,OKE_2,2010-03-15 to None
2017-07-05 00:00:00+00:00,38.08124542236328,53.49806213378906,54.45736312866211,53.25581359863281,54.27325439453125,1636958,OKE_2,2010-03-15 to None
2017-07-06 00:00:00+00:00,37.3363037109375,52.4515495300293,53.488372802734375,52.4515495300293,53.304264068603516,1647485,OKE_2,2010-03-15 to None
2017-07-07 00:00:00+00:00,37.722557067871094,52.99418640136719,53.01356506347656,52.26744079589844,52.59689712524414,1081639,OKE_2,2010-03-15 to None
2017-07-10 00:00:00+00:00,36.97072219848633,51.937984466552734,53.05232620239258,51.92829513549805,53.02325439453125,1755845,OKE_2,2010-03-15 to None
2017-07-11 00:00:00+00:00,37.17075729370117,52.218990325927734,52.422481536865234,51.6860466003418,52.16085433959961,1219411,OKE_2,2010-03-15 to None
2017-07-12 00:00:00+00:00,37.70877456665039,52.97480773925781,53.39147186279297,52.58720779418945,52.61627960205078,1416523,OKE_2,2010-03-15 to None
2017-07-13 00:00:00+00:00,38.02605056762695,53.4205436706543,53.49806213378906,52.86821746826172,53.05232620239258,978852,OKE_2,2010-03-15 to None
2017-07-14 00:00:00+00:00,38.79856491088867,54.50581359863281,54.622093200683594,53.672481536865234,53.672481536865234,1645008,OKE_2,2010-03-15 to None
2017-07-17 00:00:00+00:00,38.95723342895508,54.72868347167969,54.93217086791992,54.36046600341797,54.45736312866211,1433242,OKE_2,2010-03-15 to None
2017-07-18 00:00:00+00:00,39.02620315551758,54.82558059692383,55.17441940307617,54.70930099487305,54.91279220581055,1197533,OKE_2,2010-03-15 to None
2017-07-19 00:00:00+00:00,39.42625427246094,55.387596130371094,55.52325439453125,54.72868347167969,54.8449592590332,1011566,OKE_2,2010-03-15 to None
2017-07-20 00:00:00+00:00,39.536617279052734,55.54263687133789,56.03682327270508,55.27131652832031,55.46511459350586,1045829,OKE_2,2010-03-15 to None
2017-07-21 00:00:00+00:00,39.52970504760742,55.5329475402832,55.79457473754883,55.05813980102539,55.620155334472656,886798,OKE_2,2010-03-15 to None
2017-07-24 00:00:00+00:00,39.43314743041992,55.39728546142578,55.620155334472656,54.922481536865234,55.52325439453125,1423747,OKE_2,2010-03-15 to None
2017-07-25 00:00:00+00:00,39.612491607666016,55.64922332763672,55.70736312866211,54.893409729003906,55.261627197265625,1684843,OKE_2,2010-03-15 to None
2017-07-26 00:00:00+00:00,39.95046615600586,56.12403106689453,56.172481536865234,55.4844970703125,55.629844665527344,1595162,OKE_2,2010-03-15 to None
2017-07-27 00:00:00+00:00,39.971168518066406,56.15310287475586,56.656978607177734,55.42635726928711,56.03682327270508,2091761,OKE_2,2010-03-15 to None
2017-07-28 00:00:00+00:00,39.59870910644531,55.42635726928711,56.385658264160156,55.33914566040039,56.0949592590332,1464098,OKE_2,2010-03-15 to None
2017-07-31 00:00:00+00:00,39.50178527832031,55.29069900512695,55.54263687133789,54.980621337890625,55.4360466003418,3504672,OKE_2,2010-03-15 to None
2017-08-01 00:00:00+00:00,39.9725456237793,55.94961166381836,56.114341735839844,55.203487396240234,55.406978607177734,1937477,OKE_2,2010-03-15 to None
2017-08-02 00:00:00+00:00,39.529476165771484,55.3294563293457,55.79457473754883,54.97092819213867,55.79457473754883,1224571,OKE_2,2010-03-15 to None
2017-08-03 00:00:00+00:00,39.4879264831543,55.27131652832031,55.42635726928711,54.9515495300293,55.145347595214844,989998,OKE_2,2010-03-15 to None
2017-08-04 00:00:00+00:00,39.771785736083984,55.66860580444336,55.7170524597168,55.0,55.06782913208008,1748724,OKE_2,2010-03-15 to None
2017-08-07 00:00:00+00:00,39.771785736083984,55.66860580444336,55.872093200683594,55.222869873046875,55.66860580444336,1030142,OKE_2,2010-03-15 to None
2017-08-08 00:00:00+00:00,39.66794204711914,55.52325439453125,55.83333206176758,55.164730072021484,55.49418640136719,1240567,OKE_2,2010-03-15 to None
2017-08-09 00:00:00+00:00,39.79255676269531,55.69767379760742,56.03682327270508,55.135658264160156,55.51356506347656,1693099,OKE_2,2010-03-15 to None
2017-08-10 00:00:00+00:00,39.47410202026367,55.25193786621094,55.78488540649414,55.25193786621094,55.69767379760742,995880,OKE_2,2010-03-15 to None
2017-08-11 00:00:00+00:00,39.10026931762695,54.72868347167969,55.25193786621094,54.496124267578125,55.06782913208008,1315387,OKE_2,2010-03-15 to None
2017-08-14 00:00:00+00:00,39.68178176879883,55.54263687133789,55.8139533996582,54.680233001708984,54.980621337890625,1583398,OKE_2,2010-03-15 to None
2017-08-15 00:00:00+00:00,39.439491271972656,55.203487396240234,55.387596130371094,54.612403869628906,55.281009674072266,2221690,OKE_2,2010-03-15 to None
2017-08-16 00:00:00+00:00,39.88252639770508,55.82364273071289,56.18217086791992,55.25193786621094,55.30038833618164,2200946,OKE_2,2010-03-15 to None
2017-08-17 00:00:00+00:00,39.59178924560547,55.41666793823242,55.97868347167969,55.39728546142578,55.83333206176758,1614667,OKE_2,2010-03-15 to None
2017-08-18 00:00:00+00:00,39.35641098022461,55.08720779418945,55.39728546142578,54.80620193481445,55.348838806152344,1490827,OKE_2,2010-03-15 to None
2017-08-21 00:00:00+00:00,40.06946563720703,56.085269927978516,56.24031066894531,55.038761138916016,55.17441940307617,1621685,OKE_2,2010-03-15 to None
2017-08-22 00:00:00+00:00,39.723331451416016,55.60077667236328,56.16279220581055,55.406978607177734,56.00775146484375,1086696,OKE_2,2010-03-15 to None
2017-08-23 00:00:00+00:00,40.22174072265625,56.2984504699707,56.327518463134766,55.445735931396484,55.629844665527344,985663,OKE_2,2010-03-15 to None
2017-08-24 00:00:00+00:00,39.806392669677734,55.7170524597168,56.637596130371094,55.687984466552734,56.385658264160156,1047480,OKE_2,2010-03-15 to None
2017-08-25 00:00:00+00:00,40.18022918701172,56.24031066894531,56.56007766723633,55.79457473754883,56.00775146484375,942629,OKE_2,2010-03-15 to None
2017-08-28 00:00:00+00:00,39.60563659667969,55.4360466003418,56.269378662109375,55.319766998291016,56.22092819213867,1064818,OKE_2,2010-03-15 to None
2017-08-29 00:00:00+00:00,39.55718994140625,55.36821746826172,55.89147186279297,55.23255920410156,55.69767379760742,1123332,OKE_2,2010-03-15 to None
2017-08-30 00:00:00+00:00,39.55160903930664,55.1550407409668,55.25193786621094,54.81589126586914,55.12596893310547,1260898,OKE_2,2010-03-15 to None
2017-08-31 00:00:00+00:00,39.99633026123047,55.77519226074219,56.027130126953125,55.24224853515625,55.3294563293457,2860394,OKE_2,2010-03-15 to None
2017-09-01 00:00:00+00:00,40.204795837402344,56.06589126586914,56.48255920410156,55.63953399658203,55.73643493652344,1128389,OKE_2,2010-03-15 to None
2017-09-05 00:00:00+00:00,40.5244140625,56.511627197265625,56.569766998291016,56.027130126953125,56.4050407409668,1914979,OKE_2,2010-03-15 to None
2017-09-06 00:00:00+00:00,40.42713165283203,56.37596893310547,57.47092819213867,56.33720779418945,56.55038833618164,2528400,OKE_2,2010-03-15 to None
2017-09-07 00:00:00+00:00,40.795406341552734,56.88953399658203,57.18992233276367,56.37596893310547,56.64728546142578,1183188,OKE_2,2010-03-15 to None
2017-09-08 00:00:00+00:00,41.22623062133789,57.49031066894531,57.887596130371094,56.79263687133789,56.98643493652344,1305996,OKE_2,2010-03-15 to None
2017-09-11 00:00:00+00:00,41.309608459472656,57.606590270996094,58.187984466552734,57.40310287475586,57.74224853515625,1231382,OKE_2,2010-03-15 to None
2017-09-12 00:00:00+00:00,40.941322326660156,57.093021392822266,58.062015533447266,56.95736312866211,57.49031066894531,1310743,OKE_2,2010-03-15 to None
2017-09-13 00:00:00+00:00,40.85100173950195,56.9670524597168,57.354652404785156,56.637596130371094,57.218990325927734,1374934,OKE_2,2010-03-15 to None
2017-09-14 00:00:00+00:00,41.27487564086914,57.55813980102539,57.55813980102539,56.753875732421875,56.98643493652344,2509824,OKE_2,2010-03-15 to None
2017-09-15 00:00:00+00:00,41.6223030090332,58.04263687133789,58.062015533447266,57.093021392822266,57.73255920410156,2265962,OKE_2,2010-03-15 to None
2017-09-18 00:00:00+00:00,41.386051177978516,57.71317672729492,58.129844665527344,57.44186019897461,57.96511459350586,1325914,OKE_2,2010-03-15 to None
2017-09-19 00:00:00+00:00,40.85795593261719,56.97674560546875,57.80038833618164,56.85077667236328,57.73255920410156,1702903,OKE_2,2010-03-15 to None
2017-09-20 00:00:00+00:00,40.53831481933594,56.531009674072266,57.31589126586914,56.00775146484375,57.112403869628906,2201875,OKE_2,2010-03-15 to None
2017-09-21 00:00:00+00:00,40.23953628540039,56.114341735839844,56.84108352661133,56.114341735839844,56.58914566040039,1316935,OKE_2,2010-03-15 to None
2017-09-22 00:00:00+00:00,40.003273010253906,55.78488540649414,56.6860466003418,55.620155334472656,56.25,1139328,OKE_2,2010-03-15 to None
2017-09-25 00:00:00+00:00,40.25341796875,56.13372039794922,56.327518463134766,55.47480773925781,55.901161193847656,4604474,OKE_2,2010-03-15 to None
2017-09-26 00:00:00+00:00,40.53831481933594,56.531009674072266,56.79263687133789,55.930233001708984,56.13372039794922,1348411,OKE_2,2010-03-15 to None
2017-09-27 00:00:00+00:00,39.82260513305664,55.5329475402832,56.25968933105469,54.99031066894531,56.25,1619518,OKE_2,2010-03-15 to None
2017-09-28 00:00:00+00:00,40.1769905090332,56.027130126953125,56.06589126586914,55.33914566040039,55.49418640136719,1120752,OKE_2,2010-03-15 to None
2017-09-29 00:00:00+00:00,39.885459899902344,55.41666793823242,55.8139533996582,55.08720779418945,55.7170524597168,2842541,OKE_2,2010-03-15 to None
2017-10-02 00:00:00+00:00,39.80177688598633,55.30038833618164,55.64922332763672,55.12596893310547,55.41666793823242,2239130,OKE_2,2010-03-15 to None
2017-10-03 00:00:00+00:00,39.78781509399414,55.281009674072266,55.57170486450195,55.06782913208008,55.3294563293457,1495058,OKE_2,2010-03-15 to None
2017-10-04 00:00:00+00:00,39.85755920410156,55.377906799316406,55.4360466003418,55.019378662109375,55.348838806152344,1344490,OKE_2,2010-03-15 to None
2017-10-05 00:00:00+00:00,39.77387619018555,55.261627197265625,55.63953399658203,55.17441940307617,55.5329475402832,1878756,OKE_2,2010-03-15 to None
2017-10-06 00:00:00+00:00,39.390296936035156,54.72868347167969,55.05813980102539,54.17635726928711,55.05813980102539,2110646,OKE_2,2010-03-15 to None
2017-10-09 00:00:00+00:00,39.425167083740234,54.777130126953125,54.961238861083984,54.622093200683594,54.78682327270508,1015901,OKE_2,2010-03-15 to None
2017-10-10 00:00:00+00:00,39.48095703125,54.854652404785156,55.29069900512695,54.496124267578125,54.9515495300293,1580611,OKE_2,2010-03-15 to None
2017-10-11 00:00:00+00:00,39.522804260253906,54.91279220581055,55.222869873046875,54.796512603759766,54.8449592590332,1675968,OKE_2,2010-03-15 to None
2017-10-12 00:00:00+00:00,39.57859420776367,54.99031066894531,55.164730072021484,54.69961166381836,54.893409729003906,1417968,OKE_2,2010-03-15 to None
2017-10-13 00:00:00+00:00,39.66230010986328,55.106590270996094,55.4360466003418,54.961238861083984,55.164730072021484,1455120,OKE_2,2010-03-15 to None
2017-10-16 00:00:00+00:00,39.6832160949707,55.135658264160156,55.25193786621094,54.80620193481445,55.09689712524414,1287833,OKE_2,2010-03-15 to None
2017-10-17 00:00:00+00:00,39.81572723388672,55.319766998291016,55.39728546142578,54.9515495300293,55.0484504699707,1298256,OKE_2,2010-03-15 to None
2017-10-18 00:00:00+00:00,39.257774353027344,54.54457473754883,55.36821746826172,54.33139419555664,55.23255920410156,1747279,OKE_2,2010-03-15 to None
2017-10-19 00:00:00+00:00,39.20197296142578,54.4670524597168,54.854652404785156,54.29263687133789,54.72868347167969,1506410,OKE_2,2010-03-15 to None
2017-10-20 00:00:00+00:00,38.73469924926758,53.81782913208008,54.554264068603516,53.72092819213867,54.554264068603516,1744286,OKE_2,2010-03-15 to None
2017-10-23 00:00:00+00:00,38.685890197753906,53.75,54.031009674072266,53.56589126586914,54.031009674072266,1199906,OKE_2,2010-03-15 to None
2017-10-24 00:00:00+00:00,38.33021926879883,53.25581359863281,53.84689712524414,53.08139419555664,53.72092819213867,2010439,OKE_2,2010-03-15 to None
2017-10-25 00:00:00+00:00,37.98847198486328,52.781009674072266,53.23643493652344,52.393409729003906,53.120155334472656,2571022,OKE_2,2010-03-15 to None
2017-10-26 00:00:00+00:00,37.27014923095703,51.7829475402832,53.27519226074219,51.695735931396484,53.0329475402832,3096413,OKE_2,2010-03-15 to None
2017-10-27 00:00:00+00:00,37.611873626708984,52.25775146484375,52.41279220581055,51.36627960205078,51.72480773925781,1870190,OKE_2,2010-03-15 to None
2017-10-30 00:00:00+00:00,37.77925491333008,52.49031066894531,52.96511459350586,52.277130126953125,52.3449592590332,1762243,OKE_2,2010-03-15 to None
2017-10-31 00:00:00+00:00,37.57760238647461,52.00581359863281,52.422481536865234,51.55038833618164,52.32558059692383,2245735,OKE_2,2010-03-15 to None
2017-11-01 00:00:00+00:00,37.7596549987793,52.25775146484375,52.5484504699707,51.7344970703125,52.093021392822266,1292580,OKE_2,2010-03-15 to None
2017-11-02 00:00:00+00:00,38.45280456542969,53.2170524597168,53.7984504699707,52.364341735839844,52.38372039794922,2027158,OKE_2,2010-03-15 to None
2017-11-03 00:00:00+00:00,38.634857177734375,53.468990325927734,53.77907180786133,52.86821746826172,53.10077667236328,1603625,OKE_2,2010-03-15 to None
2017-11-06 00:00:00+00:00,38.690853118896484,53.546512603759766,54.2344970703125,53.45930099487305,53.51744079589844,1610539,OKE_2,2010-03-15 to None
2017-11-07 00:00:00+00:00,39.36300277709961,54.47674560546875,54.718990325927734,53.53682327270508,53.53682327270508,1746866,OKE_2,2010-03-15 to None
2017-11-08 00:00:00+00:00,39.32801818847656,54.42829513549805,55.077518463134766,54.2829475402832,54.554264068603516,1209710,OKE_2,2010-03-15 to None
2017-11-09 00:00:00+00:00,39.391021728515625,54.5155029296875,55.106590270996094,54.127906799316406,54.26356506347656,1019410,OKE_2,2010-03-15 to None
2017-11-10 00:00:00+00:00,39.39802551269531,54.52519226074219,54.94186019897461,54.11821746826172,54.29263687133789,1341600,OKE_2,2010-03-15 to None
2017-11-13 00:00:00+00:00,39.67808532714844,54.91279220581055,55.02907180786133,54.60271453857422,54.74806213378906,1605689,OKE_2,2010-03-15 to None
2017-11-14 00:00:00+00:00,39.83911895751953,55.135658264160156,55.203487396240234,54.5639533996582,54.922481536865234,1543975,OKE_2,2010-03-15 to None
2017-11-15 00:00:00+00:00,39.53805160522461,54.718990325927734,55.45542526245117,54.718990325927734,55.00968933105469,1645730,OKE_2,2010-03-15 to None
2017-11-16 00:00:00+00:00,39.55205154418945,54.738372802734375,55.08720779418945,54.370155334472656,54.70930099487305,1243870,OKE_2,2010-03-15 to None
2017-11-17 00:00:00+00:00,39.54505157470703,54.72868347167969,54.97092819213867,54.57364273071289,54.63178253173828,1111877,OKE_2,2010-03-15 to None
2017-11-20 00:00:00+00:00,39.292999267578125,54.379844665527344,54.87403106689453,54.2829475402832,54.738372802734375,1068223,OKE_2,2010-03-15 to None
2017-11-21 00:00:00+00:00,39.587066650390625,54.78682327270508,54.8449592590332,54.26356506347656,54.50581359863281,1344799,OKE_2,2010-03-15 to None
2017-11-22 00:00:00+00:00,39.41203689575195,54.54457473754883,54.88372039794922,54.50581359863281,54.622093200683594,1257079,OKE_2,2010-03-15 to None
2017-11-24 00:00:00+00:00,39.48204803466797,54.64147186279297,54.76744079589844,54.41860580444336,54.63178253173828,429828,OKE_2,2010-03-15 to None
2017-11-27 00:00:00+00:00,39.36300277709961,54.47674560546875,54.78682327270508,54.370155334472656,54.651161193847656,1494439,OKE_2,2010-03-15 to None
2017-11-28 00:00:00+00:00,39.12493896484375,54.14728546142578,54.47674560546875,54.05038833618164,54.44767379760742,1428701,OKE_2,2010-03-15 to None
2017-11-29 00:00:00+00:00,38.837890625,53.75,54.16666793823242,53.47868347167969,54.011627197265625,2142742,OKE_2,2010-03-15 to None
2017-11-30 00:00:00+00:00,38.867408752441406,53.585269927978516,53.9050407409668,53.38178253173828,53.68217086791992,2067406,OKE_2,2010-03-15 to None
2017-12-01 00:00:00+00:00,39.04313659667969,53.827518463134766,54.10852813720703,53.372093200683594,53.75,3032429,OKE_2,2010-03-15 to None
2017-12-04 00:00:00+00:00,38.895530700683594,53.62403106689453,54.156978607177734,53.56589126586914,53.83720779418945,2586914,OKE_2,2010-03-15 to None
2017-12-05 00:00:00+00:00,38.81119155883789,53.50775146484375,53.94379806518555,53.43992233276367,53.672481536865234,1791655,OKE_2,2010-03-15 to None
2017-12-06 00:00:00+00:00,38.445709228515625,53.003875732421875,53.75968933105469,52.71317672729492,53.585269927978516,2369782,OKE_2,2010-03-15 to None
2017-12-07 00:00:00+00:00,38.537086486816406,53.129844665527344,53.43992233276367,52.91666793823242,52.95542526245117,1683708,OKE_2,2010-03-15 to None
2017-12-08 00:00:00+00:00,39.064186096191406,53.856590270996094,53.856590270996094,53.22674560546875,53.22674560546875,1400527,OKE_2,2010-03-15 to None
2017-12-11 00:00:00+00:00,38.951751708984375,53.7015495300293,54.0794563293457,53.614341735839844,53.885658264160156,2193310,OKE_2,2010-03-15 to None
2017-12-12 00:00:00+00:00,39.17665481567383,54.011627197265625,54.10852813720703,53.55620193481445,53.94379806518555,1548206,OKE_2,2010-03-15 to None
2017-12-13 00:00:00+00:00,39.970890045166016,55.106590270996094,55.387596130371094,54.156978607177734,54.156978607177734,2499194,OKE_2,2010-03-15 to None
2017-12-14 00:00:00+00:00,40.04117202758789,55.203487396240234,55.406978607177734,54.8449592590332,55.09689712524414,2110750,OKE_2,2010-03-15 to None
2017-12-15 00:00:00+00:00,40.34339904785156,55.620155334472656,55.78488540649414,55.30038833618164,55.445735931396484,5423573,OKE_2,2010-03-15 to None
2017-12-18 00:00:00+00:00,40.62452697753906,56.00775146484375,56.42441940307617,55.7170524597168,55.7170524597168,1871945,OKE_2,2010-03-15 to None
2017-12-19 00:00:00+00:00,39.60539627075195,54.60271453857422,55.968990325927734,54.52519226074219,55.83333206176758,1588042,OKE_2,2010-03-15 to None
2017-12-20 00:00:00+00:00,39.085296630859375,53.885658264160156,54.8449592590332,53.885658264160156,54.6705436706543,1601767,OKE_2,2010-03-15 to None
2017-12-21 00:00:00+00:00,38.832275390625,53.53682327270508,54.17635726928711,53.45930099487305,54.156978607177734,1258524,OKE_2,2010-03-15 to None
2017-12-22 00:00:00+00:00,39.25396728515625,54.11821746826172,54.16666793823242,53.585269927978516,53.69186019897461,1016933,OKE_2,2010-03-15 to None
2017-12-26 00:00:00+00:00,39.52106857299805,54.48643493652344,54.738372802734375,54.011627197265625,54.195735931396484,977923,OKE_2,2010-03-15 to None
2017-12-27 00:00:00+00:00,39.865447998046875,54.961238861083984,55.21317672729492,54.379844665527344,54.63178253173828,1302281,OKE_2,2010-03-15 to None
2017-12-28 00:00:00+00:00,40.14658737182617,55.348838806152344,55.377906799316406,54.75775146484375,54.980621337890625,1350888,OKE_2,2010-03-15 to None
2017-12-29 00:00:00+00:00,40.2263069152832,55.25193786621094,55.39728546142578,54.93217086791992,55.164730072021484,1499702,OKE_2,2010-03-15 to None
2018-01-02 00:00:00+00:00,39.94411849975586,54.864341735839844,55.29069900512695,54.6705436706543,55.25193786621094,1672872,OKE_2,2010-03-15 to None
2018-01-03 00:00:00+00:00,39.83829879760742,54.718990325927734,55.06782913208008,54.57364273071289,54.94186019897461,1593408,OKE_2,2010-03-15 to None
2018-01-04 00:00:00+00:00,38.977622985839844,53.53682327270508,54.58333206176758,53.53682327270508,54.53488540649414,1939334,OKE_2,2010-03-15 to None
2018-01-05 00:00:00+00:00,38.94940185546875,53.49806213378906,53.65310287475586,53.20736312866211,53.585269927978516,1471219,OKE_2,2010-03-15 to None
2018-01-08 00:00:00+00:00,38.998779296875,53.56589126586914,53.672481536865234,53.3139533996582,53.53682327270508,1133342,OKE_2,2010-03-15 to None
2018-01-09 00:00:00+00:00,38.27214050292969,52.56782913208008,53.55620193481445,52.50968933105469,53.49806213378906,1985258,OKE_2,2010-03-15 to None
2018-01-10 00:00:00+00:00,37.43264389038086,51.414730072021484,52.364341735839844,51.16279220581055,52.32558059692383,3772682,OKE_2,2010-03-15 to None
2018-01-11 00:00:00+00:00,37.587833404541016,51.627906799316406,52.08333206176758,51.50193786621094,51.598838806152344,2310958,OKE_2,2010-03-15 to None
2018-01-12 00:00:00+00:00,37.192752838134766,51.085269927978516,51.569766998291016,50.99806213378906,51.55038833618164,2132525,OKE_2,2010-03-15 to None
2018-01-16 00:00:00+00:00,37.34797286987305,51.2984504699707,51.85077667236328,51.27907180786133,51.356590270996094,2066477,OKE_2,2010-03-15 to None
2018-01-17 00:00:00+00:00,37.55961608886719,51.58914566040039,51.84108352661133,51.30813980102539,51.55038833618164,1718590,OKE_2,2010-03-15 to None
2018-01-18 00:00:00+00:00,37.21391677856445,51.114341735839844,51.54069900512695,50.988372802734375,51.4050407409668,1982988,OKE_2,2010-03-15 to None
2018-01-19 00:00:00+00:00,37.48905563354492,51.49224853515625,51.50193786621094,50.968990325927734,51.24031066894531,2040780,OKE_2,2010-03-15 to None
2018-01-22 00:00:00+00:00,37.997013092041016,52.18992233276367,52.22868347167969,51.52131652832031,51.52131652832031,1760076,OKE_2,2010-03-15 to None
2018-01-23 00:00:00+00:00,38.46966552734375,52.83914566040039,52.86821746826172,52.277130126953125,52.277130126953125,1692274,OKE_2,2010-03-15 to None
2018-01-24 00:00:00+00:00,38.102821350097656,52.335269927978516,52.887596130371094,52.18992233276367,52.73255920410156,1719931,OKE_2,2010-03-15 to None
2018-01-25 00:00:00+00:00,38.406185150146484,52.75193786621094,52.77131652832031,52.25775146484375,52.335269927978516,1690829,OKE_2,2010-03-15 to None
2018-01-26 00:00:00+00:00,38.24391555786133,52.52907180786133,52.83914566040039,52.30620193481445,52.81007766723633,1726123,OKE_2,2010-03-15 to None
2018-01-29 00:00:00+00:00,37.42556381225586,51.4050407409668,52.49031066894531,51.01744079589844,52.32558059692383,2185879,OKE_2,2010-03-15 to None
2018-01-30 00:00:00+00:00,37.00933074951172,50.83333206176758,51.356590270996094,50.65891647338867,51.30813980102539,2155332,OKE_2,2010-03-15 to None
2018-01-31 00:00:00+00:00,37.681617736816406,51.54069900512695,51.79263687133789,50.59108352661133,50.70736312866211,3748534,OKE_2,2010-03-15 to None
2018-02-01 00:00:00+00:00,36.54814529418945,49.99031066894531,51.56007766723633,49.81589126586914,51.44379806518555,3291048,OKE_2,2010-03-15 to None
2018-02-02 00:00:00+00:00,36.307289123535156,49.66085433959961,49.854652404785156,48.856590270996094,49.5155029296875,2595067,OKE_2,2010-03-15 to None
2018-02-05 00:00:00+00:00,35.49256896972656,48.546512603759766,50.18410873413086,48.49806213378906,49.312015533447266,3214474,OKE_2,2010-03-15 to None
2018-02-06 00:00:00+00:00,35.4713249206543,48.51744079589844,49.08914566040039,47.49031066894531,48.2170524597168,3945542,OKE_2,2010-03-15 to None
2018-02-07 00:00:00+00:00,34.656646728515625,47.40310287475586,49.370155334472656,47.37403106689453,48.546512603759766,6054847,OKE_2,2010-03-15 to None
2018-02-08 00:00:00+00:00,33.693138122558594,46.085269927978516,47.80038833618164,46.06589126586914,47.32558059692383,4539149,OKE_2,2010-03-15 to None
2018-02-09 00:00:00+00:00,34.6424560546875,47.38372039794922,47.75193786621094,45.94961166381836,46.385658264160156,3337075,OKE_2,2010-03-15 to None
2018-02-12 00:00:00+00:00,34.48660659790039,47.1705436706543,47.703487396240234,45.78488540649414,47.538761138916016,4427899,OKE_2,2010-03-15 to None
2018-02-13 00:00:00+00:00,34.706214904785156,47.47092819213867,47.6550407409668,46.472869873046875,47.14147186279297,2945122,OKE_2,2010-03-15 to None
2018-02-14 00:00:00+00:00,34.07569885253906,46.60852813720703,47.14147186279297,46.2984504699707,47.04457473754883,2815812,OKE_2,2010-03-15 to None
2018-02-15 00:00:00+00:00,34.91165542602539,47.75193786621094,47.83914566040039,46.64728546142578,46.77325439453125,3099509,OKE_2,2010-03-15 to None
2018-02-16 00:00:00+00:00,35.39340591430664,48.41085433959961,48.47868347167969,47.781009674072266,47.80038833618164,3000437,OKE_2,2010-03-15 to None
2018-02-20 00:00:00+00:00,34.996673583984375,47.86821746826172,48.69186019897461,47.85852813720703,48.35271453857422,3075360,OKE_2,2010-03-15 to None
2018-02-21 00:00:00+00:00,34.28114318847656,46.88953399658203,48.0329475402832,46.84108352661133,47.75193786621094,3612310,OKE_2,2010-03-15 to None
2018-02-22 00:00:00+00:00,34.925838470458984,47.77131652832031,48.20736312866211,46.76356506347656,47.054264068603516,3034596,OKE_2,2010-03-15 to None
2018-02-23 00:00:00+00:00,35.56342315673828,48.643409729003906,48.68217086791992,47.81007766723633,47.92635726928711,2451619,OKE_2,2010-03-15 to None
2018-02-26 00:00:00+00:00,35.84679412841797,49.031009674072266,49.20542526245117,48.604652404785156,48.81782913208008,2905802,OKE_2,2010-03-15 to None
2018-02-27 00:00:00+00:00,34.97542190551758,47.83914566040039,49.26356506347656,47.819766998291016,49.10852813720703,3318912,OKE_2,2010-03-15 to None
2018-02-28 00:00:00+00:00,34.996070861816406,47.6550407409668,48.25581359863281,47.62596893310547,47.96511459350586,3509006,OKE_2,2010-03-15 to None
2018-03-01 00:00:00+00:00,35.30204391479492,48.07170486450195,48.304264068603516,47.32558059692383,47.645347595214844,2577833,OKE_2,2010-03-15 to None
2018-03-02 00:00:00+00:00,35.387447357177734,48.187984466552734,48.23643493652344,47.62596893310547,47.91666793823242,2082163,OKE_2,2010-03-15 to None
2018-03-05 00:00:00+00:00,35.8001594543457,48.75,49.069766998291016,48.04263687133789,48.04263687133789,1864308,OKE_2,2010-03-15 to None
2018-03-06 00:00:00+00:00,35.96381378173828,48.972869873046875,49.00193786621094,48.362403869628906,48.5949592590332,1872770,OKE_2,2010-03-15 to None
2018-03-07 00:00:00+00:00,36.184417724609375,49.27325439453125,49.32170486450195,48.57558059692383,48.83720779418945,1491343,OKE_2,2010-03-15 to None
2018-03-08 00:00:00+00:00,35.992279052734375,49.011627197265625,49.5639533996582,48.769378662109375,49.30232620239258,1643563,OKE_2,2010-03-15 to None
2018-03-09 00:00:00+00:00,36.19863510131836,49.29263687133789,49.29263687133789,48.546512603759766,49.02131652832031,1530353,OKE_2,2010-03-15 to None
2018-03-12 00:00:00+00:00,36.46907043457031,49.66085433959961,49.78682327270508,49.127906799316406,49.32170486450195,1746970,OKE_2,2010-03-15 to None
2018-03-13 00:00:00+00:00,36.611366271972656,49.854652404785156,50.39728546142578,49.738372802734375,49.854652404785156,1493407,OKE_2,2010-03-15 to None
2018-03-14 00:00:00+00:00,36.568668365478516,49.796512603759766,50.18410873413086,49.69961166381836,49.854652404785156,1762553,OKE_2,2010-03-15 to None
2018-03-15 00:00:00+00:00,36.390777587890625,49.554264068603516,50.0484504699707,49.33139419555664,49.9515495300293,1435202,OKE_2,2010-03-15 to None
2018-03-16 00:00:00+00:00,36.6256103515625,49.87403106689453,50.11627960205078,49.2829475402832,49.554264068603516,2727060,OKE_2,2010-03-15 to None
2018-03-19 00:00:00+00:00,36.21997833251953,49.32170486450195,49.99031066894531,49.011627197265625,49.854652404785156,1796299,OKE_2,2010-03-15 to None
2018-03-20 00:00:00+00:00,35.92111587524414,48.914730072021484,49.68992233276367,48.65310287475586,49.370155334472656,1784741,OKE_2,2010-03-15 to None
2018-03-21 00:00:00+00:00,35.50840759277344,48.35271453857422,49.069766998291016,48.04263687133789,48.98255920410156,2388667,OKE_2,2010-03-15 to None
2018-03-22 00:00:00+00:00,35.48705291748047,48.32364273071289,49.11821746826172,48.27519226074219,48.27519226074219,1957085,OKE_2,2010-03-15 to None
2018-03-23 00:00:00+00:00,35.10280227661133,47.80038833618164,48.53682327270508,47.59689712524414,48.38178253173828,2054196,OKE_2,2010-03-15 to None
2018-03-26 00:00:00+00:00,35.543983459472656,48.401161193847656,48.43992233276367,47.819766998291016,48.120155334472656,1675865,OKE_2,2010-03-15 to None
2018-03-27 00:00:00+00:00,35.8072624206543,48.75968933105469,49.36046600341797,47.89728546142578,48.4205436706543,1596091,OKE_2,2010-03-15 to None
2018-03-28 00:00:00+00:00,36.83195877075195,50.1550407409668,50.4844970703125,48.99224853515625,49.10852813720703,2101255,OKE_2,2010-03-15 to None
2018-03-29 00:00:00+00:00,36.967750549316406,50.12596893310547,50.52325439453125,49.854652404785156,50.377906799316406,2586811,OKE_2,2010-03-15 to None
2018-04-02 00:00:00+00:00,36.56755828857422,49.58333206176758,50.3294563293457,49.2829475402832,50.019378662109375,2245219,OKE_2,2010-03-15 to None
2018-04-03 00:00:00+00:00,36.974876403808594,50.135658264160156,50.31007766723633,49.069766998291016,49.651161193847656,1969882,OKE_2,2010-03-15 to None
2018-04-04 00:00:00+00:00,37.482269287109375,50.82364273071289,51.06589126586914,49.64147186279297,49.91279220581055,1715081,OKE_2,2010-03-15 to None
2018-04-05 00:00:00+00:00,37.42509841918945,50.746124267578125,50.8139533996582,50.261627197265625,50.72674560546875,1199287,OKE_2,2010-03-15 to None
2018-04-06 00:00:00+00:00,37.21784973144531,50.46511459350586,51.531009674072266,50.377906799316406,50.872093200683594,1624884,OKE_2,2010-03-15 to None
2018-04-09 00:00:00+00:00,37.08207321166992,50.281009674072266,50.83333206176758,50.11627960205078,50.47480773925781,1395264,OKE_2,2010-03-15 to None
2018-04-10 00:00:00+00:00,36.9605827331543,50.11627960205078,50.52325439453125,50.077518463134766,50.51356506347656,1305067,OKE_2,2010-03-15 to None
2018-04-11 00:00:00+00:00,37.03919982910156,50.222869873046875,50.69767379760742,50.0484504699707,50.11627960205078,952226,OKE_2,2010-03-15 to None
2018-04-12 00:00:00+00:00,36.23166275024414,49.127906799316406,50.31007766723633,49.00193786621094,50.23255920410156,1392271,OKE_2,2010-03-15 to None
2018-04-13 00:00:00+00:00,36.31028366088867,49.2344970703125,49.2829475402832,48.81782913208008,49.14728546142578,1336646,OKE_2,2010-03-15 to None
2018-04-16 00:00:00+00:00,36.50322341918945,49.496124267578125,49.64147186279297,48.94379806518555,49.36046600341797,1236955,OKE_2,2010-03-15 to None
2018-04-17 00:00:00+00:00,36.88198471069336,50.00968933105469,50.281009674072266,49.2829475402832,49.554264068603516,1268122,OKE_2,2010-03-15 to None
2018-04-18 00:00:00+00:00,36.753353118896484,49.835269927978516,50.31007766723633,49.80620193481445,50.0484504699707,1224158,OKE_2,2010-03-15 to None
2018-04-19 00:00:00+00:00,35.852935791015625,48.614341735839844,49.64147186279297,48.50775146484375,49.58333206176758,1738404,OKE_2,2010-03-15 to None
2018-04-20 00:00:00+00:00,35.39558029174805,47.99418640136719,48.885658264160156,47.79069900512695,48.711238861083984,2036446,OKE_2,2010-03-15 to None
2018-04-23 00:00:00+00:00,35.109710693359375,47.606590270996094,48.07170486450195,47.335269927978516,47.99418640136719,1625606,OKE_2,2010-03-15 to None
2018-04-24 00:00:00+00:00,35.35982894897461,47.945735931396484,48.120155334472656,47.28682327270508,47.79069900512695,1975145,OKE_2,2010-03-15 to None
2018-04-25 00:00:00+00:00,35.45273208618164,48.07170486450195,48.09108352661133,47.49031066894531,47.83914566040039,1528082,OKE_2,2010-03-15 to None
2018-04-26 00:00:00+00:00,36.01012420654297,48.827518463134766,49.10852813720703,48.08139419555664,48.2655029296875,1224571,OKE_2,2010-03-15 to None
2018-04-27 00:00:00+00:00,36.767642974853516,49.854652404785156,50.203487396240234,48.77907180786133,48.77907180786133,2019005,OKE_2,2010-03-15 to None
2018-04-30 00:00:00+00:00,36.25089645385742,48.94379806518555,49.835269927978516,48.94379806518555,49.75775146484375,3025102,OKE_2,2010-03-15 to None
2018-05-01 00:00:00+00:00,36.73175811767578,49.593021392822266,49.72868347167969,48.68217086791992,48.93410873413086,1988354,OKE_2,2010-03-15 to None
2018-05-02 00:00:00+00:00,36.466209411621094,49.2344970703125,49.52519226074219,48.69186019897461,49.379844665527344,1454088,OKE_2,2010-03-15 to None
2018-05-03 00:00:00+00:00,36.81070327758789,49.69961166381836,49.93217086791992,49.031009674072266,49.14728546142578,1371115,OKE_2,2010-03-15 to None
2018-05-04 00:00:00+00:00,37.51404571533203,50.64922332763672,50.804264068603516,49.64147186279297,49.66085433959961,1911883,OKE_2,2010-03-15 to None
2018-05-07 00:00:00+00:00,37.80111312866211,51.03682327270508,51.03682327270508,50.55232620239258,50.83333206176758,1783399,OKE_2,2010-03-15 to None
2018-05-08 00:00:00+00:00,37.65040969848633,50.83333206176758,51.01744079589844,50.4360466003418,50.872093200683594,1732006,OKE_2,2010-03-15 to None
2018-05-09 00:00:00+00:00,37.94466781616211,51.230621337890625,51.414730072021484,50.145347595214844,50.49418640136719,2008272,OKE_2,2010-03-15 to None
2018-05-10 00:00:00+00:00,38.411170959472656,51.86046600341797,52.03488540649414,51.356590270996094,51.472869873046875,1422199,OKE_2,2010-03-15 to None
2018-05-11 00:00:00+00:00,38.030792236328125,51.34689712524414,52.19961166381836,51.24031066894531,51.937984466552734,1290929,OKE_2,2010-03-15 to None
2018-05-14 00:00:00+00:00,37.88007736206055,51.143409729003906,51.453487396240234,50.66860580444336,51.18217086791992,1481436,OKE_2,2010-03-15 to None
2018-05-15 00:00:00+00:00,37.11930465698242,50.11627960205078,50.69767379760742,49.593021392822266,50.67829513549805,2597647,OKE_2,2010-03-15 to None
2018-05-16 00:00:00+00:00,37.248497009277344,50.29069900512695,50.629844665527344,50.145347595214844,50.30038833618164,1935206,OKE_2,2010-03-15 to None
2018-05-17 00:00:00+00:00,37.11930465698242,50.11627960205078,50.61046600341797,49.90310287475586,50.36821746826172,1244179,OKE_2,2010-03-15 to None
2018-05-18 00:00:00+00:00,37.07624816894531,50.05813980102539,50.348838806152344,49.76744079589844,50.09689712524414,4136669,OKE_2,2010-03-15 to None
2018-05-21 00:00:00+00:00,37.54275131225586,50.687984466552734,50.930233001708984,49.796512603759766,50.31007766723633,1770086,OKE_2,2010-03-15 to None
2018-05-22 00:00:00+00:00,37.5212287902832,50.65891647338867,50.804264068603516,50.49418640136719,50.562015533447266,1568227,OKE_2,2010-03-15 to None
2018-05-23 00:00:00+00:00,38.023597717285156,51.33720779418945,51.56007766723633,50.72674560546875,50.83333206176758,1695266,OKE_2,2010-03-15 to None
2018-05-24 00:00:00+00:00,37.88724136352539,51.15310287475586,51.64728546142578,50.78488540649414,51.453487396240234,1413014,OKE_2,2010-03-15 to None
2018-05-25 00:00:00+00:00,37.923126220703125,51.2015495300293,51.472869873046875,51.00775146484375,51.19186019897461,984115,OKE_2,2010-03-15 to None
2018-05-29 00:00:00+00:00,38.26762008666992,51.66666793823242,51.77325439453125,50.968990325927734,51.2015495300293,1880614,OKE_2,2010-03-15 to None
2018-05-30 00:00:00+00:00,38.56188201904297,52.0639533996582,52.3449592590332,51.085269927978516,51.453487396240234,1853472,OKE_2,2010-03-15 to None
2018-05-31 00:00:00+00:00,38.410545349121094,51.64728546142578,51.82170486450195,51.30813980102539,51.71511459350586,2134795,OKE_2,2010-03-15 to None
2018-06-01 00:00:00+00:00,38.22318649291992,51.395347595214844,51.97674560546875,51.30813980102539,51.753875732421875,2135930,OKE_2,2010-03-15 to None
2018-06-04 00:00:00+00:00,38.309669494628906,51.511627197265625,51.61821746826172,51.05620193481445,51.5794563293457,2132628,OKE_2,2010-03-15 to None
2018-06-05 00:00:00+00:00,38.19435501098633,51.356590270996094,51.870155334472656,51.33720779418945,51.637596130371094,1980614,OKE_2,2010-03-15 to None
2018-06-06 00:00:00+00:00,38.38893508911133,51.61821746826172,51.627906799316406,51.0949592590332,51.356590270996094,1535410,OKE_2,2010-03-15 to None
2018-06-07 00:00:00+00:00,38.44657897949219,51.695735931396484,51.996124267578125,51.44379806518555,51.60852813720703,1205479,OKE_2,2010-03-15 to None
2018-06-08 00:00:00+00:00,38.38893508911133,51.61821746826172,51.937984466552734,51.569766998291016,51.74418640136719,1072867,OKE_2,2010-03-15 to None
2018-06-11 00:00:00+00:00,38.47541809082031,51.7344970703125,51.82170486450195,51.46317672729492,51.656978607177734,1029110,OKE_2,2010-03-15 to None
2018-06-12 00:00:00+00:00,38.89339065551758,52.296512603759766,52.43217086791992,51.64728546142578,51.6860466003418,2079583,OKE_2,2010-03-15 to None
2018-06-13 00:00:00+00:00,37.76197052001953,50.77519226074219,52.422481536865234,50.746124267578125,52.422481536865234,2533973,OKE_2,2010-03-15 to None
2018-06-14 00:00:00+00:00,38.187156677246094,51.34689712524414,51.6860466003418,50.930233001708984,50.930233001708984,2063897,OKE_2,2010-03-15 to None
2018-06-15 00:00:00+00:00,38.1727409362793,51.327518463134766,51.80232620239258,51.25,51.356590270996094,3025411,OKE_2,2010-03-15 to None
2018-06-18 00:00:00+00:00,38.12229537963867,51.25968933105469,51.55038833618164,51.03682327270508,51.30813980102539,1844390,OKE_2,2010-03-15 to None
2018-06-19 00:00:00+00:00,38.09344482421875,51.22092819213867,51.49224853515625,51.046512603759766,51.18217086791992,2215601,OKE_2,2010-03-15 to None
2018-06-20 00:00:00+00:00,38.54747772216797,51.83139419555664,51.88953399658203,51.13372039794922,51.327518463134766,2839032,OKE_2,2010-03-15 to None
2018-06-21 00:00:00+00:00,38.569091796875,51.86046600341797,52.122093200683594,51.67635726928711,51.83139419555664,1692170,OKE_2,2010-03-15 to None
2018-06-22 00:00:00+00:00,38.7564582824707,52.112403869628906,52.26744079589844,51.695735931396484,51.88953399658203,2806214,OKE_2,2010-03-15 to None
2018-06-25 00:00:00+00:00,39.087955474853516,52.55813980102539,52.761627197265625,51.98643493652344,52.20930099487305,3152141,OKE_2,2010-03-15 to None
2018-06-26 00:00:00+00:00,39.167232513427734,52.664730072021484,53.187984466552734,52.354652404785156,52.56782913208008,3304361,OKE_2,2010-03-15 to None
2018-06-27 00:00:00+00:00,39.296939849853516,52.83914566040039,53.28488540649414,52.645347595214844,52.95542526245117,2506212,OKE_2,2010-03-15 to None
2018-06-28 00:00:00+00:00,39.13118362426758,52.61627960205078,52.761627197265625,51.870155334472656,52.58720779418945,2997754,OKE_2,2010-03-15 to None
2018-06-29 00:00:00+00:00,38.92137145996094,52.122093200683594,52.6550407409668,51.7829475402832,52.20930099487305,2496305,OKE_2,2010-03-15 to None
2018-07-02 00:00:00+00:00,38.55233383178711,51.627906799316406,52.422481536865234,51.104652404785156,52.08333206176758,3329232,OKE_2,2010-03-15 to None
2018-07-03 00:00:00+00:00,39.181854248046875,52.47092819213867,52.6550407409668,51.385658264160156,51.67635726928711,1246656,OKE_2,2010-03-15 to None
2018-07-05 00:00:00+00:00,39.91267776489258,53.44961166381836,53.49806213378906,52.354652404785156,52.62596893310547,2122308,OKE_2,2010-03-15 to None
2018-07-06 00:00:00+00:00,40.21657180786133,53.856590270996094,54.05038833618164,53.45930099487305,53.63372039794922,2148727,OKE_2,2010-03-15 to None
2018-07-09 00:00:00+00:00,39.710060119628906,53.17829513549805,53.856590270996094,52.81007766723633,53.856590270996094,1548000,OKE_2,2010-03-15 to None
2018-07-10 00:00:00+00:00,40.1369743347168,53.75,53.9050407409668,53.25581359863281,53.55620193481445,1869365,OKE_2,2010-03-15 to None
2018-07-11 00:00:00+00:00,39.8981819152832,53.430233001708984,54.00193786621094,53.39147186279297,53.74031066894531,1040978,OKE_2,2010-03-15 to None
2018-07-12 00:00:00+00:00,40.100791931152344,53.7015495300293,53.827518463134766,53.25581359863281,53.51744079589844,1287626,OKE_2,2010-03-15 to None
2018-07-13 00:00:00+00:00,39.90544509887695,53.43992233276367,54.0794563293457,53.372093200683594,53.81782913208008,939017,OKE_2,2010-03-15 to None
2018-07-16 00:00:00+00:00,39.731773376464844,53.20736312866211,53.39147186279297,52.73255920410156,53.32364273071289,1522200,OKE_2,2010-03-15 to None
2018-07-17 00:00:00+00:00,39.594295501708984,53.02325439453125,53.362403869628906,52.89728546142578,53.25581359863281,1454604,OKE_2,2010-03-15 to None
2018-07-18 00:00:00+00:00,39.77519226074219,53.2655029296875,53.32364273071289,52.79069900512695,53.02325439453125,1798054,OKE_2,2010-03-15 to None
2018-07-19 00:00:00+00:00,40.382999420166016,54.0794563293457,54.1860466003418,53.062015533447266,53.2655029296875,1965444,OKE_2,2010-03-15 to None
2018-07-20 00:00:00+00:00,40.15145492553711,53.769378662109375,54.10852813720703,53.527130126953125,53.972869873046875,1642325,OKE_2,2010-03-15 to None
2018-07-23 00:00:00+00:00,40.1369743347168,53.75,53.885658264160156,53.3139533996582,53.80813980102539,1811882,OKE_2,2010-03-15 to None
2018-07-24 00:00:00+00:00,39.760719299316406,53.246124267578125,53.65310287475586,53.19767379760742,53.63372039794922,1639951,OKE_2,2010-03-15 to None
2018-07-25 00:00:00+00:00,40.33956527709961,54.02131652832031,54.156978607177734,53.2170524597168,53.362403869628906,1722408,OKE_2,2010-03-15 to None
2018-07-26 00:00:00+00:00,40.34680938720703,54.031009674072266,54.42829513549805,53.953487396240234,54.02131652832031,1294231,OKE_2,2010-03-15 to None
2018-07-27 00:00:00+00:00,39.825828552246094,53.33333206176758,54.253875732421875,53.14922332763672,54.21511459350586,1529837,OKE_2,2010-03-15 to None
2018-07-30 00:00:00+00:00,40.06462097167969,53.65310287475586,53.77907180786133,52.9844970703125,53.3139533996582,1506926,OKE_2,2010-03-15 to None
2018-07-31 00:00:00+00:00,40.51504135131836,54.04069900512695,54.44767379760742,53.488372802734375,53.585269927978516,3767316,OKE_2,2010-03-15 to None
2018-08-01 00:00:00+00:00,40.667579650878906,54.24418640136719,54.33139419555664,53.304264068603516,53.614341735839844,2109408,OKE_2,2010-03-15 to None
2018-08-02 00:00:00+00:00,41.343196868896484,55.145347595214844,55.406978607177734,54.00193786621094,54.14728546142578,2336861,OKE_2,2010-03-15 to None
2018-08-03 00:00:00+00:00,41.89530944824219,55.88178253173828,55.94961166381836,55.145347595214844,55.19379806518555,1515286,OKE_2,2010-03-15 to None
2018-08-06 00:00:00+00:00,41.85173034667969,55.82364273071289,56.085269927978516,55.60077667236328,55.99806213378906,1706825,OKE_2,2010-03-15 to None
2018-08-07 00:00:00+00:00,41.59020233154297,55.47480773925781,55.82364273071289,55.164730072021484,55.82364273071289,1577515,OKE_2,2010-03-15 to None
2018-08-08 00:00:00+00:00,41.51755142211914,55.377906799316406,55.60077667236328,55.18410873413086,55.52325439453125,1223746,OKE_2,2010-03-15 to None
2018-08-09 00:00:00+00:00,41.3940544128418,55.21317672729492,55.5329475402832,55.12596893310547,55.445735931396484,1332106,OKE_2,2010-03-15 to None
2018-08-10 00:00:00+00:00,41.0526123046875,54.75775146484375,55.45542526245117,54.75775146484375,55.145347595214844,1001659,OKE_2,2010-03-15 to None
2018-08-13 00:00:00+00:00,41.20517349243164,54.961238861083984,55.038761138916016,54.72868347167969,54.854652404785156,989894,OKE_2,2010-03-15 to None
2018-08-14 00:00:00+00:00,41.466697692871094,55.31007766723633,55.46511459350586,54.835269927978516,55.019378662109375,1376482,OKE_2,2010-03-15 to None
2018-08-15 00:00:00+00:00,41.85173034667969,55.82364273071289,55.88178253173828,55.222869873046875,55.31007766723633,1287317,OKE_2,2010-03-15 to None
2018-08-16 00:00:00+00:00,42.28032684326172,56.395347595214844,56.43410873413086,55.7170524597168,55.85271453857422,1245108,OKE_2,2010-03-15 to None
2018-08-17 00:00:00+00:00,42.75254440307617,57.02519226074219,57.07364273071289,56.143409729003906,56.356590270996094,1566782,OKE_2,2010-03-15 to None
2018-08-20 00:00:00+00:00,42.701683044433594,56.95736312866211,57.40310287475586,56.879844665527344,57.112403869628906,1111567,OKE_2,2010-03-15 to None
2018-08-21 00:00:00+00:00,42.57093048095703,56.7829475402832,56.92829513549805,56.453487396240234,56.91860580444336,1398154,OKE_2,2010-03-15 to None
2018-08-22 00:00:00+00:00,42.483741760253906,56.66666793823242,56.97674560546875,56.34689712524414,56.86046600341797,904342,OKE_2,2010-03-15 to None
2018-08-23 00:00:00+00:00,42.46195983886719,56.637596130371094,56.82170486450195,56.453487396240234,56.6860466003418,975653,OKE_2,2010-03-15 to None
2018-08-24 00:00:00+00:00,42.57093048095703,56.7829475402832,56.879844665527344,56.33720779418945,56.472869873046875,759242,OKE_2,2010-03-15 to None
2018-08-27 00:00:00+00:00,42.40382766723633,56.56007766723633,56.94767379760742,56.16279220581055,56.90891647338867,1233962,OKE_2,2010-03-15 to None
2018-08-28 00:00:00+00:00,42.912353515625,57.238372802734375,57.24806213378906,56.472869873046875,56.64728546142578,1177409,OKE_2,2010-03-15 to None
2018-08-29 00:00:00+00:00,42.5128173828125,56.70542526245117,57.07364273071289,56.56007766723633,57.07364273071289,1414562,OKE_2,2010-03-15 to None
2018-08-30 00:00:00+00:00,42.440181732177734,56.60852813720703,56.95736312866211,56.49224853515625,56.91860580444336,932206,OKE_2,2010-03-15 to None
2018-08-31 00:00:00+00:00,42.70996856689453,56.753875732421875,56.80232620239258,56.37596893310547,56.58914566040039,1290929,OKE_2,2010-03-15 to None
2018-09-04 00:00:00+00:00,42.56412124633789,56.56007766723633,57.00581359863281,56.31782913208008,56.72480773925781,1358938,OKE_2,2010-03-15 to None
2018-09-05 00:00:00+00:00,42.75372314453125,56.812015533447266,57.08333206176758,56.18217086791992,56.385658264160156,1492891,OKE_2,2010-03-15 to None
2018-09-06 00:00:00+00:00,42.87038803100586,56.9670524597168,57.1705436706543,56.82170486450195,56.937984466552734,1525606,OKE_2,2010-03-15 to None
2018-09-07 00:00:00+00:00,42.396392822265625,56.33720779418945,56.66666793823242,56.18217086791992,56.56007766723633,1665958,OKE_2,2010-03-15 to None
2018-09-10 00:00:00+00:00,42.54955291748047,56.54069900512695,56.879844665527344,56.42441940307617,56.54069900512695,1022299,OKE_2,2010-03-15 to None
2018-09-11 00:00:00+00:00,42.301612854003906,56.211238861083984,56.64728546142578,56.114341735839844,56.385658264160156,1205273,OKE_2,2010-03-15 to None
2018-09-12 00:00:00+00:00,42.37452697753906,56.30813980102539,56.64728546142578,56.0949592590332,56.269378662109375,971318,OKE_2,2010-03-15 to None
2018-09-13 00:00:00+00:00,42.396392822265625,56.33720779418945,56.67635726928711,56.25968933105469,56.55038833618164,1552954,OKE_2,2010-03-15 to None
2018-09-14 00:00:00+00:00,42.04637145996094,55.872093200683594,56.104652404785156,55.19379806518555,56.104652404785156,2150172,OKE_2,2010-03-15 to None
2018-09-17 00:00:00+00:00,42.418277740478516,56.36627960205078,56.37596893310547,55.52325439453125,55.9205436706543,5237090,OKE_2,2010-03-15 to None
2018-09-18 00:00:00+00:00,41.9370002746582,55.72674560546875,56.414730072021484,55.4360466003418,56.2984504699707,1874628,OKE_2,2010-03-15 to None
2018-09-19 00:00:00+00:00,41.30986404418945,54.893409729003906,55.901161193847656,54.75775146484375,55.872093200683594,2118077,OKE_2,2010-03-15 to None
2018-09-20 00:00:00+00:00,41.76198959350586,55.49418640136719,55.55232620239258,54.53488540649414,54.88372039794922,1492891,OKE_2,2010-03-15 to None
2018-09-21 00:00:00+00:00,41.55782699584961,55.222869873046875,55.72674560546875,55.145347595214844,55.47480773925781,3785170,OKE_2,2010-03-15 to None
2018-09-24 00:00:00+00:00,40.930694580078125,54.38953399658203,55.25193786621094,54.24418640136719,55.23255920410156,1810850,OKE_2,2010-03-15 to None
2018-09-25 00:00:00+00:00,41.171321868896484,54.70930099487305,55.038761138916016,54.36046600341797,54.612403869628906,1589383,OKE_2,2010-03-15 to None
2018-09-26 00:00:00+00:00,40.70462417602539,54.08914566040039,54.893409729003906,54.05038833618164,54.68992233276367,1394438,OKE_2,2010-03-15 to None
2018-09-27 00:00:00+00:00,40.92340850830078,54.379844665527344,54.680233001708984,54.10852813720703,54.14728546142578,1212290,OKE_2,2010-03-15 to None
2018-09-28 00:00:00+00:00,41.648902893066406,55.12596893310547,55.18410873413086,54.32170486450195,54.379844665527344,2246870,OKE_2,2010-03-15 to None
2018-10-01 00:00:00+00:00,41.43660354614258,54.8449592590332,55.4360466003418,54.6705436706543,54.8449592590332,2923140,OKE_2,2010-03-15 to None
2018-10-02 00:00:00+00:00,41.59034729003906,55.0484504699707,55.23255920410156,54.70930099487305,54.864341735839844,2202288,OKE_2,2010-03-15 to None
2018-10-03 00:00:00+00:00,41.55373001098633,55.0,55.54263687133789,54.4670524597168,55.23255920410156,4892712,OKE_2,2010-03-15 to None
2018-10-04 00:00:00+00:00,41.39266586303711,54.78682327270508,54.922481536865234,54.1860466003418,54.64147186279297,4123459,OKE_2,2010-03-15 to None
2018-10-05 00:00:00+00:00,41.773353576660156,55.29069900512695,55.4360466003418,54.8449592590332,54.893409729003906,3872580,OKE_2,2010-03-15 to None
2018-10-08 00:00:00+00:00,42.52010726928711,56.27907180786133,56.6860466003418,55.30038833618164,55.30038833618164,3318706,OKE_2,2010-03-15 to None
2018-10-09 00:00:00+00:00,42.87882614135742,56.753875732421875,56.95736312866211,56.143409729003906,56.356590270996094,3064214,OKE_2,2010-03-15 to None
2018-10-10 00:00:00+00:00,41.956390380859375,55.5329475402832,56.83139419555664,55.51356506347656,56.50193786621094,2480618,OKE_2,2010-03-15 to None
2018-10-11 00:00:00+00:00,40.96804428100586,54.22480773925781,55.85271453857422,54.17635726928711,55.75581359863281,2843986,OKE_2,2010-03-15 to None
2018-10-12 00:00:00+00:00,40.88752365112305,54.11821746826172,54.680233001708984,53.827518463134766,54.47674560546875,2302805,OKE_2,2010-03-15 to None
2018-10-15 00:00:00+00:00,41.12179946899414,54.42829513549805,55.00968933105469,54.02131652832031,54.04069900512695,2249760,OKE_2,2010-03-15 to None
2018-10-16 00:00:00+00:00,42.13207244873047,55.7655029296875,55.9205436706543,54.41860580444336,54.680233001708984,1999913,OKE_2,2010-03-15 to None
2018-10-17 00:00:00+00:00,42.490806579589844,56.24031066894531,56.50193786621094,55.41666793823242,55.629844665527344,3127682,OKE_2,2010-03-15 to None
2018-10-18 00:00:00+00:00,42.3956413269043,56.114341735839844,56.637596130371094,55.94961166381836,56.27907180786133,1782058,OKE_2,2010-03-15 to None
2018-10-19 00:00:00+00:00,42.827571868896484,56.6860466003418,56.870155334472656,56.2015495300293,56.2015495300293,1587526,OKE_2,2010-03-15 to None
2018-10-22 00:00:00+00:00,42.24922561645508,55.9205436706543,57.093021392822266,55.862403869628906,56.7829475402832,1602799,OKE_2,2010-03-15 to None
2018-10-23 00:00:00+00:00,42.80561065673828,56.656978607177734,57.00581359863281,55.7170524597168,55.7170524597168,2008685,OKE_2,2010-03-15 to None
2018-10-24 00:00:00+00:00,43.779300689697266,57.945735931396484,58.32364273071289,56.511627197265625,56.695735931396484,3175154,OKE_2,2010-03-15 to None
2018-10-25 00:00:00+00:00,44.10142135620117,58.372093200683594,58.66279220581055,57.38372039794922,57.664730072021484,2494034,OKE_2,2010-03-15 to None
2018-10-26 00:00:00+00:00,43.72804641723633,57.877906799316406,58.47868347167969,57.07364273071289,58.19767379760742,2980622,OKE_2,2010-03-15 to None
2018-10-29 00:00:00+00:00,44.87743377685547,59.39922332763672,59.437984466552734,58.062015533447266,58.08139419555664,3367106,OKE_2,2010-03-15 to None
2018-10-30 00:00:00+00:00,44.95065689086914,59.496124267578125,60.06782913208008,58.98255920410156,59.39922332763672,4022117,OKE_2,2010-03-15 to None
2018-10-31 00:00:00+00:00,44.282779693603516,58.401161193847656,59.2829475402832,57.906978607177734,59.08914566040039,5005716,OKE_2,2010-03-15 to None
2018-11-01 00:00:00+00:00,44.958744049072266,59.29263687133789,59.42829513549805,57.703487396240234,58.401161193847656,2543467,OKE_2,2010-03-15 to None
2018-11-02 00:00:00+00:00,44.27543640136719,58.39147186279297,59.32170486450195,57.52907180786133,59.17635726928711,2773397,OKE_2,2010-03-15 to None
2018-11-05 00:00:00+00:00,45.16446304321289,59.5639533996582,59.854652404785156,58.488372802734375,58.56589126586914,1961522,OKE_2,2010-03-15 to None
2018-11-06 00:00:00+00:00,45.230594635009766,59.651161193847656,59.738372802734375,59.14728546142578,59.58333206176758,1913947,OKE_2,2010-03-15 to None
2018-11-07 00:00:00+00:00,45.7669563293457,60.35852813720703,60.36821746826172,59.39922332763672,59.68992233276367,1917456,OKE_2,2010-03-15 to None
2018-11-08 00:00:00+00:00,45.90655517578125,60.54263687133789,60.562015533447266,59.796512603759766,60.27131652832031,1689590,OKE_2,2010-03-15 to None
2018-11-09 00:00:00+00:00,46.112281799316406,60.8139533996582,61.00775146484375,60.319766998291016,60.41666793823242,1512809,OKE_2,2010-03-15 to None
2018-11-12 00:00:00+00:00,46.20778274536133,60.93992233276367,61.385658264160156,60.72674560546875,60.82364273071289,1532004,OKE_2,2010-03-15 to None
2018-11-13 00:00:00+00:00,46.17104721069336,60.89147186279297,61.13372039794922,60.503875732421875,60.94961166381836,1382261,OKE_2,2010-03-15 to None
2018-11-14 00:00:00+00:00,46.41352844238281,61.211238861083984,61.531009674072266,60.968990325927734,60.988372802734375,2185157,OKE_2,2010-03-15 to None
2018-11-15 00:00:00+00:00,46.05350112915039,60.73643493652344,61.22092819213867,60.42635726928711,61.2015495300293,2785162,OKE_2,2010-03-15 to None
2018-11-16 00:00:00+00:00,46.869056701660156,61.812015533447266,61.870155334472656,60.69767379760742,60.72674560546875,2181235,OKE_2,2010-03-15 to None
2018-11-19 00:00:00+00:00,47.001312255859375,61.98643493652344,62.49031066894531,61.5794563293457,61.80232620239258,2137994,OKE_2,2010-03-15 to None
2018-11-20 00:00:00+00:00,46.92049789428711,61.879844665527344,62.55813980102539,61.598838806152344,61.79263687133789,2524788,OKE_2,2010-03-15 to None
2018-11-21 00:00:00+00:00,46.722110748291016,61.61821746826172,62.180233001708984,61.43410873413086,61.937984466552734,1871326,OKE_2,2010-03-15 to None
2018-11-23 00:00:00+00:00,46.58251190185547,61.43410873413086,61.812015533447266,61.13372039794922,61.5794563293457,910121,OKE_2,2010-03-15 to None
2018-11-26 00:00:00+00:00,46.31066131591797,61.07558059692383,61.67635726928711,60.70736312866211,61.58914566040039,1671014,OKE_2,2010-03-15 to None
2018-11-27 00:00:00+00:00,46.78823471069336,61.70542526245117,61.7344970703125,60.85271453857422,61.07558059692383,1794442,OKE_2,2010-03-15 to None
2018-11-28 00:00:00+00:00,46.75885772705078,61.66666793823242,62.335269927978516,61.31782913208008,61.85077667236328,2361629,OKE_2,2010-03-15 to None
2018-11-29 00:00:00+00:00,46.92049789428711,61.879844665527344,62.054264068603516,61.453487396240234,61.77325439453125,2740786,OKE_2,2010-03-15 to None
2018-11-30 00:00:00+00:00,47.253021240234375,62.10271453857422,62.37403106689453,61.52131652832031,61.83139419555664,4244719,OKE_2,2010-03-15 to None
2018-12-03 00:00:00+00:00,47.51842498779297,62.4515495300293,62.4515495300293,61.395347595214844,62.02519226074219,2817876,OKE_2,2010-03-15 to None
2018-12-04 00:00:00+00:00,47.21613311767578,62.054264068603516,63.17829513549805,61.97674560546875,62.40310287475586,2422826,OKE_2,2010-03-15 to None
2018-12-06 00:00:00+00:00,48.816078186035156,64.15697479248047,64.17635345458984,61.67635726928711,62.25775146484375,4083108,OKE_2,2010-03-15 to None
2018-12-07 00:00:00+00:00,48.60962677001953,63.885658264160156,64.36046600341797,63.372093200683594,63.7015495300293,3706325,OKE_2,2010-03-15 to None
2018-12-10 00:00:00+00:00,48.41056442260742,63.62403106689453,64.01162719726562,62.722869873046875,63.92441940307617,1983607,OKE_2,2010-03-15 to None
2018-12-11 00:00:00+00:00,48.88242721557617,64.24418640136719,64.69961547851562,63.72092819213867,63.953487396240234,1707134,OKE_2,2010-03-15 to None
2018-12-12 00:00:00+00:00,48.049278259277344,63.14922332763672,64.83527374267578,63.07170486450195,64.55426025390625,2332836,OKE_2,2010-03-15 to None
2018-12-13 00:00:00+00:00,48.89716339111328,64.26356506347656,64.70930480957031,63.22674560546875,63.29457473754883,2772365,OKE_2,2010-03-15 to None
2018-12-14 00:00:00+00:00,48.91191101074219,64.28294372558594,64.37015533447266,63.7984504699707,64.01162719726562,2426851,OKE_2,2010-03-15 to None
2018-12-17 00:00:00+00:00,47.26774978637695,62.122093200683594,64.75775146484375,61.937984466552734,64.42829132080078,3462463,OKE_2,2010-03-15 to None
2018-12-18 00:00:00+00:00,47.96819305419922,63.04263687133789,63.45930099487305,62.47092819213867,62.67441940307617,2308171,OKE_2,2010-03-15 to None
2018-12-19 00:00:00+00:00,47.6437873840332,62.61627960205078,63.51744079589844,62.335269927978516,63.08139419555664,2948630,OKE_2,2010-03-15 to None
2018-12-20 00:00:00+00:00,47.32672882080078,62.19961166381836,63.0329475402832,61.627906799316406,62.645347595214844,2415602,OKE_2,2010-03-15 to None
2018-12-21 00:00:00+00:00,47.03181457519531,61.812015533447266,63.22674560546875,61.7344970703125,62.20930099487305,5746073,OKE_2,2010-03-15 to None
2018-12-24 00:00:00+00:00,44.436561584472656,58.401161193847656,61.72480773925781,58.07170486450195,61.637596130371094,2456986,OKE_2,2010-03-15 to None
2018-12-26 00:00:00+00:00,46.38298416137695,60.95930099487305,60.97868347167969,58.246124267578125,58.604652404785156,2070708,OKE_2,2010-03-15 to None
2018-12-27 00:00:00+00:00,46.67791748046875,61.34689712524414,61.37596893310547,59.379844665527344,60.67829513549805,2161008,OKE_2,2010-03-15 to None
2018-12-28 00:00:00+00:00,46.70741653442383,61.385658264160156,62.0639533996582,60.82364273071289,61.46317672729492,2043566,OKE_2,2010-03-15 to None
2018-12-31 00:00:00+00:00,46.64155960083008,61.085269927978516,61.30813980102539,60.08720779418945,61.2015495300293,1816526,OKE_2,2010-03-15 to None
2019-01-02 00:00:00+00:00,45.82030487060547,60.00968933105469,60.72674560546875,59.680233001708984,60.66860580444336,2567306,OKE_2,2010-03-15 to None
2019-01-03 00:00:00+00:00,46.22725296020508,60.54263687133789,61.34689712524414,60.06782913208008,60.077518463134766,2740270,OKE_2,2010-03-15 to None
2019-01-04 00:00:00+00:00,46.212432861328125,60.52325439453125,61.06589126586914,60.09689712524414,60.67829513549805,2569474,OKE_2,2010-03-15 to None
2019-01-07 00:00:00+00:00,46.079261779785156,60.348838806152344,61.046512603759766,60.23255920410156,60.5329475402832,2815915,OKE_2,2010-03-15 to None
2019-01-08 00:00:00+00:00,46.75254821777344,61.230621337890625,61.43410873413086,60.27131652832031,60.61046600341797,2882479,OKE_2,2010-03-15 to None
2019-01-09 00:00:00+00:00,46.56757736206055,60.988372802734375,61.34689712524414,60.1550407409668,61.114341735839844,2389699,OKE_2,2010-03-15 to None
2019-01-10 00:00:00+00:00,47.300052642822266,61.94767379760742,61.97674560546875,60.59108352661133,60.75581359863281,2178449,OKE_2,2010-03-15 to None
2019-01-11 00:00:00+00:00,47.56641387939453,62.296512603759766,62.31589126586914,61.598838806152344,61.937984466552734,1435512,OKE_2,2010-03-15 to None
2019-01-14 00:00:00+00:00,47.226070404052734,61.85077667236328,62.277130126953125,61.46317672729492,62.151161193847656,1582366,OKE_2,2010-03-15 to None
2019-01-15 00:00:00+00:00,47.92154312133789,62.761627197265625,62.8294563293457,61.79263687133789,62.02519226074219,1305893,OKE_2,2010-03-15 to None
2019-01-16 00:00:00+00:00,47.832759857177734,62.645347595214844,62.96511459350586,62.20930099487305,62.664730072021484,1887631,OKE_2,2010-03-15 to None
2019-01-17 00:00:00+00:00,47.951133728027344,62.80038833618164,63.08139419555664,62.41279220581055,62.635658264160156,1358215,OKE_2,2010-03-15 to None
2019-01-18 00:00:00+00:00,47.832759857177734,62.645347595214844,63.16860580444336,62.4515495300293,63.10077667236328,1743461,OKE_2,2010-03-15 to None
2019-01-22 00:00:00+00:00,47.92154312133789,62.761627197265625,63.35271453857422,62.26744079589844,62.8294563293457,2012297,OKE_2,2010-03-15 to None
2019-01-23 00:00:00+00:00,47.66259002685547,62.422481536865234,62.89728546142578,62.02519226074219,62.761627197265625,1809922,OKE_2,2010-03-15 to None
2019-01-24 00:00:00+00:00,47.54420471191406,62.26744079589844,62.480621337890625,61.82170486450195,62.393409729003906,1741810,OKE_2,2010-03-15 to None
2019-01-25 00:00:00+00:00,48.25449752807617,63.19767379760742,63.20736312866211,62.24806213378906,62.24806213378906,1960078,OKE_2,2010-03-15 to None
2019-01-28 00:00:00+00:00,48.82419204711914,63.94379806518555,63.96317672729492,62.9844970703125,63.129844665527344,2117664,OKE_2,2010-03-15 to None
2019-01-29 00:00:00+00:00,49.33469009399414,64.6124038696289,64.65116119384766,63.96317672729492,63.972869873046875,2079170,OKE_2,2010-03-15 to None
2019-01-30 00:00:00+00:00,49.99317932128906,65.47480773925781,65.5813980102539,64.43798065185547,64.44767761230469,2099914,OKE_2,2010-03-15 to None
2019-01-31 00:00:00+00:00,50.992408752441406,66.5600814819336,66.77325439453125,64.64147186279297,65.16472625732422,6468782,OKE_2,2010-03-15 to None
2019-02-01 00:00:00+00:00,50.35396957397461,65.72674560546875,66.87984466552734,64.9030990600586,66.64728546142578,2185260,OKE_2,2010-03-15 to None
2019-02-04 00:00:00+00:00,51.09632873535156,66.69573974609375,66.86046600341797,65.31977081298828,65.80426025390625,2972779,OKE_2,2010-03-15 to None
2019-02-05 00:00:00+00:00,51.46006774902344,67.17053985595703,67.20930480957031,66.13372039794922,66.66666412353516,2389699,OKE_2,2010-03-15 to None
2019-02-06 00:00:00+00:00,51.35615539550781,67.03488159179688,67.18022918701172,66.58914947509766,67.18022918701172,1708682,OKE_2,2010-03-15 to None
2019-02-07 00:00:00+00:00,52.03911209106445,67.92635345458984,68.01356506347656,66.66666412353516,66.93798065185547,2343878,OKE_2,2010-03-15 to None
2019-02-08 00:00:00+00:00,52.024269104003906,67.90697479248047,68.12984466552734,67.52906799316406,67.6065902709961,1714152,OKE_2,2010-03-15 to None
2019-02-11 00:00:00+00:00,52.26924133300781,68.22674560546875,68.29457092285156,67.73255920410156,67.8779067993164,1468020,OKE_2,2010-03-15 to None
2019-02-12 00:00:00+00:00,51.482357025146484,67.19961547851562,68.27519226074219,66.79263305664062,68.20736694335938,1984742,OKE_2,2010-03-15 to None
2019-02-13 00:00:00+00:00,51.653079986572266,67.42247772216797,67.52906799316406,66.61821746826172,67.0155029296875,1654812,OKE_2,2010-03-15 to None
2019-02-14 00:00:00+00:00,51.80156707763672,67.61627960205078,67.781005859375,67.1899185180664,67.48062133789062,1234582,OKE_2,2010-03-15 to None
2019-02-15 00:00:00+00:00,52.03168487548828,67.91666412353516,67.9844970703125,67.51937866210938,67.8875961303711,1610849,OKE_2,2010-03-15 to None
2019-02-19 00:00:00+00:00,51.90549087524414,67.75193786621094,68.10077667236328,67.56782531738281,67.76162719726562,1920965,OKE_2,2010-03-15 to None
2019-02-20 00:00:00+00:00,51.081485748291016,66.67635345458984,67.73255920410156,66.0465087890625,67.62596893310547,1567814,OKE_2,2010-03-15 to None
2019-02-21 00:00:00+00:00,51.63825225830078,67.4030990600586,67.41278839111328,65.41666412353516,65.8720932006836,3483206,OKE_2,2010-03-15 to None
2019-02-22 00:00:00+00:00,51.771873474121094,67.57752227783203,67.8779067993164,67.1124038696289,67.56782531738281,2192484,OKE_2,2010-03-15 to None
2019-02-25 00:00:00+00:00,51.51946258544922,67.24806213378906,67.69379425048828,66.99612426757812,67.68411254882812,1549135,OKE_2,2010-03-15 to None
2019-02-26 00:00:00+00:00,51.348716735839844,67.02519226074219,67.51937866210938,66.72480773925781,67.43217468261719,1961729,OKE_2,2010-03-15 to None
2019-02-27 00:00:00+00:00,51.09632873535156,66.69573974609375,66.8410873413086,66.08527374267578,66.7344970703125,1710850,OKE_2,2010-03-15 to None
2019-02-28 00:00:00+00:00,51.510433197021484,67.0155029296875,67.46124267578125,66.19185638427734,66.49224853515625,2202391,OKE_2,2010-03-15 to None
2019-03-01 00:00:00+00:00,51.495540618896484,66.99612426757812,67.05426025390625,66.06588745117188,66.96705627441406,1918075,OKE_2,2010-03-15 to None
2019-03-04 00:00:00+00:00,51.793453216552734,67.38372039794922,67.3934097290039,66.54069519042969,67.06394958496094,2084640,OKE_2,2010-03-15 to None
2019-03-05 00:00:00+00:00,51.987125396728516,67.63565826416016,67.89728546142578,67.1124038696289,67.20930480957031,1602180,OKE_2,2010-03-15 to None
2019-03-06 00:00:00+00:00,51.771121978759766,67.35465240478516,67.9844970703125,67.34496307373047,67.69379425048828,1457803,OKE_2,2010-03-15 to None
2019-03-07 00:00:00+00:00,51.7338752746582,67.30620574951172,68.00387573242188,67.18022918701172,67.57752227783203,2321174,OKE_2,2010-03-15 to None
2019-03-08 00:00:00+00:00,51.949867248535156,67.58721160888672,67.82946014404297,67.13178253173828,67.3934097290039,1204860,OKE_2,2010-03-15 to None
2019-03-11 00:00:00+00:00,52.67975997924805,68.53681945800781,68.5755844116211,67.69379425048828,67.75193786621094,1731902,OKE_2,2010-03-15 to None
2019-03-12 00:00:00+00:00,53.14901351928711,69.14728546142578,69.22480773925781,68.56588745117188,68.68217468261719,1761211,OKE_2,2010-03-15 to None
2019-03-13 00:00:00+00:00,53.10430145263672,69.08914947509766,69.68022918701172,68.94379425048828,69.22480773925781,2184331,OKE_2,2010-03-15 to None
2019-03-14 00:00:00+00:00,53.558631896972656,69.68022918701172,69.68022918701172,69.04069519042969,69.3410873413086,1813224,OKE_2,2010-03-15 to None
2019-03-15 00:00:00+00:00,53.05961990356445,69.031005859375,69.87403106689453,68.89534759521484,69.718994140625,3678151,OKE_2,2010-03-15 to None
2019-03-18 00:00:00+00:00,52.888328552246094,68.80814361572266,69.37015533447266,68.32364654541016,69.11821746826172,2173908,OKE_2,2010-03-15 to None
2019-03-19 00:00:00+00:00,52.173309326171875,67.8779067993164,68.71124267578125,67.64534759521484,68.63372039794922,2111162,OKE_2,2010-03-15 to None
2019-03-20 00:00:00+00:00,52.687232971191406,68.5465087890625,68.99224853515625,67.79069519042969,67.89728546142578,1631179,OKE_2,2010-03-15 to None
2019-03-21 00:00:00+00:00,53.97572326660156,70.22286987304688,70.26162719726562,68.62403106689453,68.62403106689453,1852750,OKE_2,2010-03-15 to None
2019-03-22 00:00:00+00:00,54.07253646850586,70.34883880615234,71.18217468261719,70.26162719726562,70.30038452148438,1748105,OKE_2,2010-03-15 to None
2019-03-25 00:00:00+00:00,54.55669021606445,70.97868347167969,71.28875732421875,69.95155334472656,70.32946014404297,1349134,OKE_2,2010-03-15 to None
2019-03-26 00:00:00+00:00,55.10038757324219,71.68605041503906,71.75387573242188,71.06588745117188,71.18217468261719,1870913,OKE_2,2010-03-15 to None
2019-03-27 00:00:00+00:00,54.705631256103516,71.17247772216797,71.8410873413086,70.83333587646484,71.75387573242188,1826743,OKE_2,2010-03-15 to None
2019-03-28 00:00:00+00:00,55.01845169067383,71.57946014404297,71.60852813720703,70.98837280273438,71.60852813720703,2426438,OKE_2,2010-03-15 to None
2019-03-29 00:00:00+00:00,54.95567321777344,71.27906799316406,71.5600814819336,70.54263305664062,71.5600814819336,2660186,OKE_2,2010-03-15 to None
2019-04-01 00:00:00+00:00,54.33560562133789,70.47480773925781,71.24031066894531,69.7965087890625,71.23062133789062,2111782,OKE_2,2010-03-15 to None
2019-04-02 00:00:00+00:00,54.201141357421875,70.30038452148438,70.3875961303711,69.48643493652344,70.30038452148438,2059562,OKE_2,2010-03-15 to None
2019-04-03 00:00:00+00:00,53.752872467041016,69.718994140625,70.21318054199219,69.52519226074219,70.21318054199219,1925609,OKE_2,2010-03-15 to None
2019-04-04 00:00:00+00:00,53.63335037231445,69.56394958496094,69.83527374267578,69.1375961303711,69.78681945800781,1251713,OKE_2,2010-03-15 to None
2019-04-05 00:00:00+00:00,53.99941635131836,70.03875732421875,70.05814361572266,69.38953399658203,69.42829132080078,1158730,OKE_2,2010-03-15 to None
2019-04-08 00:00:00+00:00,53.79024887084961,69.76744079589844,70.18411254882812,69.49612426757812,69.96124267578125,1100731,OKE_2,2010-03-15 to None
2019-04-09 00:00:00+00:00,53.18510818481445,68.98255920410156,69.84496307373047,68.87596893310547,69.76744079589844,1417039,OKE_2,2010-03-15 to None
2019-04-10 00:00:00+00:00,53.61094284057617,69.53488159179688,69.72868347167969,69.11821746826172,69.31201934814453,1418587,OKE_2,2010-03-15 to None
2019-04-11 00:00:00+00:00,53.342002868652344,69.18605041503906,70.04844665527344,69.031005859375,69.718994140625,1926331,OKE_2,2010-03-15 to None
2019-04-12 00:00:00+00:00,53.27476119995117,69.09883880615234,69.1375961303711,68.52713012695312,69.1375961303711,1949448,OKE_2,2010-03-15 to None
2019-04-15 00:00:00+00:00,53.327030181884766,69.16666412353516,69.2344970703125,68.73062133789062,69.17635345458984,1778858,OKE_2,2010-03-15 to None
2019-04-16 00:00:00+00:00,51.8029899597168,67.1899185180664,69.22480773925781,66.87984466552734,69.18605041503906,2011884,OKE_2,2010-03-15 to None
2019-04-17 00:00:00+00:00,50.63004684448242,65.6686019897461,67.15116119384766,65.6686019897461,67.1220932006836,2319007,OKE_2,2010-03-15 to None
2019-04-18 00:00:00+00:00,51.197845458984375,66.40503692626953,66.58914947509766,65.85271453857422,65.85271453857422,1821067,OKE_2,2010-03-15 to None
2019-04-22 00:00:00+00:00,50.719696044921875,65.78488159179688,66.41472625732422,65.13565826416016,66.36627960205078,1563686,OKE_2,2010-03-15 to None
2019-04-23 00:00:00+00:00,51.59379959106445,66.9186019897461,67.00581359863281,65.9399185180664,66.18217468261719,1692480,OKE_2,2010-03-15 to None
2019-04-24 00:00:00+00:00,52.23632049560547,67.75193786621094,68.11046600341797,66.97674560546875,67.16085052490234,1467607,OKE_2,2010-03-15 to None
2019-04-25 00:00:00+00:00,52.3558464050293,67.90697479248047,68.18798065185547,67.1899185180664,67.54844665527344,933444,OKE_2,2010-03-15 to None
2019-04-26 00:00:00+00:00,52.729347229003906,68.39147186279297,68.62403106689453,67.91666412353516,68.20736694335938,803825,OKE_2,2010-03-15 to None
2019-04-29 00:00:00+00:00,51.92251205444336,67.34496307373047,68.44961547851562,67.34496307373047,68.31394958496094,1085045,OKE_2,2010-03-15 to None
2019-04-30 00:00:00+00:00,52.47418212890625,67.83914947509766,68.12015533447266,66.86046600341797,67.34496307373047,1947797,OKE_2,2010-03-15 to None
2019-05-01 00:00:00+00:00,52.4666862487793,67.82946014404297,68.66278839111328,67.66472625732422,67.781005859375,1432416,OKE_2,2010-03-15 to None
2019-05-02 00:00:00+00:00,52.639060974121094,68.05232238769531,69.6220932006836,67.8100814819336,68.14922332763672,2289595,OKE_2,2010-03-15 to None
2019-05-03 00:00:00+00:00,52.6915283203125,68.12015533447266,68.51744079589844,67.97480773925781,68.29457092285156,1195572,OKE_2,2010-03-15 to None
2019-05-06 00:00:00+00:00,52.43668746948242,67.79069519042969,68.50775146484375,67.69379425048828,67.94573974609375,1272146,OKE_2,2010-03-15 to None
2019-05-07 00:00:00+00:00,49.9407844543457,64.56394958496094,66.05620574951172,64.5155029296875,65.89147186279297,15197542,OKE_2,2010-03-15 to None
2019-05-08 00:00:00+00:00,50.08320236206055,64.74806213378906,65.69767761230469,64.63178253173828,64.78681945800781,3430162,OKE_2,2010-03-15 to None
2019-05-09 00:00:00+00:00,50.4879264831543,65.27131652832031,65.44573974609375,64.15697479248047,64.72868347167969,3517056,OKE_2,2010-03-15 to None
2019-05-10 00:00:00+00:00,51.147525787353516,66.12403106689453,66.1530990600586,65.1065902709961,65.26162719726562,2581858,OKE_2,2010-03-15 to None
2019-05-13 00:00:00+00:00,51.342403411865234,66.37596893310547,66.59883880615234,65.63953399658203,65.8624038696289,3750185,OKE_2,2010-03-15 to None
2019-05-14 00:00:00+00:00,51.72464370727539,66.87015533447266,66.93798065185547,66.29844665527344,66.44379425048828,2271948,OKE_2,2010-03-15 to None
2019-05-15 00:00:00+00:00,51.91952133178711,67.1220932006836,67.33527374267578,66.56977081298828,66.87984466552734,2702911,OKE_2,2010-03-15 to None
2019-05-16 00:00:00+00:00,51.94949722290039,67.16085052490234,67.57752227783203,66.92829132080078,67.10271453857422,2016631,OKE_2,2010-03-15 to None
2019-05-17 00:00:00+00:00,51.91952133178711,67.1220932006836,67.16085052490234,66.55038452148438,66.94767761230469,1475038,OKE_2,2010-03-15 to None
2019-05-20 00:00:00+00:00,51.19997787475586,66.19185638427734,67.3934097290039,65.98837280273438,67.1220932006836,1851408,OKE_2,2010-03-15 to None
2019-05-21 00:00:00+00:00,51.75461959838867,66.9089126586914,67.08333587646484,66.20155334472656,66.32752227783203,1645937,OKE_2,2010-03-15 to None
2019-05-22 00:00:00+00:00,52.25682067871094,67.55814361572266,67.56782531738281,66.68605041503906,67.14147186279297,1766990,OKE_2,2010-03-15 to None
2019-05-23 00:00:00+00:00,52.90138626098633,68.39147186279297,68.41085052490234,67.27713012695312,67.52906799316406,2458327,OKE_2,2010-03-15 to None
2019-05-24 00:00:00+00:00,52.86391067504883,68.34302520751953,68.79844665527344,68.22674560546875,68.38178253173828,1347379,OKE_2,2010-03-15 to None
2019-05-28 00:00:00+00:00,52.27180480957031,67.57752227783203,69.01162719726562,67.57752227783203,68.5755844116211,2237892,OKE_2,2010-03-15 to None
2019-05-29 00:00:00+00:00,51.5672607421875,66.66666412353516,67.61627960205078,66.48255920410156,67.53875732421875,1676381,OKE_2,2010-03-15 to None
2019-05-30 00:00:00+00:00,51.88204574584961,67.07364654541016,67.73255920410156,66.60852813720703,66.86046600341797,1103414,OKE_2,2010-03-15 to None
2019-05-31 00:00:00+00:00,52.698707580566406,67.90697479248047,68.25581359863281,66.79263305664062,66.87984466552734,1727981,OKE_2,2010-03-15 to None
2019-06-03 00:00:00+00:00,53.63116455078125,69.10852813720703,69.22480773925781,68.06201934814453,68.14922332763672,1993411,OKE_2,2010-03-15 to None
2019-06-04 00:00:00+00:00,52.93934631347656,68.21705627441406,68.82752227783203,67.57752227783203,68.81782531738281,2820559,OKE_2,2010-03-15 to None
2019-06-05 00:00:00+00:00,54.503448486328125,70.23255920410156,70.24224853515625,68.53681945800781,68.68217468261719,1704348,OKE_2,2010-03-15 to None
2019-06-06 00:00:00+00:00,54.60121154785156,70.35852813720703,70.56201934814453,69.92247772216797,70.34883880615234,1188554,OKE_2,2010-03-15 to None
2019-06-07 00:00:00+00:00,54.63128662109375,70.39728546142578,71.20155334472656,70.29069519042969,70.72674560546875,1152228,OKE_2,2010-03-15 to None
2019-06-10 00:00:00+00:00,53.96953201293945,69.54457092285156,70.40697479248047,69.15697479248047,70.35852813720703,1430765,OKE_2,2010-03-15 to None
2019-06-11 00:00:00+00:00,54.31545639038086,69.99031066894531,70.16472625732422,69.47674560546875,69.52519226074219,1240361,OKE_2,2010-03-15 to None
2019-06-12 00:00:00+00:00,54.947113037109375,70.80426025390625,70.9399185180664,70.1065902709961,70.281005859375,1396193,OKE_2,2010-03-15 to None
2019-06-13 00:00:00+00:00,54.66888427734375,70.44573974609375,71.02713012695312,70.02906799316406,70.83333587646484,1524780,OKE_2,2010-03-15 to None
2019-06-14 00:00:00+00:00,55.097503662109375,70.99806213378906,71.38565826416016,70.47480773925781,70.47480773925781,1460383,OKE_2,2010-03-15 to None
2019-06-17 00:00:00+00:00,55.10502243041992,71.00775146484375,71.67635345458984,70.73643493652344,71.21124267578125,1439537,OKE_2,2010-03-15 to None
2019-06-18 00:00:00+00:00,54.59366989135742,70.34883880615234,71.60852813720703,69.95155334472656,71.43411254882812,2065135,OKE_2,2010-03-15 to None
2019-06-19 00:00:00+00:00,55.05991744995117,70.94961547851562,71.20155334472656,69.8255844116211,70.08721160888672,2107963,OKE_2,2010-03-15 to None
2019-06-20 00:00:00+00:00,55.112548828125,71.01744079589844,71.47286987304688,70.82364654541016,71.19185638427734,2038922,OKE_2,2010-03-15 to None
2019-06-21 00:00:00+00:00,54.330509185791016,70.00968933105469,70.82364654541016,69.84496307373047,70.79457092285156,5688384,OKE_2,2010-03-15 to None
2019-06-24 00:00:00+00:00,53.97705078125,69.55426025390625,70.5910873413086,69.39922332763672,70.33914947509766,1797022,OKE_2,2010-03-15 to None
2019-06-25 00:00:00+00:00,52.94685745239258,68.22674560546875,69.94185638427734,68.20736694335938,69.66085052490234,1866269,OKE_2,2010-03-15 to None
2019-06-26 00:00:00+00:00,51.51057815551758,66.37596893310547,68.23643493652344,66.18217468261719,68.23643493652344,2277211,OKE_2,2010-03-15 to None
2019-06-27 00:00:00+00:00,52.20238494873047,67.26744079589844,67.33527374267578,66.69573974609375,66.76356506347656,1362034,OKE_2,2010-03-15 to None
2019-06-28 00:00:00+00:00,52.034141540527344,66.8313980102539,67.42247772216797,66.51162719726562,67.1899185180664,3110551,OKE_2,2010-03-15 to None
2019-07-01 00:00:00+00:00,51.3249626159668,65.92053985595703,67.02519226074219,65.60077667236328,66.98643493652344,2208583,OKE_2,2010-03-15 to None
2019-07-02 00:00:00+00:00,52.132225036621094,66.95736694335938,67.20930480957031,66.10465240478516,66.23062133789062,2269265,OKE_2,2010-03-15 to None
2019-07-03 00:00:00+00:00,53.309165954589844,68.468994140625,68.48837280273438,67.17053985595703,67.17053985595703,936643,OKE_2,2010-03-15 to None
2019-07-05 00:00:00+00:00,52.80368423461914,67.81977081298828,68.0813980102539,66.65697479248047,67.80038452148438,977201,OKE_2,2010-03-15 to None
2019-07-08 00:00:00+00:00,52.89421081542969,67.93605041503906,68.25581359863281,67.55814361572266,67.82946014404297,1323024,OKE_2,2010-03-15 to None
2019-07-09 00:00:00+00:00,53.34690475463867,68.51744079589844,68.69185638427734,67.68411254882812,67.93605041503906,2110956,OKE_2,2010-03-15 to None
2019-07-10 00:00:00+00:00,53.74675369262695,69.031005859375,69.14728546142578,68.29457092285156,68.88565826416016,1255531,OKE_2,2010-03-15 to None
2019-07-11 00:00:00+00:00,53.309165954589844,68.468994140625,69.22480773925781,67.99418640136719,69.19573974609375,1457081,OKE_2,2010-03-15 to None
2019-07-12 00:00:00+00:00,53.361968994140625,68.53681945800781,68.75968933105469,68.02325439453125,68.39147186279297,1827982,OKE_2,2010-03-15 to None
2019-07-15 00:00:00+00:00,53.10548400878906,68.20736694335938,69.031005859375,68.05232238769531,68.62403106689453,1093301,OKE_2,2010-03-15 to None
2019-07-16 00:00:00+00:00,52.70560073852539,67.69379425048828,67.95542907714844,67.07364654541016,67.83914947509766,1807961,OKE_2,2010-03-15 to None
2019-07-17 00:00:00+00:00,52.75088119506836,67.75193786621094,68.31394958496094,67.31588745117188,67.96511840820312,1107646,OKE_2,2010-03-15 to None
2019-07-18 00:00:00+00:00,52.88667678833008,67.92635345458984,68.1686019897461,67.1124038696289,67.56782531738281,1085045,OKE_2,2010-03-15 to None
2019-07-19 00:00:00+00:00,51.86063003540039,66.60852813720703,68.05232238769531,66.56977081298828,67.96511840820312,1393716,OKE_2,2010-03-15 to None
2019-07-22 00:00:00+00:00,51.679561614990234,66.37596893310547,66.89922332763672,66.05620574951172,66.68605041503906,1281538,OKE_2,2010-03-15 to None
2019-07-23 00:00:00+00:00,52.50945281982422,67.44185638427734,67.46124267578125,66.21124267578125,66.43411254882812,1141289,OKE_2,2010-03-15 to None
2019-07-24 00:00:00+00:00,52.28310775756836,67.15116119384766,67.65503692626953,66.99612426757812,67.53875732421875,1058316,OKE_2,2010-03-15 to None
2019-07-25 00:00:00+00:00,51.966243743896484,66.74418640136719,67.24806213378906,66.18217468261719,67.16085052490234,1660901,OKE_2,2010-03-15 to None
2019-07-26 00:00:00+00:00,52.464176177978516,67.38372039794922,67.41278839111328,66.61821746826172,66.8410873413086,1227254,OKE_2,2010-03-15 to None
2019-07-29 00:00:00+00:00,52.94703674316406,68.00387573242188,68.25581359863281,67.4030990600586,67.61627960205078,2261525,OKE_2,2010-03-15 to None
2019-07-30 00:00:00+00:00,52.82631301879883,67.84883880615234,68.69185638427734,67.31588745117188,68.00387573242188,1411260,OKE_2,2010-03-15 to None
2019-07-31 00:00:00+00:00,52.38504409790039,67.06394958496094,67.90697479248047,66.85077667236328,67.5969009399414,2832840,OKE_2,2010-03-15 to None
2019-08-01 00:00:00+00:00,52.73322296142578,67.50968933105469,67.79069519042969,66.66666412353516,67.1124038696289,1649652,OKE_2,2010-03-15 to None
2019-08-02 00:00:00+00:00,53.02083969116211,67.8779067993164,68.3624038696289,67.14147186279297,67.44185638427734,1753368,OKE_2,2010-03-15 to None
2019-08-05 00:00:00+00:00,52.195838928222656,66.82170867919922,68.49806213378906,66.1530990600586,67.95542907714844,2103526,OKE_2,2010-03-15 to None
2019-08-06 00:00:00+00:00,52.88460922241211,67.7034912109375,68.0910873413086,66.26937866210938,66.26937866210938,1790314,OKE_2,2010-03-15 to None
2019-08-07 00:00:00+00:00,53.98210144042969,69.10852813720703,69.69961547851562,67.56782531738281,67.65503692626953,2520041,OKE_2,2010-03-15 to None
2019-08-08 00:00:00+00:00,54.48923873901367,69.75775146484375,69.95155334472656,68.32364654541016,69.00193786621094,1840675,OKE_2,2010-03-15 to None
2019-08-09 00:00:00+00:00,55.01149368286133,70.42635345458984,70.49418640136719,69.4089126586914,69.6899185180664,1413014,OKE_2,2010-03-15 to None
2019-08-12 00:00:00+00:00,55.056922912597656,70.4844970703125,70.85271453857422,69.98062133789062,70.36821746826172,1484945,OKE_2,2010-03-15 to None
2019-08-13 00:00:00+00:00,54.70870590209961,70.03875732421875,70.77519226074219,69.56394958496094,70.55232238769531,1185252,OKE_2,2010-03-15 to None
2019-08-14 00:00:00+00:00,54.32271194458008,69.54457092285156,70.21318054199219,69.30232238769531,70.07752227783203,1429836,OKE_2,2010-03-15 to None
2019-08-15 00:00:00+00:00,54.65574645996094,69.97093200683594,70.31977081298828,69.39922332763672,69.6124038696289,1088347,OKE_2,2010-03-15 to None
2019-08-16 00:00:00+00:00,55.109867095947266,70.55232238769531,70.77519226074219,69.39922332763672,70.15503692626953,1346657,OKE_2,2010-03-15 to None
2019-08-19 00:00:00+00:00,55.54890441894531,71.11434173583984,71.21124267578125,70.1744155883789,70.56201934814453,876787,OKE_2,2010-03-15 to None
2019-08-20 00:00:00+00:00,54.890377044677734,70.27131652832031,71.44379425048828,70.23255920410156,71.33721160888672,956251,OKE_2,2010-03-15 to None
2019-08-21 00:00:00+00:00,54.98877716064453,70.39728546142578,70.5813980102539,69.86434173583984,70.50387573242188,764918,OKE_2,2010-03-15 to None
2019-08-22 00:00:00+00:00,55.30668258666992,70.80426025390625,70.99806213378906,70.11627960205078,70.25193786621094,910843,OKE_2,2010-03-15 to None
2019-08-23 00:00:00+00:00,54.875244140625,70.25193786621094,71.54069519042969,70.02906799316406,70.74612426757812,1300526,OKE_2,2010-03-15 to None
2019-08-26 00:00:00+00:00,55.389949798583984,70.91085052490234,71.01744079589844,70.23255920410156,70.6589126586914,1218482,OKE_2,2010-03-15 to None
2019-08-27 00:00:00+00:00,55.352115631103516,70.8624038696289,71.87015533447266,70.8624038696289,71.26937866210938,2385778,OKE_2,2010-03-15 to None
2019-08-28 00:00:00+00:00,55.54890441894531,71.11434173583984,71.28875732421875,70.7655029296875,70.968994140625,1169462,OKE_2,2010-03-15 to None
2019-08-29 00:00:00+00:00,55.95762252807617,71.6375961303711,71.71511840820312,70.97868347167969,71.3469009399414,972041,OKE_2,2010-03-15 to None
2019-08-30 00:00:00+00:00,56.038848876953125,71.52131652832031,71.74418640136719,71.22093200683594,71.57946014404297,863990,OKE_2,2010-03-15 to None
2019-09-03 00:00:00+00:00,57.291587829589844,73.12015533447266,73.14922332763672,71.43411254882812,71.46318054199219,1727774,OKE_2,2010-03-15 to None
2019-09-04 00:00:00+00:00,58.073604583740234,74.11821746826172,74.35077667236328,73.34302520751953,73.49806213378906,2128190,OKE_2,2010-03-15 to None
2019-09-05 00:00:00+00:00,56.94233322143555,72.6744155883789,73.59496307373047,72.55814361572266,73.45930480957031,2346149,OKE_2,2010-03-15 to None
2019-09-06 00:00:00+00:00,57.663597106933594,73.59496307373047,73.77906799316406,72.75193786621094,72.82946014404297,1730767,OKE_2,2010-03-15 to None
2019-09-09 00:00:00+00:00,57.13212203979492,72.91666412353516,73.5465087890625,72.76162719726562,73.3720932006836,1438918,OKE_2,2010-03-15 to None
2019-09-10 00:00:00+00:00,55.955360412597656,71.41472625732422,72.71318054199219,70.84302520751953,72.45155334472656,2119831,OKE_2,2010-03-15 to None
2019-09-11 00:00:00+00:00,55.89462661743164,71.33721160888672,71.85077667236328,70.68798065185547,71.17247772216797,2236447,OKE_2,2010-03-15 to None
2019-09-12 00:00:00+00:00,56.55513381958008,72.18022918701172,72.5969009399414,71.60852813720703,72.05426025390625,1639538,OKE_2,2010-03-15 to None
2019-09-13 00:00:00+00:00,55.14297103881836,70.3779067993164,72.43217468261719,70.14534759521484,71.68605041503906,1976280,OKE_2,2010-03-15 to None
2019-09-16 00:00:00+00:00,56.160335540771484,71.67635345458984,71.70542907714844,70.4844970703125,70.4844970703125,1379165,OKE_2,2010-03-15 to None
2019-09-17 00:00:00+00:00,57.52696228027344,73.42053985595703,73.4399185180664,72.07364654541016,72.09302520751953,1871635,OKE_2,2010-03-15 to None
2019-09-18 00:00:00+00:00,57.223270416259766,73.03294372558594,73.80814361572266,72.46124267578125,73.71124267578125,1350785,OKE_2,2010-03-15 to None
2019-09-19 00:00:00+00:00,57.41305923461914,73.27519226074219,73.66278839111328,73.11046600341797,73.25581359863281,1342013,OKE_2,2010-03-15 to None
2019-09-20 00:00:00+00:00,57.61804962158203,73.53681945800781,73.87596893310547,73.07170867919922,73.49806213378906,3509832,OKE_2,2010-03-15 to None
2019-09-23 00:00:00+00:00,57.73192596435547,73.68217468261719,74.14728546142578,73.5465087890625,73.5465087890625,1333860,OKE_2,2010-03-15 to None
2019-09-24 00:00:00+00:00,57.77748489379883,73.74031066894531,74.10852813720703,73.03294372558594,73.81782531738281,2395066,OKE_2,2010-03-15 to None
2019-09-25 00:00:00+00:00,57.8002815246582,73.76937866210938,74.31201934814453,73.3720932006836,73.75968933105469,1700014,OKE_2,2010-03-15 to None
2019-09-26 00:00:00+00:00,58.67338943481445,74.88372039794922,75.06782531738281,73.88565826416016,74.031005859375,1246759,OKE_2,2010-03-15 to None
2019-09-27 00:00:00+00:00,58.559478759765625,74.73837280273438,75.1065902709961,74.1279067993164,74.9030990600586,1190412,OKE_2,2010-03-15 to None
2019-09-30 00:00:00+00:00,58.389686584472656,74.30232238769531,74.77713012695312,74.09883880615234,74.37984466552734,1496916,OKE_2,2010-03-15 to None
2019-10-01 00:00:00+00:00,58.51152801513672,74.45736694335938,74.65116119384766,73.34302520751953,74.25387573242188,1258730,OKE_2,2010-03-15 to None
2019-10-02 00:00:00+00:00,58.42778015136719,74.35077667236328,74.75775146484375,73.83721160888672,74.37984466552734,1131382,OKE_2,2010-03-15 to None
2019-10-03 00:00:00+00:00,59.250152587890625,75.39728546142578,75.5910873413086,74.20542907714844,74.30232238769531,1990934,OKE_2,2010-03-15 to None
2019-10-04 00:00:00+00:00,59.7070426940918,75.97868347167969,76.02713012695312,75.26162719726562,75.42635345458984,1497019,OKE_2,2010-03-15 to None
2019-10-07 00:00:00+00:00,59.257774353027344,75.40697479248047,75.88178253173828,75.281005859375,75.56201934814453,1240258,OKE_2,2010-03-15 to None
2019-10-08 00:00:00+00:00,59.33391571044922,75.50387573242188,75.99806213378906,75.0,75.70736694335938,1172558,OKE_2,2010-03-15 to None
2019-10-09 00:00:00+00:00,59.615665435791016,75.8624038696289,76.26937866210938,75.51356506347656,75.92053985595703,1091030,OKE_2,2010-03-15 to None
2019-10-10 00:00:00+00:00,59.95071792602539,76.28875732421875,76.52131652832031,75.64922332763672,76.1530990600586,1690313,OKE_2,2010-03-15 to None
2019-10-11 00:00:00+00:00,59.311100006103516,75.47480773925781,76.1434097290039,75.42635345458984,76.09496307373047,1330145,OKE_2,2010-03-15 to None
2019-10-14 00:00:00+00:00,59.371986389160156,75.55232238769531,75.6589126586914,75.19379425048828,75.5813980102539,1354913,OKE_2,2010-03-15 to None
2019-10-15 00:00:00+00:00,59.455753326416016,75.6589126586914,75.72674560546875,74.87403106689453,75.62984466552734,1204550,OKE_2,2010-03-15 to None
2019-10-16 00:00:00+00:00,59.851707458496094,76.16278839111328,76.19185638427734,75.0969009399414,75.5813980102539,1094539,OKE_2,2010-03-15 to None
2019-10-17 00:00:00+00:00,59.84412384033203,76.1530990600586,76.59883880615234,76.08527374267578,76.08527374267578,1261517,OKE_2,2010-03-15 to None
2019-10-18 00:00:00+00:00,60.514225006103516,77.00581359863281,77.10271453857422,76.01744079589844,76.17247772216797,1260691,OKE_2,2010-03-15 to None
2019-10-21 00:00:00+00:00,60.87970733642578,77.47093200683594,77.49031066894531,76.72480773925781,76.88953399658203,1014869,OKE_2,2010-03-15 to None
2019-10-22 00:00:00+00:00,60.70456314086914,77.24806213378906,77.97480773925781,76.9186019897461,77.51937866210938,1069978,OKE_2,2010-03-15 to None
2019-10-23 00:00:00+00:00,61.146217346191406,77.8100814819336,77.84883880615234,77.10271453857422,77.51937866210938,1063889,OKE_2,2010-03-15 to None
2019-10-24 00:00:00+00:00,61.56503677368164,78.34302520751953,78.39147186279297,77.43217468261719,77.8100814819336,2429018,OKE_2,2010-03-15 to None
2019-10-25 00:00:00+00:00,61.5879020690918,78.3720932006836,78.62403106689453,77.8100814819336,78.34302520751953,1887631,OKE_2,2010-03-15 to None
2019-10-28 00:00:00+00:00,61.5879020690918,78.3720932006836,78.4399185180664,77.7034912109375,78.07170867919922,2379482,OKE_2,2010-03-15 to None
2019-10-29 00:00:00+00:00,61.56503677368164,78.34302520751953,79.17635345458984,78.19767761230469,78.44961547851562,1556359,OKE_2,2010-03-15 to None
2019-10-30 00:00:00+00:00,62.39505386352539,79.39922332763672,79.42829132080078,78.42053985595703,78.63372039794922,1220650,OKE_2,2010-03-15 to None
2019-10-31 00:00:00+00:00,62.4538459777832,79.25387573242188,79.6220932006836,78.71124267578125,79.29263305664062,3267415,OKE_2,2010-03-15 to None
2019-11-01 00:00:00+00:00,61.911712646484375,78.56588745117188,79.4186019897461,77.71318054199219,79.16666412353516,2162866,OKE_2,2010-03-15 to None
2019-11-04 00:00:00+00:00,61.20917892456055,77.6744155883789,78.53681945800781,76.89922332763672,78.38178253173828,3213648,OKE_2,2010-03-15 to None
2019-11-05 00:00:00+00:00,59.735469818115234,75.80426025390625,77.07364654541016,74.80620574951172,77.03488159179688,3407458,OKE_2,2010-03-15 to None
2019-11-06 00:00:00+00:00,60.17070007324219,76.3565902709961,76.72480773925781,75.77519226074219,76.0465087890625,1929221,OKE_2,2010-03-15 to None
2019-11-07 00:00:00+00:00,59.23148727416992,75.16472625732422,76.20155334472656,74.47674560546875,76.0755844116211,2484127,OKE_2,2010-03-15 to None
2019-11-08 00:00:00+00:00,58.27703857421875,73.9534912109375,75.18411254882812,73.8469009399414,75.08721160888672,2018592,OKE_2,2010-03-15 to None
2019-11-11 00:00:00+00:00,58.46028518676758,74.18605041503906,74.54457092285156,74.031005859375,74.07946014404297,1778033,OKE_2,2010-03-15 to None
2019-11-12 00:00:00+00:00,57.8493766784668,73.41085052490234,74.68022918701172,73.28488159179688,74.29263305664062,2136859,OKE_2,2010-03-15 to None
2019-11-13 00:00:00+00:00,58.65880584716797,74.43798065185547,74.87403106689453,73.41085052490234,73.55620574951172,2355540,OKE_2,2010-03-15 to None
2019-11-14 00:00:00+00:00,58.979496002197266,74.84496307373047,75.12596893310547,74.52519226074219,74.77713012695312,1415801,OKE_2,2010-03-15 to None
2019-11-15 00:00:00+00:00,59.147518157958984,75.05814361572266,75.14534759521484,74.69961547851562,74.94185638427734,1894855,OKE_2,2010-03-15 to None
2019-11-18 00:00:00+00:00,59.7660026550293,75.84302520751953,76.69573974609375,75.07752227783203,75.08721160888672,1809096,OKE_2,2010-03-15 to None
2019-11-19 00:00:00+00:00,59.39950180053711,75.3779067993164,75.97868347167969,75.281005859375,75.70736694335938,1704864,OKE_2,2010-03-15 to None
2019-11-20 00:00:00+00:00,59.552188873291016,75.57170867919922,75.9399185180664,74.8934097290039,75.3779067993164,1330558,OKE_2,2010-03-15 to None
2019-11-21 00:00:00+00:00,58.41446304321289,74.1279067993164,75.30038452148438,74.08914947509766,75.24224853515625,1798879,OKE_2,2010-03-15 to None
2019-11-22 00:00:00+00:00,58.20063781738281,73.8565902709961,74.50581359863281,73.35271453857422,74.20542907714844,1307750,OKE_2,2010-03-15 to None
2019-11-25 00:00:00+00:00,58.26176452636719,73.93411254882812,74.64147186279297,73.89534759521484,74.06977081298828,1562345,OKE_2,2010-03-15 to None
2019-11-26 00:00:00+00:00,58.5900764465332,74.35077667236328,74.6124038696289,73.96318054199219,74.17635345458984,2999714,OKE_2,2010-03-15 to None
2019-11-27 00:00:00+00:00,59.3231201171875,75.281005859375,75.281005859375,74.031005859375,74.37015533447266,2619422,OKE_2,2010-03-15 to None
2019-11-29 00:00:00+00:00,58.6851921081543,74.25387573242188,75.46511840820312,74.22480773925781,75.05814361572266,1338298,OKE_2,2010-03-15 to None
2019-12-02 00:00:00+00:00,57.8121337890625,73.14922332763672,74.21511840820312,72.93605041503906,74.031005859375,1929118,OKE_2,2010-03-15 to None
2019-12-03 00:00:00+00:00,57.743228912353516,73.06201934814453,73.76937866210938,72.77131652832031,73.3624038696289,2254920,OKE_2,2010-03-15 to None
2019-12-04 00:00:00+00:00,58.15678024291992,73.58527374267578,73.80814361572266,72.69379425048828,72.73255920410156,1676587,OKE_2,2010-03-15 to None
2019-12-05 00:00:00+00:00,57.95766067504883,73.33333587646484,73.44961547851562,72.8875961303711,73.25581359863281,1430042,OKE_2,2010-03-15 to None
2019-12-06 00:00:00+00:00,58.15678024291992,73.58527374267578,73.97286987304688,73.28488159179688,73.28488159179688,1387834,OKE_2,2010-03-15 to None
2019-12-09 00:00:00+00:00,58.01127243041992,73.40116119384766,73.79844665527344,73.23643493652344,73.79844665527344,1145830,OKE_2,2010-03-15 to None
2019-12-10 00:00:00+00:00,57.90403366088867,73.2655029296875,73.72093200683594,72.6065902709961,73.41085052490234,1254086,OKE_2,2010-03-15 to None
2019-12-11 00:00:00+00:00,57.115257263183594,72.26744079589844,73.59496307373047,71.95736694335938,73.53681945800781,1726846,OKE_2,2010-03-15 to None
2019-12-12 00:00:00+00:00,56.01245880126953,70.8720932006836,72.781005859375,70.69767761230469,72.5969009399414,3975780,OKE_2,2010-03-15 to None
2019-12-13 00:00:00+00:00,55.52232360839844,70.25193786621094,71.60852813720703,69.8934097290039,71.09496307373047,4520779,OKE_2,2010-03-15 to None
2019-12-16 00:00:00+00:00,55.93589782714844,70.77519226074219,70.93022918701172,69.68022918701172,70.55232238769531,3371234,OKE_2,2010-03-15 to None
2019-12-17 00:00:00+00:00,54.93266677856445,69.50581359863281,71.23062133789062,69.22480773925781,70.98837280273438,2597854,OKE_2,2010-03-15 to None
2019-12-18 00:00:00+00:00,55.19302749633789,69.83527374267578,70.3100814819336,69.4089126586914,69.46705627441406,1899499,OKE_2,2010-03-15 to None
2019-12-19 00:00:00+00:00,55.407466888427734,70.1065902709961,70.52325439453125,69.8255844116211,69.85465240478516,1748002,OKE_2,2010-03-15 to None
2019-12-20 00:00:00+00:00,55.52232360839844,70.25193786621094,70.6686019897461,69.87403106689453,70.3100814819336,4805921,OKE_2,2010-03-15 to None
2019-12-23 00:00:00+00:00,55.101131439208984,69.718994140625,70.67829132080078,69.6124038696289,70.42635345458984,1227874,OKE_2,2010-03-15 to None
2019-12-24 00:00:00+00:00,55.415122985839844,70.11627960205078,70.33914947509766,69.57364654541016,69.80620574951172,641594,OKE_2,2010-03-15 to None
2019-12-26 00:00:00+00:00,55.782711029052734,70.5813980102539,70.5910873413086,70.12596893310547,70.22286987304688,1081020,OKE_2,2010-03-15 to None
2019-12-27 00:00:00+00:00,56.09671401977539,70.97868347167969,71.11434173583984,70.31977081298828,70.73643493652344,1120649,OKE_2,2010-03-15 to None
2019-12-30 00:00:00+00:00,56.09671401977539,70.97868347167969,71.26937866210938,70.70736694335938,70.71705627441406,1548929,OKE_2,2010-03-15 to None
2019-12-31 00:00:00+00:00,56.56377029418945,71.3469009399414,71.36627960205078,70.61046600341797,70.70736694335938,1433551,OKE_2,2010-03-15 to None
2020-01-02 00:00:00+00:00,55.680320739746094,70.23255920410156,71.70542907714844,69.69961547851562,71.5600814819336,2061523,OKE_2,2010-03-15 to None
2020-01-03 00:00:00+00:00,56.68670654296875,71.50193786621094,71.60852813720703,69.87403106689453,69.95155334472656,1826227,OKE_2,2010-03-15 to None
2020-01-06 00:00:00+00:00,56.9709358215332,71.86046600341797,72.15116119384766,71.0465087890625,71.36627960205078,1324056,OKE_2,2010-03-15 to None
2020-01-07 00:00:00+00:00,56.98629379272461,71.87984466552734,72.38372039794922,71.06588745117188,72.38372039794922,1610436,OKE_2,2010-03-15 to None
2020-01-08 00:00:00+00:00,57.247493743896484,72.20930480957031,72.3255844116211,71.6279067993164,71.97674560546875,1912812,OKE_2,2010-03-15 to None
2020-01-09 00:00:00+00:00,56.27186965942383,70.97868347167969,72.22868347167969,70.91085052490234,72.1124038696289,2061936,OKE_2,2010-03-15 to None
2020-01-10 00:00:00+00:00,56.64829635620117,71.4534912109375,71.68605041503906,70.89147186279297,71.00775146484375,2507141,OKE_2,2010-03-15 to None
2020-01-13 00:00:00+00:00,57.585533142089844,72.63565826416016,72.7034912109375,71.52131652832031,71.61821746826172,1664410,OKE_2,2010-03-15 to None
2020-01-14 00:00:00+00:00,57.585533142089844,72.63565826416016,72.66472625732422,71.89922332763672,72.43217468261719,1566576,OKE_2,2010-03-15 to None
2020-01-15 00:00:00+00:00,58.36907958984375,73.62403106689453,73.97286987304688,73.20736694335938,73.32364654541016,2023236,OKE_2,2010-03-15 to None
2020-01-16 00:00:00+00:00,58.49970245361328,73.78875732421875,74.15697479248047,73.3720932006836,73.6434097290039,1510126,OKE_2,2010-03-15 to None
2020-01-17 00:00:00+00:00,58.6533203125,73.98255920410156,74.37015533447266,73.5465087890625,73.78875732421875,1820448,OKE_2,2010-03-15 to None
2020-01-21 00:00:00+00:00,59.705772399902344,75.3100814819336,75.54263305664062,73.98255920410156,73.99224853515625,1898261,OKE_2,2010-03-15 to None
2020-01-22 00:00:00+00:00,59.06819152832031,74.50581359863281,75.74612426757812,74.21511840820312,75.47480773925781,1269154,OKE_2,2010-03-15 to None
2020-01-23 00:00:00+00:00,59.33700942993164,74.84496307373047,75.18411254882812,74.29263305664062,74.70930480957031,1147584,OKE_2,2010-03-15 to None
2020-01-24 00:00:00+00:00,59.25255584716797,74.73837280273438,75.41666412353516,74.56394958496094,74.87403106689453,1033961,OKE_2,2010-03-15 to None
2020-01-27 00:00:00+00:00,59.4599723815918,75.0,75.49418640136719,74.37015533447266,74.5155029296875,1850170,OKE_2,2010-03-15 to None
2020-01-28 00:00:00+00:00,60.02076721191406,75.70736694335938,76.21124267578125,75.44573974609375,75.52325439453125,3353587,OKE_2,2010-03-15 to None
2020-01-29 00:00:00+00:00,60.02842712402344,75.71705627441406,76.22093200683594,75.51356506347656,75.77519226074219,2594035,OKE_2,2010-03-15 to None
2020-01-30 00:00:00+00:00,60.673744201660156,76.531005859375,76.5600814819336,75.35852813720703,75.61046600341797,2756575,OKE_2,2010-03-15 to None
2020-01-31 00:00:00+00:00,60.41407775878906,75.97868347167969,76.69573974609375,75.32946014404297,76.41472625732422,6917909,OKE_2,2010-03-15 to None
2020-02-03 00:00:00+00:00,60.25227355957031,75.77519226074219,76.52131652832031,75.62015533447266,76.01744079589844,2146663,OKE_2,2010-03-15 to None
2020-02-04 00:00:00+00:00,60.3447265625,75.89147186279297,76.49224853515625,75.5813980102539,75.6589126586914,1291754,OKE_2,2010-03-15 to None
2020-02-05 00:00:00+00:00,60.483428955078125,76.06588745117188,76.30814361572266,75.0,75.46511840820312,1843874,OKE_2,2010-03-15 to None
2020-02-06 00:00:00+00:00,60.9842414855957,76.69573974609375,76.92829132080078,76.16278839111328,76.18217468261719,1047686,OKE_2,2010-03-15 to None
2020-02-07 00:00:00+00:00,61.26161193847656,77.04457092285156,77.3255844116211,76.7344970703125,76.97674560546875,1204034,OKE_2,2010-03-15 to None
2020-02-10 00:00:00+00:00,61.700809478759766,77.5969009399414,77.66472625732422,77.17053985595703,77.51937866210938,1404655,OKE_2,2010-03-15 to None
2020-02-11 00:00:00+00:00,60.62212371826172,76.24031066894531,77.85852813720703,76.06588745117188,77.52906799316406,1728600,OKE_2,2010-03-15 to None
2020-02-12 00:00:00+00:00,60.32160568237305,75.8624038696289,76.43411254882812,75.5813980102539,75.97868347167969,2005073,OKE_2,2010-03-15 to None
2020-02-13 00:00:00+00:00,60.706886291503906,76.3469009399414,76.82170867919922,75.99806213378906,75.99806213378906,1382674,OKE_2,2010-03-15 to None
2020-02-14 00:00:00+00:00,61.83177185058594,77.76162719726562,77.76162719726562,76.36627960205078,76.44379425048828,1694131,OKE_2,2010-03-15 to None
2020-02-18 00:00:00+00:00,61.94733810424805,77.90697479248047,78.05232238769531,77.30620574951172,78.00387573242188,1351094,OKE_2,2010-03-15 to None
2020-02-19 00:00:00+00:00,61.384910583496094,77.19961547851562,77.8779067993164,76.94767761230469,77.85852813720703,1294438,OKE_2,2010-03-15 to None
2020-02-20 00:00:00+00:00,63.11079788208008,79.37015533447266,82.28681945800781,77.8875961303711,81.67635345458984,3349769,OKE_2,2010-03-15 to None
2020-02-21 00:00:00+00:00,63.519126892089844,79.88372039794922,79.94185638427734,79.00193786621094,79.29263305664062,2293620,OKE_2,2010-03-15 to None
2020-02-24 00:00:00+00:00,63.31113052368164,79.6220932006836,80.81394958496094,79.45736694335938,79.57364654541016,2956783,OKE_2,2010-03-15 to None
2020-02-25 00:00:00+00:00,62.3480110168457,78.41085052490234,79.72868347167969,77.97480773925781,79.718994140625,4024387,OKE_2,2010-03-15 to None
2020-02-26 00:00:00+00:00,61.454261779785156,77.28681945800781,79.20542907714844,76.97674560546875,78.50775146484375,5457938,OKE_2,2010-03-15 to None
2020-02-27 00:00:00+00:00,56.160972595214844,70.62984466552734,73.43022918701172,70.62984466552734,71.99612426757812,12251491,OKE_2,2010-03-15 to None
2020-02-28 00:00:00+00:00,55.95460510253906,70.14534759521484,70.33914947509766,67.22868347167969,69.24418640136719,7241131,OKE_2,2010-03-15 to None
2020-03-02 00:00:00+00:00,57.964290618896484,72.66472625732422,72.73255920410156,69.43798065185547,70.72674560546875,4655971,OKE_2,2010-03-15 to None
2020-03-03 00:00:00+00:00,57.66284942626953,72.28681945800781,74.19573974609375,71.66666412353516,72.77131652832031,3625416,OKE_2,2010-03-15 to None
2020-03-04 00:00:00+00:00,60.40685272216797,75.72674560546875,75.90116119384766,73.42053985595703,73.70155334472656,3725933,OKE_2,2010-03-15 to None
2020-03-05 00:00:00+00:00,60.004905700683594,75.22286987304688,75.5813980102539,74.07946014404297,74.66085052490234,2358946,OKE_2,2010-03-15 to None
2020-03-06 00:00:00+00:00,59.24740982055664,74.27325439453125,74.5155029296875,71.89922332763672,73.6530990600586,2948734,OKE_2,2010-03-15 to None
2020-03-09 00:00:00+00:00,56.673458099365234,71.0465087890625,72.62596893310547,68.79844665527344,69.09883880615234,3998278,OKE_2,2010-03-15 to None
2020-03-10 00:00:00+00:00,59.20100784301758,74.21511840820312,74.30232238769531,70.44573974609375,72.47093200683594,3844303,OKE_2,2010-03-15 to None
2020-03-11 00:00:00+00:00,56.858970642089844,71.27906799316406,72.9844970703125,70.01937866210938,72.77131652832031,3778668,OKE_2,2010-03-15 to None
2020-03-12 00:00:00+00:00,52.360347747802734,65.63953399658203,71.33721160888672,64.01162719726562,66.40503692626953,5076924,OKE_2,2010-03-15 to None
2020-03-13 00:00:00+00:00,55.591304779052734,69.6899185180664,69.87403106689453,65.64922332763672,67.66472625732422,5375172,OKE_2,2010-03-15 to None
2020-03-16 00:00:00+00:00,41.73213577270508,52.31589126586914,64.43798065185547,52.26744079589844,61.82170486450195,6357533,OKE_2,2010-03-15 to None
2020-03-17 00:00:00+00:00,42.60557174682617,53.41085433959961,54.38953399658203,50.19379806518555,54.26356506347656,6247625,OKE_2,2010-03-15 to None
2020-03-18 00:00:00+00:00,32.850799560546875,41.18217086791992,50.85271453857422,38.75968933105469,50.36821746826172,6615946,OKE_2,2010-03-15 to None
2020-03-19 00:00:00+00:00,37.163936614990234,46.58914566040039,47.6550407409668,36.82170486450195,41.42441940307617,5823679,OKE_2,2010-03-15 to None
2020-03-20 00:00:00+00:00,36.65378189086914,45.94961166381836,50.930233001708984,45.4360466003418,48.51744079589844,5075582,OKE_2,2010-03-15 to None
2020-03-23 00:00:00+00:00,33.5001106262207,41.996124267578125,45.09689712524414,39.137596130371094,45.09689712524414,5516453,OKE_2,2010-03-15 to None
2020-03-24 00:00:00+00:00,39.16588592529297,49.098838806152344,49.27325439453125,43.788761138916016,44.593021392822266,4729450,OKE_2,2010-03-15 to None
2020-03-25 00:00:00+00:00,42.126346588134766,52.81007766723633,57.6550407409668,48.769378662109375,50.377906799316406,5572697,OKE_2,2010-03-15 to None
2020-03-26 00:00:00+00:00,45.10996627807617,56.55038833618164,56.812015533447266,52.5484504699707,54.82558059692383,4619026,OKE_2,2010-03-15 to None
2020-03-27 00:00:00+00:00,43.981449127197266,55.135658264160156,58.2655029296875,53.43992233276367,53.99224853515625,8143822,OKE_2,2010-03-15 to None
2020-03-30 00:00:00+00:00,41.0673828125,51.48255920410156,55.83333206176758,49.66085433959961,55.261627197265625,6258254,OKE_2,2010-03-15 to None
2020-03-31 00:00:00+00:00,38.709556579589844,48.3139533996582,51.15310287475586,47.354652404785156,50.804264068603516,6358152,OKE_2,2010-03-15 to None
2020-04-01 00:00:00+00:00,36.077693939208984,45.02907180786133,46.24031066894531,43.63372039794922,45.65891647338867,4732855,OKE_2,2010-03-15 to None
2020-04-02 00:00:00+00:00,35.41777038574219,44.20542526245117,45.64922332763672,43.003875732421875,43.84689712524414,4341830,OKE_2,2010-03-15 to None
2020-04-03 00:00:00+00:00,33.84952163696289,42.24806213378906,44.9515495300293,42.0639533996582,43.92441940307617,3923458,OKE_2,2010-03-15 to None
2020-04-06 00:00:00+00:00,36.34164810180664,45.35852813720703,47.19961166381836,44.57364273071289,45.562015533447266,4676198,OKE_2,2010-03-15 to None
2020-04-07 00:00:00+00:00,38.298091888427734,47.80038833618164,50.46511459350586,47.77131652832031,48.17829513549805,5620478,OKE_2,2010-03-15 to None
2020-04-08 00:00:00+00:00,41.24827575683594,51.48255920410156,52.19961166381836,47.906978607177734,48.87596893310547,4329137,OKE_2,2010-03-15 to None
2020-04-09 00:00:00+00:00,44.00436782836914,54.922481536865234,58.84689712524414,53.81782913208008,54.137596130371094,5133581,OKE_2,2010-03-15 to None
2020-04-13 00:00:00+00:00,41.56660079956055,51.879844665527344,54.93217086791992,51.16279220581055,54.8449592590332,4507776,OKE_2,2010-03-15 to None
2020-04-14 00:00:00+00:00,43.71711730957031,54.5639533996582,54.651161193847656,52.364341735839844,53.187984466552734,2928403,OKE_2,2010-03-15 to None
2020-04-15 00:00:00+00:00,39.98280334472656,49.90310287475586,52.91666793823242,49.29263687133789,51.937984466552734,3651835,OKE_2,2010-03-15 to None
2020-04-16 00:00:00+00:00,38.67074966430664,48.2655029296875,50.687984466552734,48.09108352661133,50.387596130371094,3052553,OKE_2,2010-03-15 to None
2020-04-17 00:00:00+00:00,40.65823745727539,50.746124267578125,51.79263687133789,49.24418640136719,50.64922332763672,3976502,OKE_2,2010-03-15 to None
2020-04-20 00:00:00+00:00,39.49368667602539,49.29263687133789,50.41666793823242,48.81782913208008,49.38953399658203,2382475,OKE_2,2010-03-15 to None
2020-04-21 00:00:00+00:00,38.70180130004883,48.304264068603516,48.972869873046875,47.16085433959961,47.40310287475586,2469886,OKE_2,2010-03-15 to None
2020-04-22 00:00:00+00:00,38.95800018310547,48.62403106689453,49.70930099487305,48.14922332763672,49.47674560546875,2075146,OKE_2,2010-03-15 to None
2020-04-23 00:00:00+00:00,38.290321350097656,47.79069900512695,49.33139419555664,47.59689712524414,48.93410873413086,2113330,OKE_2,2010-03-15 to None
2020-04-24 00:00:00+00:00,38.75615310668945,48.372093200683594,48.885658264160156,47.577518463134766,48.062015533447266,2586192,OKE_2,2010-03-15 to None
2020-04-27 00:00:00+00:00,39.835289001464844,49.718990325927734,50.4360466003418,48.4205436706543,48.7015495300293,2601982,OKE_2,2010-03-15 to None
2020-04-28 00:00:00+00:00,41.29484939575195,51.54069900512695,52.81007766723633,51.085269927978516,51.98643493652344,2785058,OKE_2,2010-03-15 to None
2020-04-29 00:00:00+00:00,42.909690856933594,53.55620193481445,54.88372039794922,53.09108352661133,53.17829513549805,3696830,OKE_2,2010-03-15 to None
2020-04-30 00:00:00+00:00,42.8184700012207,53.2170524597168,53.643409729003906,51.55038833618164,52.335269927978516,4705610,OKE_2,2010-03-15 to None
2020-05-01 00:00:00+00:00,40.378177642822266,50.18410873413086,51.395347595214844,49.80620193481445,51.211238861083984,2920870,OKE_2,2010-03-15 to None
2020-05-04 00:00:00+00:00,39.45818328857422,49.04069900512695,49.922481536865234,48.53682327270508,49.437984466552734,3383515,OKE_2,2010-03-15 to None
2020-05-05 00:00:00+00:00,40.58086395263672,50.4360466003418,52.238372802734375,50.377906799316406,50.49418640136719,3513650,OKE_2,2010-03-15 to None
2020-05-06 00:00:00+00:00,40.91612243652344,50.85271453857422,51.7344970703125,50.33914566040039,50.60077667236328,3101573,OKE_2,2010-03-15 to None
2020-05-07 00:00:00+00:00,42.42086410522461,52.722869873046875,52.781009674072266,51.13372039794922,51.64728546142578,2977836,OKE_2,2010-03-15 to None
2020-05-08 00:00:00+00:00,42.771705627441406,53.15891647338867,54.35077667236328,52.41279220581055,53.5949592590332,2546150,OKE_2,2010-03-15 to None
2020-05-11 00:00:00+00:00,42.116790771484375,52.3449592590332,53.246124267578125,51.30813980102539,52.31589126586914,2471124,OKE_2,2010-03-15 to None
2020-05-12 00:00:00+00:00,40.28461456298828,50.06782913208008,53.0329475402832,49.69961166381836,52.781009674072266,3480110,OKE_2,2010-03-15 to None
2020-05-13 00:00:00+00:00,39.154109954833984,48.66279220581055,50.06782913208008,48.3139533996582,49.75775146484375,3134081,OKE_2,2010-03-15 to None
2020-05-14 00:00:00+00:00,39.27886199951172,48.81782913208008,48.895347595214844,46.2015495300293,47.819766998291016,3323556,OKE_2,2010-03-15 to None
2020-05-15 00:00:00+00:00,38.97480773925781,48.43992233276367,48.604652404785156,47.04457473754883,48.49806213378906,4991681,OKE_2,2010-03-15 to None
2020-05-18 00:00:00+00:00,41.37612533569336,51.42441940307617,52.054264068603516,50.66860580444336,50.79457473754883,3526344,OKE_2,2010-03-15 to None
2020-05-19 00:00:00+00:00,41.00189971923828,50.95930099487305,52.04457473754883,50.36821746826172,51.327518463134766,2423652,OKE_2,2010-03-15 to None
2020-05-20 00:00:00+00:00,40.105289459228516,49.8449592590332,51.395347595214844,49.24418640136719,51.356590270996094,3298582,OKE_2,2010-03-15 to None
2020-05-21 00:00:00+00:00,40.34697341918945,50.145347595214844,50.69767379760742,49.379844665527344,49.66085433959961,2457295,OKE_2,2010-03-15 to None
2020-05-22 00:00:00+00:00,40.65884017944336,50.5329475402832,50.70736312866211,49.864341735839844,50.21317672729492,1893720,OKE_2,2010-03-15 to None
2020-05-26 00:00:00+00:00,43.26287841796875,53.769378662109375,54.00193786621094,52.480621337890625,53.13953399658203,2943470,OKE_2,2010-03-15 to None
2020-05-27 00:00:00+00:00,43.184913635253906,53.672481536865234,55.70736312866211,52.5484504699707,55.25193786621094,4293946,OKE_2,2010-03-15 to None
2020-05-28 00:00:00+00:00,43.426612854003906,53.972869873046875,54.379844665527344,52.80038833618164,54.32170486450195,4764228,OKE_2,2010-03-15 to None
2020-05-29 00:00:00+00:00,43.30368423461914,53.5949592590332,54.980621337890625,52.95542526245117,53.39147186279297,10750550,OKE_2,2010-03-15 to None
2020-06-01 00:00:00+00:00,44.29017639160156,54.81589126586914,55.23255920410156,53.45930099487305,53.77907180786133,2574943,OKE_2,2010-03-15 to None
2020-06-02 00:00:00+00:00,44.78340530395508,55.42635726928711,56.06589126586914,55.038761138916016,55.51356506347656,3174948,OKE_2,2010-03-15 to None
2020-06-03 00:00:00+00:00,47.100887298583984,58.29457473754883,58.711238861083984,56.211238861083984,56.2984504699707,2730362,OKE_2,2010-03-15 to None
2020-06-04 00:00:00+00:00,47.06173324584961,58.246124267578125,58.74031066894531,57.02519226074219,58.187984466552734,2405076,OKE_2,2010-03-15 to None
2020-06-05 00:00:00+00:00,48.705902099609375,60.281009674072266,62.20930099487305,59.16666793823242,60.77519226074219,5100866,OKE_2,2010-03-15 to None
2020-06-08 00:00:00+00:00,50.24041748046875,62.180233001708984,62.47092819213867,61.42441940307617,62.25775146484375,3351730,OKE_2,2010-03-15 to None
2020-06-09 00:00:00+00:00,49.20694351196289,60.901161193847656,61.0949592590332,59.68992233276367,60.261627197265625,2566790,OKE_2,2010-03-15 to None
2020-06-10 00:00:00+00:00,48.64323806762695,60.203487396240234,61.16279220581055,59.02131652832031,61.104652404785156,3231914,OKE_2,2010-03-15 to None
2020-06-11 00:00:00+00:00,45.31580352783203,56.085269927978516,58.62403106689453,55.75581359863281,56.00775146484375,4207051,OKE_2,2010-03-15 to None
2020-06-12 00:00:00+00:00,47.31227111816406,58.55620193481445,59.2829475402832,56.70542526245117,58.84689712524414,2445014,OKE_2,2010-03-15 to None
2020-06-15 00:00:00+00:00,48.98773193359375,60.629844665527344,60.99806213378906,56.6860466003418,56.6860466003418,3452556,OKE_2,2010-03-15 to None
2020-06-16 00:00:00+00:00,49.44966506958008,61.2015495300293,63.527130126953125,60.72674560546875,62.96511459350586,3894562,OKE_2,2010-03-15 to None
2020-06-17 00:00:00+00:00,49.37137222290039,61.104652404785156,61.937984466552734,61.03682327270508,61.79263687133789,3241099,OKE_2,2010-03-15 to None
2020-06-18 00:00:00+00:00,49.629737854003906,61.42441940307617,62.32558059692383,60.11627960205078,60.5329475402832,3428614,OKE_2,2010-03-15 to None
2020-06-19 00:00:00+00:00,48.173484802246094,59.622093200683594,62.20930099487305,59.00193786621094,61.83139419555664,15117149,OKE_2,2010-03-15 to None
2020-06-22 00:00:00+00:00,48.1030387878418,59.53488540649414,60.23255920410156,58.585269927978516,59.58333206176758,3145639,OKE_2,2010-03-15 to None
2020-06-23 00:00:00+00:00,47.96992111206055,59.370155334472656,60.29069900512695,58.643409729003906,60.09689712524414,2591249,OKE_2,2010-03-15 to None
2020-06-24 00:00:00+00:00,46.552825927734375,57.61627960205078,58.81782913208008,55.7170524597168,58.546512603759766,3272575,OKE_2,2010-03-15 to None
2020-06-25 00:00:00+00:00,46.63896179199219,57.722869873046875,58.62403106689453,56.88953399658203,57.26744079589844,2806627,OKE_2,2010-03-15 to None
2020-06-26 00:00:00+00:00,45.73075866699219,56.598838806152344,58.27519226074219,56.52131652832031,58.04263687133789,2719423,OKE_2,2010-03-15 to None
2020-06-29 00:00:00+00:00,46.80336380004883,57.92635726928711,57.92635726928711,55.901161193847656,57.14147186279297,2576801,OKE_2,2010-03-15 to None
2020-06-30 00:00:00+00:00,46.767215728759766,57.6550407409668,58.38178253173828,57.112403869628906,58.38178253173828,2722210,OKE_2,2010-03-15 to None
2020-07-01 00:00:00+00:00,48.01694869995117,59.195735931396484,59.48643493652344,57.722869873046875,57.89728546142578,1526431,OKE_2,2010-03-15 to None
2020-07-02 00:00:00+00:00,48.024818420410156,59.20542526245117,60.620155334472656,58.62403106689453,60.31007766723633,1872770,OKE_2,2010-03-15 to None
2020-07-06 00:00:00+00:00,47.36457824707031,58.39147186279297,60.503875732421875,58.304264068603516,60.35852813720703,1705896,OKE_2,2010-03-15 to None
2020-07-07 00:00:00+00:00,46.03623580932617,56.753875732421875,57.8294563293457,56.70542526245117,57.49031066894531,1823750,OKE_2,2010-03-15 to None
2020-07-08 00:00:00+00:00,46.00478744506836,56.71511459350586,57.02519226074219,56.05620193481445,56.89922332763672,2062349,OKE_2,2010-03-15 to None
2020-07-09 00:00:00+00:00,44.89653015136719,55.348838806152344,56.6860466003418,54.58333206176758,56.656978607177734,2356778,OKE_2,2010-03-15 to None
2020-07-10 00:00:00+00:00,44.79434585571289,55.222869873046875,56.30813980102539,54.82558059692383,55.35852813720703,1840366,OKE_2,2010-03-15 to None
2020-07-13 00:00:00+00:00,44.6685905456543,55.06782913208008,55.83333206176758,54.58333206176758,55.58139419555664,2081028,OKE_2,2010-03-15 to None
2020-07-14 00:00:00+00:00,45.23450469970703,55.7655029296875,55.99806213378906,54.796512603759766,55.23255920410156,1605998,OKE_2,2010-03-15 to None
2020-07-15 00:00:00+00:00,46.08339309692383,56.812015533447266,57.218990325927734,55.843021392822266,57.093021392822266,2006208,OKE_2,2010-03-15 to None
2020-07-16 00:00:00+00:00,45.32096862792969,55.872093200683594,56.656978607177734,55.67829513549805,56.31782913208008,1689178,OKE_2,2010-03-15 to None
2020-07-17 00:00:00+00:00,46.05194091796875,56.77325439453125,57.16085433959961,55.7655029296875,56.2015495300293,1355738,OKE_2,2010-03-15 to None
2020-07-20 00:00:00+00:00,45.10087966918945,55.60077667236328,56.83139419555664,55.4360466003418,56.5794563293457,1470187,OKE_2,2010-03-15 to None
2020-07-21 00:00:00+00:00,44.9515380859375,55.41666793823242,56.2984504699707,55.24224853515625,55.843021392822266,2273186,OKE_2,2010-03-15 to None
2020-07-22 00:00:00+00:00,45.98122024536133,56.6860466003418,56.996124267578125,54.97092819213867,55.135658264160156,1969882,OKE_2,2010-03-15 to None
2020-07-23 00:00:00+00:00,45.07730484008789,55.57170486450195,56.88953399658203,54.88372039794922,56.36627960205078,1771738,OKE_2,2010-03-15 to None
2020-07-24 00:00:00+00:00,45.13233184814453,55.63953399658203,56.104652404785156,55.23255920410156,55.54263687133789,1470084,OKE_2,2010-03-15 to None
2020-07-27 00:00:00+00:00,46.09125518798828,56.82170486450195,56.91860580444336,54.961238861083984,55.63953399658203,2009614,OKE_2,2010-03-15 to None
2020-07-28 00:00:00+00:00,47.04230499267578,57.99418640136719,58.304264068603516,56.19186019897461,56.52131652832031,2064722,OKE_2,2010-03-15 to None
2020-07-29 00:00:00+00:00,47.64753723144531,58.74031066894531,58.74031066894531,57.4515495300293,58.362403869628906,1749240,OKE_2,2010-03-15 to None
2020-07-30 00:00:00+00:00,47.59251022338867,58.672481536865234,58.84689712524414,57.26744079589844,57.761627197265625,1579166,OKE_2,2010-03-15 to None
2020-07-31 00:00:00+00:00,47.38264083862305,58.187984466552734,58.29457473754883,57.14147186279297,57.761627197265625,3536664,OKE_2,2010-03-15 to None
2020-08-03 00:00:00+00:00,46.87763214111328,57.56782913208008,57.89728546142578,57.054264068603516,57.645347595214844,1882265,OKE_2,2010-03-15 to None
2020-08-04 00:00:00+00:00,48.810813903808594,59.94186019897461,60.66860580444336,58.9050407409668,59.011627197265625,3522938,OKE_2,2010-03-15 to None
2020-08-05 00:00:00+00:00,49.19744873046875,60.41666793823242,60.562015533447266,59.39922332763672,60.33914566040039,2553994,OKE_2,2010-03-15 to None
2020-08-06 00:00:00+00:00,49.03173828125,60.21317672729492,60.83333206176758,59.612403869628906,60.077518463134766,2003112,OKE_2,2010-03-15 to None
2020-08-07 00:00:00+00:00,49.48939895629883,60.77519226074219,60.901161193847656,59.835269927978516,59.93217086791992,1661726,OKE_2,2010-03-15 to None
2020-08-10 00:00:00+00:00,49.28425979614258,60.52325439453125,61.288761138916016,60.503875732421875,60.85271453857422,1720757,OKE_2,2010-03-15 to None
2020-08-11 00:00:00+00:00,49.45783996582031,60.73643493652344,61.89922332763672,60.66860580444336,61.327518463134766,2718701,OKE_2,2010-03-15 to None
2020-08-12 00:00:00+00:00,49.7103271484375,61.046512603759766,61.50193786621094,60.503875732421875,61.15310287475586,1406203,OKE_2,2010-03-15 to None
2020-08-13 00:00:00+00:00,48.471519470214844,59.52519226074219,61.24031066894531,59.39922332763672,60.63953399658203,1535719,OKE_2,2010-03-15 to None
2020-08-14 00:00:00+00:00,48.140132904052734,59.11821746826172,59.9515495300293,58.9050407409668,59.39922332763672,1510951,OKE_2,2010-03-15 to None
2020-08-17 00:00:00+00:00,48.905513763427734,60.05813980102539,60.18410873413086,58.86627960205078,59.195735931396484,1568227,OKE_2,2010-03-15 to None
2020-08-18 00:00:00+00:00,48.589874267578125,59.6705436706543,60.164730072021484,59.137596130371094,59.8449592590332,1414356,OKE_2,2010-03-15 to None
2020-08-19 00:00:00+00:00,47.38264083862305,58.187984466552734,59.70930099487305,58.05232620239258,59.66085433959961,2063484,OKE_2,2010-03-15 to None
2020-08-20 00:00:00+00:00,48.140132904052734,59.11821746826172,59.680233001708984,57.945735931396484,58.13953399658203,1512912,OKE_2,2010-03-15 to None
2020-08-21 00:00:00+00:00,48.226924896240234,59.22480773925781,59.54457473754883,58.488372802734375,59.29263687133789,1896197,OKE_2,2010-03-15 to None
2020-08-24 00:00:00+00:00,49.26845932006836,60.503875732421875,60.51356506347656,58.56589126586914,59.10852813720703,1858838,OKE_2,2010-03-15 to None
2020-08-25 00:00:00+00:00,49.371036529541016,60.629844665527344,60.97868347167969,59.93217086791992,60.63953399658203,2085053,OKE_2,2010-03-15 to None
2020-08-26 00:00:00+00:00,48.668792724609375,59.76744079589844,60.42635726928711,59.36046600341797,60.36821746826172,1636339,OKE_2,2010-03-15 to None
2020-08-27 00:00:00+00:00,49.31581115722656,60.562015533447266,60.73643493652344,59.63178253173828,59.63178253173828,1731180,OKE_2,2010-03-15 to None
2020-08-28 00:00:00+00:00,50.057525634765625,61.472869873046875,61.569766998291016,60.0,60.70736312866211,2119109,OKE_2,2010-03-15 to None
2020-08-31 00:00:00+00:00,49.126163482666016,60.106590270996094,61.104652404785156,59.864341735839844,61.07558059692383,2962459,OKE_2,2010-03-15 to None
2020-09-01 00:00:00+00:00,49.45879364013672,60.51356506347656,60.85271453857422,59.16666793823242,59.40891647338867,2353889,OKE_2,2010-03-15 to None
2020-09-02 00:00:00+00:00,50.322025299072266,61.569766998291016,61.67635726928711,59.961238861083984,60.39728546142578,3085783,OKE_2,2010-03-15 to None
2020-09-03 00:00:00+00:00,50.87641143798828,62.24806213378906,62.887596130371094,61.385658264160156,61.98643493652344,2996515,OKE_2,2010-03-15 to None
2020-09-04 00:00:00+00:00,50.9793815612793,62.37403106689453,63.2655029296875,61.27907180786133,62.422481536865234,2392589,OKE_2,2010-03-15 to None
2020-09-08 00:00:00+00:00,50.68634033203125,62.0155029296875,62.8294563293457,61.37596893310547,62.20930099487305,2060904,OKE_2,2010-03-15 to None
2020-09-09 00:00:00+00:00,51.185279846191406,62.62596893310547,63.63372039794922,62.22868347167969,62.480621337890625,2026745,OKE_2,2010-03-15 to None
2020-09-10 00:00:00+00:00,50.496280670166016,61.7829475402832,62.96511459350586,61.753875732421875,62.38372039794922,1523335,OKE_2,2010-03-15 to None
2020-09-11 00:00:00+00:00,50.179473876953125,61.395347595214844,61.937984466552734,60.57170486450195,61.92829513549805,2063071,OKE_2,2010-03-15 to None
2020-09-14 00:00:00+00:00,51.87431716918945,63.468990325927734,63.55620193481445,61.74418640136719,61.94767379760742,1992895,OKE_2,2010-03-15 to None
2020-09-15 00:00:00+00:00,52.11982727050781,63.769378662109375,64.72868347167969,63.47868347167969,63.730621337890625,2499298,OKE_2,2010-03-15 to None
2020-09-16 00:00:00+00:00,51.80301284790039,63.38178253173828,64.49612426757812,63.33333206176758,64.01162719726562,2143774,OKE_2,2010-03-15 to None
2020-09-17 00:00:00+00:00,50.74179458618164,62.08333206176758,63.35271453857422,61.6860466003418,62.86821746826172,2923450,OKE_2,2010-03-15 to None
2020-09-18 00:00:00+00:00,49.37958526611328,60.41666793823242,61.91860580444336,60.33914566040039,61.13372039794922,4064326,OKE_2,2010-03-15 to None
2020-09-21 00:00:00+00:00,47.58973693847656,58.22674560546875,59.738372802734375,57.703487396240234,59.64147186279297,3324898,OKE_2,2010-03-15 to None
2020-09-22 00:00:00+00:00,48.01740646362305,58.75,59.72868347167969,58.430233001708984,58.585269927978516,2072566,OKE_2,2010-03-15 to None
2020-09-23 00:00:00+00:00,46.7502326965332,57.19961166381836,58.94379806518555,57.10271453857422,58.769378662109375,2425200,OKE_2,2010-03-15 to None
2020-09-24 00:00:00+00:00,46.49679946899414,56.88953399658203,57.59689712524414,56.55038833618164,57.151161193847656,2916019,OKE_2,2010-03-15 to None
2020-09-25 00:00:00+00:00,47.46300506591797,58.07170486450195,58.17829513549805,56.695735931396484,56.89922332763672,2373394,OKE_2,2010-03-15 to None
2020-09-28 00:00:00+00:00,48.841041564941406,59.75775146484375,60.09689712524414,58.972869873046875,59.5639533996582,2328605,OKE_2,2010-03-15 to None
2020-09-29 00:00:00+00:00,48.389617919921875,59.20542526245117,59.82558059692383,58.488372802734375,59.75775146484375,1836547,OKE_2,2010-03-15 to None
2020-09-30 00:00:00+00:00,48.297401428222656,58.86627960205078,60.02907180786133,58.15891647338867,59.44767379760742,3098683,OKE_2,2010-03-15 to None
2020-10-01 00:00:00+00:00,49.51377487182617,60.348838806152344,60.387596130371094,58.62403106689453,58.953487396240234,2187530,OKE_2,2010-03-15 to None
2020-10-02 00:00:00+00:00,50.7699089050293,61.879844665527344,62.112403869628906,58.98255920410156,59.24418640136719,2651414,OKE_2,2010-03-15 to None
2020-10-05 00:00:00+00:00,50.284942626953125,61.288761138916016,62.335269927978516,60.29069900512695,61.85077667236328,1878137,OKE_2,2010-03-15 to None
2020-10-06 00:00:00+00:00,50.01462936401367,60.95930099487305,61.91860580444336,60.69767379760742,61.64728546142578,2024474,OKE_2,2010-03-15 to None
2020-10-07 00:00:00+00:00,49.85563278198242,60.7655029296875,61.42441940307617,60.52325439453125,61.288761138916016,1728290,OKE_2,2010-03-15 to None
2020-10-08 00:00:00+00:00,50.68244934082031,61.77325439453125,61.812015533447266,60.99806213378906,61.114341735839844,1926228,OKE_2,2010-03-15 to None
2020-10-09 00:00:00+00:00,50.237239837646484,61.230621337890625,62.606590270996094,61.00775146484375,62.59689712524414,1890934,OKE_2,2010-03-15 to None
2020-10-12 00:00:00+00:00,50.34855270385742,61.36627960205078,61.5794563293457,60.63953399658203,61.07558059692383,1424470,OKE_2,2010-03-15 to None
2020-10-13 00:00:00+00:00,49.028812408447266,59.75775146484375,60.99806213378906,59.1860466003418,60.988372802734375,2306107,OKE_2,2010-03-15 to None
2020-10-14 00:00:00+00:00,48.496158599853516,59.10852813720703,59.90310287475586,58.81782913208008,59.70930099487305,1779581,OKE_2,2010-03-15 to None
2020-10-15 00:00:00+00:00,48.0270881652832,58.53682327270508,59.68992233276367,58.45930099487305,58.77907180786133,2566068,OKE_2,2010-03-15 to None
2020-10-16 00:00:00+00:00,48.12249755859375,58.65310287475586,58.96317672729492,58.05232620239258,58.74031066894531,2706833,OKE_2,2010-03-15 to None
2020-10-19 00:00:00+00:00,46.707359313964844,56.92829513549805,59.38953399658203,56.88953399658203,59.30232620239258,2814574,OKE_2,2010-03-15 to None
2020-10-20 00:00:00+00:00,46.9856071472168,57.26744079589844,57.83914566040039,57.13178253173828,57.31589126586914,1773492,OKE_2,2010-03-15 to None
2020-10-21 00:00:00+00:00,47.44673156738281,57.8294563293457,58.003875732421875,56.656978607177734,57.180233001708984,1945939,OKE_2,2010-03-15 to None
2020-10-22 00:00:00+00:00,47.772701263427734,58.22674560546875,58.38178253173828,57.67441940307617,57.703487396240234,1124674,OKE_2,2010-03-15 to None
2020-10-23 00:00:00+00:00,48.297401428222656,58.86627960205078,59.2829475402832,58.2655029296875,58.788761138916016,1533965,OKE_2,2010-03-15 to None
2020-10-26 00:00:00+00:00,47.56599807739258,57.97480773925781,58.56589126586914,57.44186019897461,58.546512603759766,2182680,OKE_2,2010-03-15 to None
2020-10-27 00:00:00+00:00,46.691444396972656,56.90891647338867,58.430233001708984,56.90891647338867,58.129844665527344,1541808,OKE_2,2010-03-15 to None
2020-10-28 00:00:00+00:00,45.96004867553711,56.01744079589844,56.67635726928711,55.804264068603516,56.2015495300293,2604046,OKE_2,2010-03-15 to None
2020-10-29 00:00:00+00:00,46.52450942993164,56.70542526245117,57.18992233276367,55.319766998291016,56.25,2552858,OKE_2,2010-03-15 to None
2020-10-30 00:00:00+00:00,46.18448257446289,56.06589126586914,56.98643493652344,55.57170486450195,56.288761138916016,2493209,OKE_2,2010-03-15 to None
2020-11-02 00:00:00+00:00,47.60527801513672,57.79069900512695,58.120155334472656,56.52131652832031,56.5794563293457,2606006,OKE_2,2010-03-15 to None
2020-11-03 00:00:00+00:00,47.29398727416992,57.41279220581055,57.99418640136719,56.7344970703125,57.37403106689453,2104454,OKE_2,2010-03-15 to None
2020-11-04 00:00:00+00:00,46.69533157348633,56.6860466003418,57.577518463134766,56.656978607177734,57.1705436706543,2547492,OKE_2,2010-03-15 to None
2020-11-05 00:00:00+00:00,46.29623031616211,56.2015495300293,57.22868347167969,56.172481536865234,57.054264068603516,2543467,OKE_2,2010-03-15 to None
2020-11-06 00:00:00+00:00,46.288238525390625,56.19186019897461,57.8294563293457,55.901161193847656,56.56007766723633,4052458,OKE_2,2010-03-15 to None
2020-11-09 00:00:00+00:00,49.16977310180664,59.68992233276367,62.30620193481445,59.312015533447266,59.593021392822266,6756917,OKE_2,2010-03-15 to None
2020-11-10 00:00:00+00:00,51.62028503417969,62.664730072021484,62.75193786621094,59.47674560546875,59.87403106689453,3794561,OKE_2,2010-03-15 to None
2020-11-11 00:00:00+00:00,50.63848114013672,61.472869873046875,62.335269927978516,60.503875732421875,62.32558059692383,2443054,OKE_2,2010-03-15 to None
2020-11-12 00:00:00+00:00,49.30546951293945,59.854652404785156,60.94961166381836,59.24418640136719,60.94961166381836,2118799,OKE_2,2010-03-15 to None
2020-11-13 00:00:00+00:00,50.327186584472656,61.0949592590332,61.24031066894531,60.00968933105469,60.00968933105469,1675349,OKE_2,2010-03-15 to None
2020-11-16 00:00:00+00:00,51.46064376831055,62.47092819213867,63.07170486450195,61.511627197265625,62.887596130371094,2622518,OKE_2,2010-03-15 to None
2020-11-17 00:00:00+00:00,50.14358901977539,60.872093200683594,61.83139419555664,60.42635726928711,61.7829475402832,2570815,OKE_2,2010-03-15 to None
2020-11-18 00:00:00+00:00,48.84251022338867,59.29263687133789,61.627906799316406,59.24418640136719,60.94961166381836,2885885,OKE_2,2010-03-15 to None
2020-11-19 00:00:00+00:00,48.778656005859375,59.21511459350586,59.57364273071289,58.2170524597168,59.156978607177734,3361121,OKE_2,2010-03-15 to None
2020-11-20 00:00:00+00:00,48.20393753051758,58.51744079589844,59.34108352661133,58.35271453857422,59.031009674072266,3342545,OKE_2,2010-03-15 to None
2020-11-23 00:00:00+00:00,48.60304641723633,59.00193786621094,60.12596893310547,58.72092819213867,58.87596893310547,2901365,OKE_2,2010-03-15 to None
2020-11-24 00:00:00+00:00,49.36134338378906,59.922481536865234,61.027130126953125,59.82558059692383,59.90310287475586,3582794,OKE_2,2010-03-15 to None
2020-11-25 00:00:00+00:00,50.20745086669922,60.94961166381836,61.15310287475586,59.5639533996582,60.077518463134766,3274742,OKE_2,2010-03-15 to None
2020-11-27 00:00:00+00:00,49.201698303222656,59.72868347167969,61.046512603759766,59.593021392822266,61.046512603759766,1373695,OKE_2,2010-03-15 to None
2020-11-30 00:00:00+00:00,48.05109786987305,58.11046600341797,59.91279220581055,58.07170486450195,59.88372039794922,5697156,OKE_2,2010-03-15 to None
2020-12-01 00:00:00+00:00,48.37160873413086,58.49806213378906,59.137596130371094,58.3139533996582,58.643409729003906,2759155,OKE_2,2010-03-15 to None
2020-12-02 00:00:00+00:00,48.70010757446289,58.895347595214844,59.14728546142578,58.16860580444336,58.604652404785156,2067715,OKE_2,2010-03-15 to None
2020-12-03 00:00:00+00:00,48.94850158691406,59.195735931396484,59.777130126953125,58.7984504699707,58.94379806518555,1847074,OKE_2,2010-03-15 to None
2020-12-04 00:00:00+00:00,49.0847282409668,59.36046600341797,59.97092819213867,59.00193786621094,59.66085433959961,1946455,OKE_2,2010-03-15 to None
2020-12-07 00:00:00+00:00,48.676082611083984,58.86627960205078,59.44767379760742,58.730621337890625,59.34108352661133,2411784,OKE_2,2010-03-15 to None
2020-12-08 00:00:00+00:00,48.39563751220703,58.527130126953125,59.22480773925781,58.51744079589844,58.788761138916016,2753892,OKE_2,2010-03-15 to None
2020-12-09 00:00:00+00:00,48.62800598144531,58.80813980102539,59.38953399658203,58.32364273071289,58.57558059692383,4726766,OKE_2,2010-03-15 to None
2020-12-10 00:00:00+00:00,48.019065856933594,58.07170486450195,58.74031066894531,57.9844970703125,58.53682327270508,3565354,OKE_2,2010-03-15 to None
2020-12-11 00:00:00+00:00,48.44370651245117,58.585269927978516,58.72092819213867,58.02325439453125,58.13953399658203,3157198,OKE_2,2010-03-15 to None
2020-12-14 00:00:00+00:00,48.57191848754883,58.74031066894531,59.980621337890625,58.546512603759766,59.011627197265625,3447912,OKE_2,2010-03-15 to None
2020-12-15 00:00:00+00:00,49.47732162475586,59.835269927978516,59.835269927978516,58.488372802734375,58.98255920410156,2485469,OKE_2,2010-03-15 to None
2020-12-16 00:00:00+00:00,49.156837463378906,59.44767379760742,60.17441940307617,59.379844665527344,59.864341735839844,2362042,OKE_2,2010-03-15 to None
2020-12-17 00:00:00+00:00,48.900428771972656,59.137596130371094,59.854652404785156,59.031009674072266,59.75775146484375,2913439,OKE_2,2010-03-15 to None
2020-12-18 00:00:00+00:00,47.690547943115234,57.67441940307617,59.63178253173828,57.43217086791992,58.98255920410156,5752678,OKE_2,2010-03-15 to None
2020-12-21 00:00:00+00:00,47.89085388183594,57.91666793823242,57.92635726928711,56.88953399658203,57.44186019897461,2970612,OKE_2,2010-03-15 to None
2020-12-22 00:00:00+00:00,48.82030487060547,59.04069900512695,59.04069900512695,57.67441940307617,58.0329475402832,2357088,OKE_2,2010-03-15 to None
2020-12-23 00:00:00+00:00,48.44370651245117,58.585269927978516,59.52519226074219,58.527130126953125,59.0794563293457,2138407,OKE_2,2010-03-15 to None
2020-12-24 00:00:00+00:00,48.94850158691406,59.195735931396484,59.22480773925781,58.4205436706543,58.77907180786133,797426,OKE_2,2010-03-15 to None
2020-12-28 00:00:00+00:00,49.49336242675781,59.854652404785156,59.961238861083984,59.069766998291016,59.156978607177734,1960800,OKE_2,2010-03-15 to None
2020-12-29 00:00:00+00:00,48.85236740112305,59.0794563293457,60.319766998291016,58.953487396240234,59.854652404785156,1624678,OKE_2,2010-03-15 to None
2020-12-30 00:00:00+00:00,49.100738525390625,59.379844665527344,60.06782913208008,59.02131652832031,59.127906799316406,1450889,OKE_2,2010-03-15 to None
2020-12-31 00:00:00+00:00,50.00562286376953,60.24224853515625,60.27131652832031,58.57558059692383,59.05038833618164,2362970,OKE_2,2010-03-15 to None
2021-01-04 00:00:00+00:00,48.14760208129883,58.003875732421875,60.3294563293457,57.96511459350586,60.25193786621094,3965254,OKE_2,2010-03-15 to None
2021-01-05 00:00:00+00:00,48.388916015625,58.29457473754883,58.86627960205078,58.08139419555664,58.13953399658203,2801777,OKE_2,2010-03-15 to None
2021-01-06 00:00:00+00:00,47.97869110107422,57.80038833618164,58.788761138916016,57.50968933105469,58.72092819213867,4274647,OKE_2,2010-03-15 to None
2021-01-07 00:00:00+00:00,47.37543869018555,57.07364273071289,57.92635726928711,56.74418640136719,57.91666793823242,4302924,OKE_2,2010-03-15 to None
2021-01-08 00:00:00+00:00,48.05107879638672,57.887596130371094,58.003875732421875,57.03488540649414,57.1705436706543,3300542,OKE_2,2010-03-15 to None
2021-01-11 00:00:00+00:00,47.79370880126953,57.577518463134766,57.97480773925781,57.422481536865234,57.73255920410156,2622106,OKE_2,2010-03-15 to None
2021-01-12 00:00:00+00:00,46.49871063232422,56.01744079589844,56.15310287475586,55.23255920410156,55.27131652832031,12195247,OKE_2,2010-03-15 to None
2021-01-13 00:00:00+00:00,46.474578857421875,55.988372802734375,57.03488540649414,55.73643493652344,56.43410873413086,4415309,OKE_2,2010-03-15 to None
2021-01-14 00:00:00+00:00,46.514808654785156,56.03682327270508,56.414730072021484,55.88178253173828,56.34689712524414,3009828,OKE_2,2010-03-15 to None
2021-01-15 00:00:00+00:00,47.17435073852539,56.83139419555664,57.093021392822266,55.61046600341797,56.25,3361121,OKE_2,2010-03-15 to None
2021-01-19 00:00:00+00:00,46.764137268066406,56.33720779418945,57.1705436706543,55.988372802734375,57.1705436706543,3406219,OKE_2,2010-03-15 to None
2021-01-20 00:00:00+00:00,47.439796447753906,57.151161193847656,57.3449592590332,56.22092819213867,56.395347595214844,2624686,OKE_2,2010-03-15 to None
2021-01-21 00:00:00+00:00,47.52827453613281,57.25775146484375,57.62596893310547,56.37596893310547,56.67635726928711,2632426,OKE_2,2010-03-15 to None
2021-01-22 00:00:00+00:00,48.13152313232422,57.9844970703125,58.09108352661133,56.92829513549805,57.08333206176758,2904151,OKE_2,2010-03-15 to None
2021-01-25 00:00:00+00:00,48.56586837768555,58.50775146484375,59.38953399658203,57.781009674072266,58.13953399658203,3731918,OKE_2,2010-03-15 to None
2021-01-26 00:00:00+00:00,48.79912185668945,58.788761138916016,59.2829475402832,58.41085433959961,58.57558059692383,2520763,OKE_2,2010-03-15 to None
2021-01-27 00:00:00+00:00,48.549766540527344,58.488372802734375,59.27325439453125,58.246124267578125,58.38178253173828,3546571,OKE_2,2010-03-15 to None
2021-01-28 00:00:00+00:00,49.02433395385742,59.06007766723633,59.835269927978516,58.29457473754883,58.38178253173828,3127373,OKE_2,2010-03-15 to None
2021-01-29 00:00:00+00:00,47.68800735473633,57.22868347167969,59.011627197265625,57.07364273071289,58.27519226074219,4867118,OKE_2,2010-03-15 to None
2021-02-01 00:00:00+00:00,48.576202392578125,58.29457473754883,58.362403869628906,57.0155029296875,57.606590270996094,2511578,OKE_2,2010-03-15 to None
2021-02-02 00:00:00+00:00,48.70540237426758,58.44961166381836,58.9050407409668,57.945735931396484,58.29457473754883,2356366,OKE_2,2010-03-15 to None
2021-02-03 00:00:00+00:00,48.818424224853516,58.585269927978516,58.730621337890625,57.80038833618164,58.19767379760742,2373703,OKE_2,2010-03-15 to None
2021-02-04 00:00:00+00:00,49.21409225463867,59.06007766723633,59.53488540649414,58.585269927978516,58.7015495300293,1957910,OKE_2,2010-03-15 to None
2021-02-05 00:00:00+00:00,49.399803161621094,59.2829475402832,59.52519226074219,59.098838806152344,59.24418640136719,1627774,OKE_2,2010-03-15 to None
2021-02-08 00:00:00+00:00,49.1737174987793,59.011627197265625,59.39922332763672,58.895347595214844,59.312015533447266,1972771,OKE_2,2010-03-15 to None
2021-02-09 00:00:00+00:00,49.85197448730469,59.82558059692383,59.87403106689453,59.011627197265625,59.08914566040039,2203939,OKE_2,2010-03-15 to None
2021-02-10 00:00:00+00:00,50.46564483642578,60.562015533447266,61.52131652832031,60.02907180786133,60.19379806518555,3566489,OKE_2,2010-03-15 to None
2021-02-11 00:00:00+00:00,50.81285858154297,60.97868347167969,61.07558059692383,60.45542526245117,60.70736312866211,2190833,OKE_2,2010-03-15 to None
2021-02-12 00:00:00+00:00,50.43334197998047,60.52325439453125,61.16279220581055,60.17441940307617,60.67829513549805,1866578,OKE_2,2010-03-15 to None
2021-02-16 00:00:00+00:00,49.81966781616211,59.78682327270508,60.862403869628906,59.379844665527344,60.70736312866211,2784130,OKE_2,2010-03-15 to None
2021-02-17 00:00:00+00:00,49.86812973022461,59.8449592590332,60.02907180786133,59.195735931396484,59.69961166381836,1930975,OKE_2,2010-03-15 to None
2021-02-18 00:00:00+00:00,49.189857482910156,59.031009674072266,59.82558059692383,58.953487396240234,59.70930099487305,3308386,OKE_2,2010-03-15 to None
2021-02-19 00:00:00+00:00,49.327125549316406,59.195735931396484,60.17441940307617,59.137596130371094,59.32170486450195,2858434,OKE_2,2010-03-15 to None
2021-02-22 00:00:00+00:00,50.14264678955078,60.17441940307617,60.45542526245117,59.20542526245117,59.36046600341797,3666490,OKE_2,2010-03-15 to None
2021-02-23 00:00:00+00:00,50.36874771118164,60.445735931396484,60.872093200683594,59.60271453857422,60.60077667236328,4029650,OKE_2,2010-03-15 to None
2021-02-24 00:00:00+00:00,50.360660552978516,60.4360466003418,60.69767379760742,60.00968933105469,60.39728546142578,3710040,OKE_2,2010-03-15 to None
2021-02-25 00:00:00+00:00,49.730857849121094,59.680233001708984,61.812015533447266,59.17635726928711,60.59108352661133,3338004,OKE_2,2010-03-15 to None
2021-02-26 00:00:00+00:00,48.84330749511719,58.39147186279297,60.00968933105469,58.33333206176758,59.45736312866211,3404465,OKE_2,2010-03-15 to None
2021-03-01 00:00:00+00:00,49.04594802856445,58.63372039794922,59.835269927978516,58.57558059692383,59.27325439453125,3024276,OKE_2,2010-03-15 to None
2021-03-02 00:00:00+00:00,48.93246841430664,58.49806213378906,58.83720779418945,57.85852813720703,58.62403106689453,3517882,OKE_2,2010-03-15 to None
2021-03-03 00:00:00+00:00,49.264801025390625,58.895347595214844,59.593021392822266,58.430233001708984,58.49806213378906,3220356,OKE_2,2010-03-15 to None
2021-03-04 00:00:00+00:00,48.186767578125,57.606590270996094,59.04069900512695,56.879844665527344,58.72092819213867,4465361,OKE_2,2010-03-15 to None
2021-03-05 00:00:00+00:00,48.60014724731445,58.10077667236328,58.19767379760742,56.46317672729492,57.819766998291016,3907358,OKE_2,2010-03-15 to None
2021-03-08 00:00:00+00:00,48.98921203613281,58.56589126586914,59.26356506347656,57.83914566040039,58.22674560546875,3772063,OKE_2,2010-03-15 to None
2021-03-09 00:00:00+00:00,49.208045959472656,58.827518463134766,59.69961166381836,58.14922332763672,58.604652404785156,3305496,OKE_2,2010-03-15 to None
2021-03-10 00:00:00+00:00,49.783546447753906,59.5155029296875,59.90310287475586,58.7984504699707,58.827518463134766,3441101,OKE_2,2010-03-15 to None
2021-03-11 00:00:00+00:00,50.10775375366211,59.90310287475586,60.562015533447266,58.769378662109375,59.76744079589844,3234907,OKE_2,2010-03-15 to None
2021-03-12 00:00:00+00:00,51.007469177246094,60.97868347167969,61.027130126953125,59.53488540649414,59.922481536865234,2806730,OKE_2,2010-03-15 to None
2021-03-15 00:00:00+00:00,51.80989074707031,61.937984466552734,62.28682327270508,60.77519226074219,61.269378662109375,3268241,OKE_2,2010-03-15 to None
2021-03-16 00:00:00+00:00,51.84231185913086,61.97674560546875,62.461238861083984,61.327518463134766,62.0155029296875,2896514,OKE_2,2010-03-15 to None
2021-03-17 00:00:00+00:00,51.7774543762207,61.89922332763672,62.20930099487305,61.48255920410156,61.82170486450195,2877216,OKE_2,2010-03-15 to None
2021-03-18 00:00:00+00:00,51.234397888183594,61.25,61.89922332763672,60.968990325927734,61.56007766723633,2706833,OKE_2,2010-03-15 to None
2021-03-19 00:00:00+00:00,50.0510139465332,59.835269927978516,61.414730072021484,59.622093200683594,61.172481536865234,11386056,OKE_2,2010-03-15 to None
2021-03-22 00:00:00+00:00,50.62649917602539,60.52325439453125,60.804264068603516,59.52519226074219,59.87403106689453,3583414,OKE_2,2010-03-15 to None
2021-03-23 00:00:00+00:00,51.023677825927734,60.99806213378906,61.37596893310547,60.36821746826172,60.503875732421875,3369067,OKE_2,2010-03-15 to None
2021-03-24 00:00:00+00:00,51.25062561035156,61.269378662109375,62.238372802734375,60.930233001708984,60.99806213378906,3019735,OKE_2,2010-03-15 to None
2021-03-25 00:00:00+00:00,51.80179214477539,61.92829513549805,62.054264068603516,60.47480773925781,61.0949592590332,2139026,OKE_2,2010-03-15 to None
2021-03-26 00:00:00+00:00,52.05305099487305,62.22868347167969,62.58720779418945,61.44379806518555,62.10271453857422,2014877,OKE_2,2010-03-15 to None
2021-03-29 00:00:00+00:00,52.044960021972656,62.218990325927734,62.59689712524414,61.48255920410156,62.20930099487305,2276695,OKE_2,2010-03-15 to None
2021-03-30 00:00:00+00:00,51.97200012207031,62.13178253173828,62.393409729003906,61.753875732421875,61.9670524597168,2346046,OKE_2,2010-03-15 to None
2021-03-31 00:00:00+00:00,51.6588020324707,61.531009674072266,62.277130126953125,61.453487396240234,61.83139419555664,2567410,OKE_2,2010-03-15 to None
2021-04-01 00:00:00+00:00,52.968563079833984,63.09108352661133,63.129844665527344,61.66666793823242,61.94767379760742,2642333,OKE_2,2010-03-15 to None
2021-04-05 00:00:00+00:00,53.08247375488281,63.22674560546875,63.4205436706543,62.519378662109375,63.20736312866211,2546460,OKE_2,2010-03-15 to None
2021-04-06 00:00:00+00:00,52.98484420776367,63.11046600341797,63.41085433959961,62.62596893310547,63.120155334472656,3194350,OKE_2,2010-03-15 to None
2021-04-07 00:00:00+00:00,53.32653045654297,63.51744079589844,63.643409729003906,62.9360466003418,63.08139419555664,2230565,OKE_2,2010-03-15 to None
2021-04-08 00:00:00+00:00,53.212615966796875,63.38178253173828,63.75968933105469,63.29457473754883,63.50775146484375,1812192,OKE_2,2010-03-15 to None
2021-04-09 00:00:00+00:00,53.03365707397461,63.16860580444336,63.62403106689453,62.95542526245117,63.468990325927734,2281236,OKE_2,2010-03-15 to None
2021-04-12 00:00:00+00:00,53.42414855957031,63.63372039794922,63.7015495300293,62.703487396240234,63.35271453857422,2085053,OKE_2,2010-03-15 to None
2021-04-13 00:00:00+00:00,53.69260787963867,63.953487396240234,63.99224853515625,63.19767379760742,63.28488540649414,2127778,OKE_2,2010-03-15 to None
2021-04-14 00:00:00+00:00,53.17195129394531,63.33333206176758,64.00193786621094,63.246124267578125,63.93410873413086,1819003,OKE_2,2010-03-15 to None
2021-04-15 00:00:00+00:00,54.441043853759766,64.84496307373047,64.87403106689453,63.672481536865234,63.86627960205078,2697442,OKE_2,2010-03-15 to None
2021-04-16 00:00:00+00:00,54.522396087646484,64.94185638427734,65.29069519042969,64.74806213378906,65.08721160888672,2515913,OKE_2,2010-03-15 to None
2021-04-19 00:00:00+00:00,54.78274154663086,65.25193786621094,65.34883880615234,64.52519226074219,65.1065902709961,2178346,OKE_2,2010-03-15 to None
2021-04-20 00:00:00+00:00,55.79964065551758,66.46318054199219,66.54069519042969,65.12596893310547,65.22286987304688,2745223,OKE_2,2010-03-15 to None
2021-04-21 00:00:00+00:00,56.4097785949707,67.1899185180664,67.38372039794922,66.31782531738281,66.60852813720703,2526233,OKE_2,2010-03-15 to None
2021-04-22 00:00:00+00:00,56.19825744628906,66.93798065185547,67.8779067993164,66.82170867919922,67.44185638427734,2478761,OKE_2,2010-03-15 to None
2021-04-23 00:00:00+00:00,56.45859146118164,67.24806213378906,67.47093200683594,66.78294372558594,67.33527374267578,2084950,OKE_2,2010-03-15 to None
2021-04-26 00:00:00+00:00,56.393489837646484,67.17053985595703,67.8100814819336,66.95736694335938,67.66472625732422,1886909,OKE_2,2010-03-15 to None
2021-04-27 00:00:00+00:00,56.019283294677734,66.72480773925781,67.24806213378906,66.65697479248047,67.19961547851562,2023030,OKE_2,2010-03-15 to None
2021-04-28 00:00:00+00:00,55.807762145996094,66.47286987304688,67.18022918701172,66.37596893310547,66.8313980102539,2008066,OKE_2,2010-03-15 to None
2021-04-29 00:00:00+00:00,56.385379791259766,67.16085052490234,69.6124038696289,66.8410873413086,67.84883880615234,8460439,OKE_2,2010-03-15 to None
2021-04-30 00:00:00+00:00,56.44660568237305,67.00581359863281,67.19961547851562,65.71705627441406,66.68605041503906,6067850,OKE_2,2010-03-15 to None
2021-05-03 00:00:00+00:00,56.06292724609375,66.55038452148438,67.25775146484375,66.50193786621094,67.10271453857422,3719947,OKE_2,2010-03-15 to None
2021-05-04 00:00:00+00:00,56.413936614990234,66.96705627441406,67.69379425048828,66.56977081298828,66.69573974609375,3839556,OKE_2,2010-03-15 to None
2021-05-05 00:00:00+00:00,54.80584716796875,65.05814361572266,66.68605041503906,64.66085052490234,66.54069519042969,5389207,OKE_2,2010-03-15 to None
2021-05-06 00:00:00+00:00,55.14052963256836,65.45542907714844,65.78488159179688,64.93217468261719,65.21318054199219,4503854,OKE_2,2010-03-15 to None
2021-05-07 00:00:00+00:00,55.5894889831543,65.98837280273438,66.32752227783203,65.22286987304688,65.22286987304688,3373918,OKE_2,2010-03-15 to None
2021-05-10 00:00:00+00:00,55.132354736328125,65.44573974609375,66.65697479248047,65.40697479248047,66.31782531738281,3449563,OKE_2,2010-03-15 to None
2021-05-11 00:00:00+00:00,54.030372619628906,64.1375961303711,65.06782531738281,63.72092819213867,64.98062133789062,4554216,OKE_2,2010-03-15 to None
2021-05-12 00:00:00+00:00,52.84675216674805,62.73255920410156,64.15697479248047,62.519378662109375,63.93410873413086,3441926,OKE_2,2010-03-15 to None
2021-05-13 00:00:00+00:00,52.822261810302734,62.703487396240234,63.19767379760742,62.61627960205078,62.77131652832031,3071335,OKE_2,2010-03-15 to None
2021-05-14 00:00:00+00:00,53.336524963378906,63.3139533996582,63.47868347167969,62.89728546142578,62.9844970703125,2540887,OKE_2,2010-03-15 to None
2021-05-17 00:00:00+00:00,53.385501861572266,63.372093200683594,63.672481536865234,63.16860580444336,63.488372802734375,2512198,OKE_2,2010-03-15 to None
2021-05-18 00:00:00+00:00,53.450801849365234,63.44961166381836,63.75968933105469,63.0329475402832,63.5949592590332,2251411,OKE_2,2010-03-15 to None
2021-05-19 00:00:00+00:00,53.597740173339844,63.62403106689453,63.63372039794922,62.5,63.10077667236328,2799610,OKE_2,2010-03-15 to None
2021-05-20 00:00:00+00:00,54.61809539794922,64.83527374267578,65.02906799316406,63.38178253173828,63.50775146484375,3614064,OKE_2,2010-03-15 to None
2021-05-21 00:00:00+00:00,54.34872817993164,64.5155029296875,65.30038452148438,64.44767761230469,65.05814361572266,3769174,OKE_2,2010-03-15 to None
2021-05-24 00:00:00+00:00,55.62214279174805,66.02713012695312,66.26937866210938,64.6899185180664,64.80620574951172,3547810,OKE_2,2010-03-15 to None
2021-05-25 00:00:00+00:00,56.19355392456055,66.70542907714844,66.9186019897461,65.72674560546875,66.09496307373047,4231510,OKE_2,2010-03-15 to None
2021-05-26 00:00:00+00:00,56.422096252441406,66.97674560546875,67.35465240478516,66.55038452148438,66.8410873413086,3630886,OKE_2,2010-03-15 to None
2021-05-27 00:00:00+00:00,55.67928695678711,66.09496307373047,67.25775146484375,65.92053985595703,67.17053985595703,5518723,OKE_2,2010-03-15 to None
2021-05-28 00:00:00+00:00,56.027400970458984,66.27906799316406,66.46318054199219,65.89147186279297,66.1434097290039,3115505,OKE_2,2010-03-15 to None
2021-06-01 00:00:00+00:00,56.80556869506836,67.19961547851562,67.23837280273438,66.22093200683594,66.58914947509766,3064111,OKE_2,2010-03-15 to None
2021-06-02 00:00:00+00:00,57.837642669677734,68.42053985595703,68.43022918701172,67.05426025390625,67.27713012695312,2960602,OKE_2,2010-03-15 to None
2021-06-03 00:00:00+00:00,57.493629455566406,68.01356506347656,68.58527374267578,67.76162719726562,68.58527374267578,3755551,OKE_2,2010-03-15 to None
2021-06-04 00:00:00+00:00,57.68202590942383,68.23643493652344,68.3720932006836,67.68411254882812,68.20736694335938,2808072,OKE_2,2010-03-15 to None
2021-06-07 00:00:00+00:00,57.62468338012695,68.1686019897461,68.78875732421875,68.1589126586914,68.31394958496094,3279283,OKE_2,2010-03-15 to None
2021-06-08 00:00:00+00:00,57.714778900146484,68.27519226074219,68.79844665527344,68.23643493652344,68.27519226074219,4061126,OKE_2,2010-03-15 to None
2021-06-09 00:00:00+00:00,58.124351501464844,68.75968933105469,69.0600814819336,68.42053985595703,68.79844665527344,4259064,OKE_2,2010-03-15 to None
2021-06-10 00:00:00+00:00,58.222625732421875,68.87596893310547,69.08914947509766,68.43022918701172,68.74031066894531,3442442,OKE_2,2010-03-15 to None
2021-06-11 00:00:00+00:00,57.64925765991211,68.19767761230469,68.87596893310547,67.80038452148438,68.87596893310547,3380522,OKE_2,2010-03-15 to None
2021-06-14 00:00:00+00:00,57.829444885253906,68.41085052490234,68.53681945800781,67.9844970703125,68.28488159179688,3454620,OKE_2,2010-03-15 to None
2021-06-15 00:00:00+00:00,57.01852798461914,67.45155334472656,68.40116119384766,67.44185638427734,68.22674560546875,3225103,OKE_2,2010-03-15 to None
2021-06-16 00:00:00+00:00,56.06836700439453,66.32752227783203,67.81977081298828,66.31782531738281,67.73255920410156,3394145,OKE_2,2010-03-15 to None
2021-06-17 00:00:00+00:00,55.8881721496582,66.11434173583984,66.40503692626953,65.73643493652344,66.38565826416016,3681454,OKE_2,2010-03-15 to None
2021-06-18 00:00:00+00:00,54.74959182739258,64.76744079589844,65.94961547851562,64.75775146484375,65.7655029296875,6611921,OKE_2,2010-03-15 to None
2021-06-21 00:00:00+00:00,55.74891662597656,65.94961547851562,66.36627960205078,64.91278839111328,65.07752227783203,6134930,OKE_2,2010-03-15 to None
2021-06-22 00:00:00+00:00,55.273826599121094,65.3875961303711,65.98837280273438,65.36821746826172,65.6686019897461,4012313,OKE_2,2010-03-15 to None
2021-06-23 00:00:00+00:00,55.224666595458984,65.32946014404297,65.81394958496094,65.13565826416016,65.3875961303711,2973811,OKE_2,2010-03-15 to None
2021-06-24 00:00:00+00:00,54.88064193725586,64.92247772216797,65.79457092285156,64.80620574951172,65.79457092285156,3497138,OKE_2,2010-03-15 to None
2021-06-25 00:00:00+00:00,55.80624771118164,66.01744079589844,66.09496307373047,64.98062133789062,65.31977081298828,4008494,OKE_2,2010-03-15 to None
2021-06-28 00:00:00+00:00,55.56052017211914,65.72674560546875,66.13372039794922,65.41666412353516,66.05620574951172,4729656,OKE_2,2010-03-15 to None
2021-06-29 00:00:00+00:00,55.65880584716797,65.84302520751953,66.37596893310547,65.5910873413086,65.73643493652344,4264843,OKE_2,2010-03-15 to None
2021-06-30 00:00:00+00:00,54.85820770263672,64.67053985595703,66.16278839111328,64.56394958496094,65.56201934814453,4297661,OKE_2,2010-03-15 to None
2021-07-01 00:00:00+00:00,55.11301040649414,64.97093200683594,65.41666412353516,63.711238861083984,63.72092819213867,7887060,OKE_2,2010-03-15 to None
2021-07-02 00:00:00+00:00,55.46645736694336,65.3875961303711,65.80426025390625,65.02906799316406,65.21318054199219,3403330,OKE_2,2010-03-15 to None
2021-07-06 00:00:00+00:00,56.0993766784668,66.13372039794922,66.27906799316406,64.96124267578125,65.4844970703125,4088474,OKE_2,2010-03-15 to None
2021-07-07 00:00:00+00:00,56.05006790161133,66.0755844116211,66.31782531738281,65.4844970703125,65.91085052490234,2785368,OKE_2,2010-03-15 to None
2021-07-08 00:00:00+00:00,55.811683654785156,65.79457092285156,66.19185638427734,65.40697479248047,65.84302520751953,3075773,OKE_2,2010-03-15 to None
2021-07-09 00:00:00+00:00,56.60899353027344,66.7344970703125,66.76356506347656,65.80426025390625,66.11434173583984,2660909,OKE_2,2010-03-15 to None
2021-07-12 00:00:00+00:00,56.96244812011719,67.15116119384766,67.4030990600586,66.3469009399414,66.56977081298828,2742230,OKE_2,2010-03-15 to None
2021-07-13 00:00:00+00:00,56.27198791503906,66.33721160888672,67.20930480957031,65.968994140625,66.98643493652344,2780105,OKE_2,2010-03-15 to None
2021-07-14 00:00:00+00:00,56.60078811645508,66.72480773925781,66.95736694335938,66.23062133789062,66.25968933105469,2726957,OKE_2,2010-03-15 to None
2021-07-15 00:00:00+00:00,56.94599914550781,67.13178253173828,67.18022918701172,66.70542907714844,66.87015533447266,2141916,OKE_2,2010-03-15 to None
2021-07-16 00:00:00+00:00,57.17615509033203,67.4030990600586,67.86821746826172,67.2965087890625,67.52906799316406,2944090,OKE_2,2010-03-15 to None
2021-07-19 00:00:00+00:00,56.469261169433594,66.56977081298828,66.81201934814453,65.93022918701172,66.71511840820312,3832538,OKE_2,2010-03-15 to None
2021-07-20 00:00:00+00:00,57.743324279785156,68.07170867919922,68.34302520751953,66.78294372558594,66.81201934814453,3915924,OKE_2,2010-03-15 to None
2021-07-21 00:00:00+00:00,57.68578338623047,68.00387573242188,68.60465240478516,67.96511840820312,68.03294372558594,2018076,OKE_2,2010-03-15 to None
2021-07-22 00:00:00+00:00,57.463836669921875,67.74224853515625,67.92635345458984,67.37403106689453,67.75193786621094,2118077,OKE_2,2010-03-15 to None
2021-07-23 00:00:00+00:00,57.93239212036133,68.29457092285156,68.42053985595703,67.80038452148438,67.82946014404297,1823544,OKE_2,2010-03-15 to None
2021-07-26 00:00:00+00:00,58.0803337097168,68.468994140625,68.70155334472656,68.03294372558594,68.1686019897461,3046877,OKE_2,2010-03-15 to None
2021-07-27 00:00:00+00:00,58.392669677734375,68.83721160888672,69.16666412353516,68.12984466552734,68.17829132080078,3615406,OKE_2,2010-03-15 to None
2021-07-28 00:00:00+00:00,57.8090705871582,68.14922332763672,69.1375961303711,68.11046600341797,69.1375961303711,3601061,OKE_2,2010-03-15 to None
2021-07-29 00:00:00+00:00,57.718650817871094,68.04263305664062,68.75,67.96511840820312,68.32364654541016,2434385,OKE_2,2010-03-15 to None
2021-07-30 00:00:00+00:00,57.97101974487305,68.11046600341797,69.2344970703125,68.04263305664062,68.21705627441406,5686423,OKE_2,2010-03-15 to None
2021-08-02 00:00:00+00:00,57.67412185668945,67.76162719726562,69.04069519042969,67.75193786621094,68.39147186279297,3196620,OKE_2,2010-03-15 to None
2021-08-03 00:00:00+00:00,58.06999969482422,68.22674560546875,68.69185638427734,67.5,68.12015533447266,2991562,OKE_2,2010-03-15 to None
2021-08-04 00:00:00+00:00,57.85556411743164,67.97480773925781,68.42053985595703,67.81977081298828,68.20736694335938,3057610,OKE_2,2010-03-15 to None
2021-08-05 00:00:00+00:00,58.38339614868164,68.59496307373047,68.60465240478516,67.93605041503906,68.31394958496094,2745120,OKE_2,2010-03-15 to None
2021-08-06 00:00:00+00:00,58.24318313598633,68.43022918701172,68.99224853515625,68.19767761230469,68.6434097290039,2083298,OKE_2,2010-03-15 to None
2021-08-09 00:00:00+00:00,58.24318313598633,68.43022918701172,68.69185638427734,68.03294372558594,68.3720932006836,2352857,OKE_2,2010-03-15 to None
2021-08-10 00:00:00+00:00,57.80607604980469,67.91666412353516,68.44961547851562,67.82946014404297,68.42053985595703,2224373,OKE_2,2010-03-15 to None
2021-08-11 00:00:00+00:00,58.48236846923828,68.71124267578125,68.8565902709961,68.03294372558594,68.28488159179688,2378347,OKE_2,2010-03-15 to None
2021-08-12 00:00:00+00:00,58.49886703491211,68.73062133789062,68.96318054199219,68.19767761230469,68.8469009399414,1806619,OKE_2,2010-03-15 to None
2021-08-13 00:00:00+00:00,59.340126037597656,69.718994140625,69.74806213378906,68.83721160888672,69.02131652832031,2983822,OKE_2,2010-03-15 to None
2021-08-16 00:00:00+00:00,59.81018829345703,70.27131652832031,70.47480773925781,69.70930480957031,69.73837280273438,2991355,OKE_2,2010-03-15 to None
2021-08-17 00:00:00+00:00,59.636993408203125,70.06782531738281,70.32946014404297,69.4186019897461,70.13565826416016,2491248,OKE_2,2010-03-15 to None
2021-08-18 00:00:00+00:00,59.142154693603516,69.48643493652344,70.11627960205078,69.3410873413086,69.93217468261719,2441093,OKE_2,2010-03-15 to None
2021-08-19 00:00:00+00:00,59.00196075439453,69.32170867919922,70.00968933105469,68.90503692626953,69.25387573242188,3700649,OKE_2,2010-03-15 to None
2021-08-20 00:00:00+00:00,59.30711364746094,69.68022918701172,70.0969009399414,68.6530990600586,69.32170867919922,4906438,OKE_2,2010-03-15 to None
2021-08-23 00:00:00+00:00,58.67207336425781,68.93411254882812,70.05814361572266,68.82752227783203,69.75775146484375,3253277,OKE_2,2010-03-15 to None
2021-08-24 00:00:00+00:00,58.42462921142578,68.6434097290039,69.28294372558594,68.4399185180664,69.24418640136719,3022212,OKE_2,2010-03-15 to None
2021-08-25 00:00:00+00:00,58.49886703491211,68.73062133789062,69.18605041503906,68.0813980102539,68.52713012695312,2423755,OKE_2,2010-03-15 to None
2021-08-26 00:00:00+00:00,58.54011535644531,68.77906799316406,69.05038452148438,68.42053985595703,68.72093200683594,1988767,OKE_2,2010-03-15 to None
2021-08-27 00:00:00+00:00,59.01020050048828,69.3313980102539,69.63178253173828,68.97286987304688,69.01162719726562,2729950,OKE_2,2010-03-15 to None
2021-08-30 00:00:00+00:00,59.43084716796875,69.8255844116211,69.8255844116211,69.11821746826172,69.28294372558594,3616025,OKE_2,2010-03-15 to None
2021-08-31 00:00:00+00:00,59.758480072021484,69.98062133789062,70.15503692626953,69.35077667236328,69.60271453857422,3799308,OKE_2,2010-03-15 to None
2021-09-01 00:00:00+00:00,59.91569137573242,70.16472625732422,70.49418640136719,69.04069519042969,70.07752227783203,5329558,OKE_2,2010-03-15 to None
2021-09-02 00:00:00+00:00,60.13909912109375,70.42635345458984,70.45542907714844,69.66085052490234,70.25193786621094,2742024,OKE_2,2010-03-15 to None
2021-09-03 00:00:00+00:00,59.82469940185547,70.05814361572266,70.39728546142578,68.79844665527344,70.30038452148438,5519755,OKE_2,2010-03-15 to None
2021-09-07 00:00:00+00:00,58.92276382446289,69.00193786621094,70.05814361572266,68.5465087890625,70.05814361572266,3147084,OKE_2,2010-03-15 to None
2021-09-08 00:00:00+00:00,59.32819747924805,69.47674560546875,69.67053985595703,68.70155334472656,68.83721160888672,2803325,OKE_2,2010-03-15 to None
2021-09-09 00:00:00+00:00,57.648502349853516,67.50968933105469,69.14728546142578,67.48062133789062,69.1375961303711,4775786,OKE_2,2010-03-15 to None
2021-09-10 00:00:00+00:00,56.200439453125,65.81394958496094,67.71318054199219,65.80426025390625,67.64534759521484,5009225,OKE_2,2010-03-15 to None
2021-09-13 00:00:00+00:00,56.70519256591797,66.40503692626953,66.9186019897461,66.13372039794922,66.5600814819336,5332344,OKE_2,2010-03-15 to None
2021-09-14 00:00:00+00:00,56.4404182434082,66.09496307373047,66.79263305664062,65.56201934814453,66.54069519042969,4360510,OKE_2,2010-03-15 to None
2021-09-15 00:00:00+00:00,56.647281646728516,66.33721160888672,66.65697479248047,65.88178253173828,66.09496307373047,4468044,OKE_2,2010-03-15 to None
2021-09-16 00:00:00+00:00,56.58935546875,66.26937866210938,66.78294372558594,65.91085052490234,66.27906799316406,3121078,OKE_2,2010-03-15 to None
2021-09-17 00:00:00+00:00,56.00186538696289,65.5813980102539,66.94767761230469,65.47480773925781,66.20155334472656,8805746,OKE_2,2010-03-15 to None
2021-09-20 00:00:00+00:00,55.94391632080078,65.51356506347656,66.00775146484375,64.86434173583984,65.1065902709961,5323056,OKE_2,2010-03-15 to None
2021-09-21 00:00:00+00:00,55.64604949951172,65.16472625732422,65.97868347167969,65.16472625732422,65.75581359863281,4148640,OKE_2,2010-03-15 to None
2021-09-22 00:00:00+00:00,56.068058013916016,65.6589126586914,66.02713012695312,65.33914947509766,65.69767761230469,3644611,OKE_2,2010-03-15 to None
2021-09-23 00:00:00+00:00,56.08460998535156,65.67829132080078,66.12403106689453,65.62015533447266,65.79457092285156,3899825,OKE_2,2010-03-15 to None
2021-09-24 00:00:00+00:00,54.992366790771484,64.39922332763672,65.71705627441406,64.16666412353516,65.46511840820312,4209528,OKE_2,2010-03-15 to None
2021-09-27 00:00:00+00:00,54.34695816040039,63.643409729003906,65.06782531738281,63.63372039794922,64.68022918701172,4117061,OKE_2,2010-03-15 to None
2021-09-28 00:00:00+00:00,53.78429412841797,62.9844970703125,63.56589126586914,62.89728546142578,63.39147186279297,4416238,OKE_2,2010-03-15 to None
2021-09-29 00:00:00+00:00,54.65311813354492,64.00193786621094,64.1375961303711,63.17829513549805,63.23643493652344,4034398,OKE_2,2010-03-15 to None
2021-09-30 00:00:00+00:00,53.860904693603516,62.848838806152344,64.00193786621094,62.848838806152344,63.953487396240234,3607253,OKE_2,2010-03-15 to None
2021-10-01 00:00:00+00:00,54.683013916015625,63.80813980102539,64.24418640136719,62.96511459350586,63.22674560546875,3023554,OKE_2,2010-03-15 to None
2021-10-04 00:00:00+00:00,55.22278594970703,64.43798065185547,64.52519226074219,63.50775146484375,63.604652404785156,3561019,OKE_2,2010-03-15 to None
2021-10-05 00:00:00+00:00,55.01519775390625,64.19573974609375,64.50581359863281,63.77907180786133,64.43798065185547,3218498,OKE_2,2010-03-15 to None
2021-10-06 00:00:00+00:00,56.26081848144531,65.64922332763672,65.70736694335938,63.69186019897461,64.04069519042969,4103851,OKE_2,2010-03-15 to None
2021-10-07 00:00:00+00:00,56.31895065307617,65.71705627441406,66.60852813720703,65.60077667236328,65.85271453857422,3184442,OKE_2,2010-03-15 to None
2021-10-08 00:00:00+00:00,55.804080963134766,65.11627960205078,65.968994140625,65.00968933105469,65.60077667236328,2094444,OKE_2,2010-03-15 to None
2021-10-11 00:00:00+00:00,56.26911544799805,65.6589126586914,65.68798065185547,64.94185638427734,65.14534759521484,2593726,OKE_2,2010-03-15 to None
2021-10-12 00:00:00+00:00,56.96665954589844,66.47286987304688,66.87015533447266,65.51356506347656,65.79457092285156,3707770,OKE_2,2010-03-15 to None
2021-10-13 00:00:00+00:00,57.099517822265625,66.6279067993164,66.94767761230469,65.63953399658203,66.72480773925781,5716558,OKE_2,2010-03-15 to None
2021-10-14 00:00:00+00:00,57.813697814941406,67.46124267578125,67.62596893310547,66.27906799316406,66.85077667236328,4535124,OKE_2,2010-03-15 to None
2021-10-15 00:00:00+00:00,57.84690475463867,67.5,68.19767761230469,67.31588745117188,67.90697479248047,4263811,OKE_2,2010-03-15 to None
2021-10-18 00:00:00+00:00,58.419883728027344,68.1686019897461,68.25581359863281,67.05426025390625,67.25775146484375,2513539,OKE_2,2010-03-15 to None
2021-10-19 00:00:00+00:00,58.16246032714844,67.86821746826172,68.38178253173828,67.81977081298828,68.34302520751953,3519636,OKE_2,2010-03-15 to None
2021-10-20 00:00:00+00:00,59.25862121582031,69.14728546142578,69.18605041503906,67.92635345458984,68.00387573242188,2735832,OKE_2,2010-03-15 to None
2021-10-21 00:00:00+00:00,59.10085678100586,68.96318054199219,69.57364654541016,68.70155334472656,69.14728546142578,3152347,OKE_2,2010-03-15 to None
2021-10-22 00:00:00+00:00,59.582481384277344,69.52519226074219,69.63178253173828,69.04069519042969,69.0600814819336,2530258,OKE_2,2010-03-15 to None
2021-10-25 00:00:00+00:00,61.34296798706055,71.57946014404297,72.24806213378906,69.52519226074219,69.55426025390625,7199232,OKE_2,2010-03-15 to None
2021-10-26 00:00:00+00:00,61.53397750854492,71.80232238769531,72.28681945800781,71.10465240478516,71.30814361572266,5146790,OKE_2,2010-03-15 to None
2021-10-27 00:00:00+00:00,60.8862419128418,71.0465087890625,72.1899185180664,71.02713012695312,72.08333587646484,6688186,OKE_2,2010-03-15 to None
2021-10-28 00:00:00+00:00,60.74507141113281,70.88178253173828,71.32752227783203,70.26162719726562,71.29844665527344,9845486,OKE_2,2010-03-15 to None
2021-10-29 00:00:00+00:00,59.316741943359375,69.21511840820312,71.0465087890625,69.031005859375,70.281005859375,45300982,OKE_2,2010-03-15 to None
2021-11-01 00:00:00+00:00,59.03847885131836,68.66278839111328,69.05038452148438,67.22868347167969,68.79844665527344,5556391,OKE_2,2010-03-15 to None
2021-11-02 00:00:00+00:00,59.97995376586914,69.75775146484375,70.281005859375,68.70155334472656,68.9534912109375,4598076,OKE_2,2010-03-15 to None
2021-11-03 00:00:00+00:00,60.221580505371094,70.03875732421875,70.39728546142578,69.64147186279297,69.76744079589844,3625519,OKE_2,2010-03-15 to None
2021-11-04 00:00:00+00:00,59.388404846191406,69.06977081298828,70.30038452148438,68.68217468261719,70.22286987304688,2901571,OKE_2,2010-03-15 to None
2021-11-05 00:00:00+00:00,59.79664611816406,69.54457092285156,70.39728546142578,69.38953399658203,69.68022918701172,3300130,OKE_2,2010-03-15 to None
2021-11-08 00:00:00+00:00,59.54670333862305,69.25387573242188,69.60271453857422,68.8469009399414,69.59302520751953,2880415,OKE_2,2010-03-15 to None
2021-11-09 00:00:00+00:00,59.121795654296875,68.75968933105469,69.54457092285156,68.5755844116211,69.48643493652344,3382793,OKE_2,2010-03-15 to None
2021-11-10 00:00:00+00:00,59.27177047729492,68.93411254882812,69.26356506347656,68.71124267578125,68.75968933105469,2653582,OKE_2,2010-03-15 to None
2021-11-11 00:00:00+00:00,60.33821487426758,70.1744155883789,70.18411254882812,68.47868347167969,68.62403106689453,2945328,OKE_2,2010-03-15 to None
2021-11-12 00:00:00+00:00,60.60482406616211,70.4844970703125,70.64922332763672,69.98062133789062,70.06782531738281,3001985,OKE_2,2010-03-15 to None
2021-11-15 00:00:00+00:00,61.168453216552734,71.13999938964844,71.37000274658203,70.41000366210938,71.37000274658203,7029300,OKE_2,2010-03-15 to None
2021-11-16 00:00:00+00:00,61.40061950683594,71.41000366210938,71.44999694824219,70.37000274658203,71.2300033569336,4903200,OKE_2,2010-03-15 to None
2021-11-17 00:00:00+00:00,61.882118225097656,71.97000122070312,72.0199966430664,69.55000305175781,71.23999786376953,6557200,OKE_2,2010-03-15 to None
2021-11-18 00:00:00+00:00,61.08248519897461,71.04000091552734,72.16000366210938,70.91000366210938,72.12999725341797,4760600,OKE_2,2010-03-15 to None
2021-11-19 00:00:00+00:00,60.97067642211914,70.91000366210938,71.41999816894531,70.30000305175781,71.05999755859375,5543500,OKE_2,2010-03-15 to None
2021-11-22 00:00:00+00:00,60.78152084350586,70.69000244140625,71.62999725341797,70.5199966430664,70.94000244140625,6528200,OKE_2,2010-03-15 to None
2021-11-23 00:00:00+00:00,60.10226058959961,69.9000015258789,71.05999755859375,69.88999938964844,70.80999755859375,4518600,OKE_2,2010-03-15 to None
2021-11-24 00:00:00+00:00,60.738529205322266,70.63999938964844,70.73999786376953,69.43000030517578,69.91999816894531,3930900,OKE_2,2010-03-15 to None
2021-11-26 00:00:00+00:00,59.7325325012207,69.47000122070312,70.77999877929688,69.18000030517578,69.83999633789062,3720200,OKE_2,2010-03-15 to None
2021-11-29 00:00:00+00:00,60.016273498535156,69.80000305175781,70.5999984741211,69.19000244140625,70.0199966430664,5540100,OKE_2,2010-03-15 to None
2021-11-30 00:00:00+00:00,58.60633850097656,67.91999816894531,69.48999786376953,67.88999938964844,69.48999786376953,6217100,OKE_2,2010-03-15 to None
2021-12-01 00:00:00+00:00,56.88059997558594,65.91999816894531,69.08999633789062,65.9000015258789,68.44999694824219,6009300,OKE_2,2010-03-15 to None
2021-12-02 00:00:00+00:00,58.26119613647461,67.5199966430664,68.05999755859375,66.41999816894531,66.55000305175781,5086200,OKE_2,2010-03-15 to None
2021-12-03 00:00:00+00:00,58.028221130371094,67.25,67.87999725341797,66.83000183105469,67.58000183105469,4047600,OKE_2,2010-03-15 to None
2021-12-06 00:00:00+00:00,58.7443962097168,68.08000183105469,69.58000183105469,67.70999908447266,67.7699966430664,5604700,OKE_2,2010-03-15 to None
2021-12-07 00:00:00+00:00,59.01189041137695,68.38999938964844,68.87999725341797,68.04000091552734,68.4000015258789,6229000,OKE_2,2010-03-15 to None
2021-12-08 00:00:00+00:00,59.4088020324707,68.8499984741211,69.08999633789062,68.23999786376953,68.3499984741211,4298400,OKE_2,2010-03-15 to None
2021-12-09 00:00:00+00:00,58.123138427734375,67.36000061035156,68.5199966430664,67.33999633789062,68.5199966430664,3697900,OKE_2,2010-03-15 to None
2021-12-10 00:00:00+00:00,57.76073455810547,66.94000244140625,67.80999755859375,66.88999938964844,67.80999755859375,3874900,OKE_2,2010-03-15 to None
2021-12-13 00:00:00+00:00,58.81342697143555,68.16000366210938,68.47000122070312,66.8499984741211,66.98999786376953,4984500,OKE_2,2010-03-15 to None
2021-12-14 00:00:00+00:00,58.062744140625,67.29000091552734,68.63999938964844,67.25,68.0999984741211,4766400,OKE_2,2010-03-15 to None
2021-12-15 00:00:00+00:00,58.00233840942383,67.22000122070312,67.37999725341797,65.6500015258789,67.0,6006200,OKE_2,2010-03-15 to None
2021-12-16 00:00:00+00:00,58.39063262939453,67.66999816894531,68.0,67.13999938964844,67.44000244140625,5136800,OKE_2,2010-03-15 to None
2021-12-17 00:00:00+00:00,58.485538482666016,67.77999877929688,68.66999816894531,67.55000305175781,67.6500015258789,12326900,OKE_2,2010-03-15 to None
2021-12-20 00:00:00+00:00,58.03684997558594,67.26000213623047,67.37999725341797,66.36000061035156,67.13999938964844,3914000,OKE_2,2010-03-15 to None
2021-12-21 00:00:00+00:00,59.30527114868164,68.7300033569336,68.86000061035156,67.55999755859375,67.58999633789062,4084300,OKE_2,2010-03-15 to None
2021-12-22 00:00:00+00:00,59.65903854370117,69.13999938964844,69.23999786376953,68.45999908447266,68.9000015258789,2989200,OKE_2,2010-03-15 to None
2021-12-23 00:00:00+00:00,59.728084564208984,69.22000122070312,69.41999816894531,68.86000061035156,69.25,2863700,OKE_2,2010-03-15 to None
2021-12-27 00:00:00+00:00,61.21222686767578,70.94000244140625,70.94999694824219,69.23999786376953,69.25,3346100,OKE_2,2010-03-15 to None
2021-12-28 00:00:00+00:00,61.6091423034668,71.4000015258789,71.51000213623047,70.73999786376953,70.87999725341797,2663800,OKE_2,2010-03-15 to None
2021-12-29 00:00:00+00:00,62.04058074951172,71.9000015258789,72.02999877929688,71.30999755859375,71.5,1920100,OKE_2,2010-03-15 to None
2021-12-30 00:00:00+00:00,62.049217224121094,71.91000366210938,72.20999908447266,71.51000213623047,72.0,2071500,OKE_2,2010-03-15 to None
2021-12-31 00:00:00+00:00,61.98599624633789,71.58999633789062,72.01000213623047,71.51000213623047,71.75,2309800,OKE_2,2010-03-15 to None
2022-01-03 00:00:00+00:00,61.648311614990234,71.19999694824219,71.80999755859375,70.0999984741211,71.7300033569336,3110500,OKE_2,2010-03-15 to None
2022-01-04 00:00:00+00:00,62.55747985839844,72.25,72.4800033569336,71.12000274658203,71.1500015258789,3410700,OKE_2,2010-03-15 to None
2022-01-05 00:00:00+00:00,61.5444221496582,71.08000183105469,72.4800033569336,70.88999938964844,72.12000274658203,3237600,OKE_2,2010-03-15 to None
2022-01-06 00:00:00+00:00,61.83015441894531,71.41000366210938,71.87000274658203,70.88999938964844,71.36000061035156,2869800,OKE_2,2010-03-15 to None
2022-01-07 00:00:00+00:00,61.83015441894531,71.41000366210938,71.54000091552734,70.70999908447266,71.12999725341797,3108900,OKE_2,2010-03-15 to None
2022-01-10 00:00:00+00:00,62.02062225341797,71.62999725341797,71.66000366210938,70.55000305175781,71.29000091552734,3275800,OKE_2,2010-03-15 to None
2022-01-11 00:00:00+00:00,61.72624588012695,71.29000091552734,71.62000274658203,70.37000274658203,71.48999786376953,3998100,OKE_2,2010-03-15 to None
2022-01-12 00:00:00+00:00,62.22842788696289,71.87000274658203,72.19000244140625,71.19999694824219,71.33999633789062,4234500,OKE_2,2010-03-15 to None
2022-01-13 00:00:00+00:00,62.08123779296875,71.69999694824219,72.55000305175781,71.51000213623047,71.98999786376953,2390600,OKE_2,2010-03-15 to None
2022-01-14 00:00:00+00:00,61.90806198120117,71.5,71.72000122070312,70.75,71.55000305175781,2506100,OKE_2,2010-03-15 to None
2022-01-18 00:00:00+00:00,60.37553405761719,69.7300033569336,71.43000030517578,69.63999938964844,71.27999877929688,4224000,OKE_2,2010-03-15 to None
2022-01-19 00:00:00+00:00,59.37115478515625,68.56999969482422,70.0199966430664,68.55999755859375,69.87000274658203,3281300,OKE_2,2010-03-15 to None
2022-01-20 00:00:00+00:00,58.28883361816406,67.31999969482422,68.97000122070312,67.30999755859375,68.7300033569336,3647100,OKE_2,2010-03-15 to None
2022-01-21 00:00:00+00:00,58.8083381652832,67.91999816894531,68.2300033569336,66.9800033569336,67.55999755859375,4183100,OKE_2,2010-03-15 to None
2022-01-24 00:00:00+00:00,59.232627868652344,68.41000366210938,68.51000213623047,65.73999786376953,66.97000122070312,6464500,OKE_2,2010-03-15 to None
2022-01-25 00:00:00+00:00,59.674198150634766,68.91999816894531,69.22000122070312,67.11000061035156,67.79000091552734,4623200,OKE_2,2010-03-15 to None
2022-01-26 00:00:00+00:00,58.8170166015625,67.93000030517578,70.08999633789062,67.47000122070312,69.37999725341797,4577500,OKE_2,2010-03-15 to None
2022-01-27 00:00:00+00:00,58.6697998046875,67.76000213623047,69.19000244140625,67.48999786376953,68.37999725341797,3257500,OKE_2,2010-03-15 to None
2022-01-28 00:00:00+00:00,60.1677131652832,69.48999786376953,69.5,66.93000030517578,67.72000122070312,3531800,OKE_2,2010-03-15 to None
2022-01-31 00:00:00+00:00,60.31283950805664,69.41000366210938,69.44000244140625,68.29000091552734,68.62999725341797,4353700,OKE_2,2010-03-15 to None
2022-02-01 00:00:00+00:00,60.069522857666016,69.12999725341797,69.5199966430664,68.6500015258789,69.02999877929688,3264300,OKE_2,2010-03-15 to None
2022-02-02 00:00:00+00:00,60.65171432495117,69.80000305175781,70.0199966430664,68.62000274658203,68.98999786376953,3400900,OKE_2,2010-03-15 to None
2022-02-03 00:00:00+00:00,59.669830322265625,68.66999816894531,69.52999877929688,68.5999984741211,69.5,2299800,OKE_2,2010-03-15 to None
2022-02-04 00:00:00+00:00,59.25273513793945,68.19000244140625,68.80999755859375,67.7300033569336,68.4000015258789,3705200,OKE_2,2010-03-15 to None
2022-02-07 00:00:00+00:00,59.12238311767578,68.04000091552734,68.73999786376953,67.9000015258789,68.0999984741211,2636500,OKE_2,2010-03-15 to None
2022-02-08 00:00:00+00:00,58.696624755859375,67.55000305175781,68.13999938964844,67.31999969482422,67.98999786376953,3039200,OKE_2,2010-03-15 to None
2022-02-09 00:00:00+00:00,59.57423400878906,68.55999755859375,68.77999877929688,68.06999969482422,68.16000366210938,2224900,OKE_2,2010-03-15 to None
2022-02-10 00:00:00+00:00,58.42723846435547,67.23999786376953,68.73999786376953,66.91000366210938,67.79000091552734,3162100,OKE_2,2010-03-15 to None
2022-02-11 00:00:00+00:00,58.64447021484375,67.48999786376953,68.22000122070312,66.79000091552734,67.52999877929688,3795300,OKE_2,2010-03-15 to None
2022-02-14 00:00:00+00:00,58.12312316894531,66.88999938964844,67.69000244140625,66.58000183105469,67.33999633789062,3771800,OKE_2,2010-03-15 to None
2022-02-15 00:00:00+00:00,58.262149810791016,67.05000305175781,67.83999633789062,66.88999938964844,67.48999786376953,3069800,OKE_2,2010-03-15 to None
2022-02-16 00:00:00+00:00,58.601036071777344,67.44000244140625,67.63999938964844,66.72000122070312,67.19999694824219,3651400,OKE_2,2010-03-15 to None
2022-02-17 00:00:00+00:00,58.3229866027832,67.12000274658203,67.41000366210938,66.55999755859375,66.95999908447266,3543000,OKE_2,2010-03-15 to None
2022-02-18 00:00:00+00:00,57.897186279296875,66.62999725341797,67.62000274658203,66.55000305175781,67.11000061035156,3611100,OKE_2,2010-03-15 to None
2022-02-22 00:00:00+00:00,57.384521484375,66.04000091552734,66.69000244140625,65.58999633789062,66.45999908447266,3521000,OKE_2,2010-03-15 to None
2022-02-23 00:00:00+00:00,56.698062896728516,65.25,67.18000030517578,65.20999908447266,67.08999633789062,3725100,OKE_2,2010-03-15 to None
2022-02-24 00:00:00+00:00,57.123844146728516,65.73999786376953,65.94000244140625,63.900001525878906,64.66999816894531,5712100,OKE_2,2010-03-15 to None
2022-02-25 00:00:00+00:00,58.5662727355957,67.4000015258789,67.45999908447266,65.87000274658203,66.0,5839700,OKE_2,2010-03-15 to None
2022-02-28 00:00:00+00:00,57.63918685913086,66.08999633789062,66.97000122070312,65.51000213623047,66.5,7089700,OKE_2,2010-03-15 to None
2022-03-01 00:00:00+00:00,57.40372085571289,65.81999969482422,66.56999969482422,65.4800033569336,66.26000213623047,5832800,OKE_2,2010-03-15 to None
2022-03-02 00:00:00+00:00,57.64791488647461,66.0999984741211,66.58000183105469,65.80999755859375,66.0,6091100,OKE_2,2010-03-15 to None
2022-03-03 00:00:00+00:00,58.1014289855957,66.62000274658203,66.66000366210938,65.41999816894531,66.41999816894531,5489700,OKE_2,2010-03-15 to None
2022-03-04 00:00:00+00:00,58.27585983276367,66.81999969482422,66.86000061035156,65.16999816894531,66.12000274658203,4697900,OKE_2,2010-03-15 to None
2022-03-07 00:00:00+00:00,56.4007568359375,64.66999816894531,66.5199966430664,64.66000366210938,66.43000030517578,5221300,OKE_2,2010-03-15 to None
2022-03-08 00:00:00+00:00,56.60136413574219,64.9000015258789,65.88999938964844,64.16999816894531,64.62000274658203,4348800,OKE_2,2010-03-15 to None
2022-03-09 00:00:00+00:00,56.836822509765625,65.16999816894531,65.95999908447266,65.12999725341797,65.69999694824219,3745900,OKE_2,2010-03-15 to None
2022-03-10 00:00:00+00:00,56.531578063964844,64.81999969482422,64.95999908447266,64.12999725341797,64.70999908447266,4454700,OKE_2,2010-03-15 to None
2022-03-11 00:00:00+00:00,56.993804931640625,65.3499984741211,65.88999938964844,65.18000030517578,65.25,3451700,OKE_2,2010-03-15 to None
2022-03-14 00:00:00+00:00,56.583919525146484,64.87999725341797,66.1500015258789,64.5999984741211,65.66999816894531,3301000,OKE_2,2010-03-15 to None
2022-03-15 00:00:00+00:00,56.79323196411133,65.12000274658203,66.12000274658203,64.66999816894531,65.81999969482422,3920800,OKE_2,2010-03-15 to None
2022-03-16 00:00:00+00:00,57.21185302734375,65.5999984741211,66.16999816894531,64.51000213623047,65.5199966430664,4870100,OKE_2,2010-03-15 to None
2022-03-17 00:00:00+00:00,57.988075256347656,66.48999786376953,66.5199966430664,65.13999938964844,65.16000366210938,3685900,OKE_2,2010-03-15 to None
2022-03-18 00:00:00+00:00,58.32817077636719,66.87999725341797,66.94999694824219,66.30000305175781,66.30000305175781,6202100,OKE_2,2010-03-15 to None
2022-03-21 00:00:00+00:00,58.06653594970703,66.58000183105469,67.4800033569336,66.23999786376953,66.83000183105469,4196600,OKE_2,2010-03-15 to None
2022-03-22 00:00:00+00:00,58.825294494628906,67.44999694824219,67.79000091552734,66.8499984741211,66.87000274658203,5000400,OKE_2,2010-03-15 to None
2022-03-23 00:00:00+00:00,58.34562683105469,66.9000015258789,67.5199966430664,66.75,67.29000091552734,2835000,OKE_2,2010-03-15 to None
2022-03-24 00:00:00+00:00,58.240970611572266,66.77999877929688,67.02999877929688,66.36000061035156,66.80999755859375,3150900,OKE_2,2010-03-15 to None
2022-03-25 00:00:00+00:00,59.26136016845703,67.94999694824219,67.98999786376953,67.0,67.0199966430664,2642000,OKE_2,2010-03-15 to None
2022-03-28 00:00:00+00:00,59.93289566040039,68.72000122070312,68.72000122070312,67.87000274658203,67.91000366210938,3393400,OKE_2,2010-03-15 to None
2022-03-29 00:00:00+00:00,61.58995056152344,70.62000274658203,70.70999908447266,69.06999969482422,69.11000061035156,3769500,OKE_2,2010-03-15 to None
2022-03-30 00:00:00+00:00,61.29342269897461,70.27999877929688,70.88999938964844,70.0199966430664,70.48999786376953,2922000,OKE_2,2010-03-15 to None
2022-03-31 00:00:00+00:00,60.651893615722656,69.30000305175781,70.66999816894531,69.27999877929688,70.41000366210938,3834800,OKE_2,2010-03-15 to None
2022-04-01 00:00:00+00:00,62.052215576171875,70.9000015258789,70.91000366210938,69.33000183105469,69.36000061035156,3288700,OKE_2,2010-03-15 to None
2022-04-04 00:00:00+00:00,61.76340103149414,70.56999969482422,70.86000061035156,69.7699966430664,70.66999816894531,3090800,OKE_2,2010-03-15 to None
2022-04-05 00:00:00+00:00,61.8509407043457,70.66999816894531,71.47000122070312,70.5199966430664,70.55999755859375,3135600,OKE_2,2010-03-15 to None
2022-04-06 00:00:00+00:00,62.822425842285156,71.77999877929688,71.80000305175781,69.7699966430664,70.25,3280800,OKE_2,2010-03-15 to None
2022-04-07 00:00:00+00:00,62.68238830566406,71.62000274658203,71.97000122070312,70.79000091552734,71.33999633789062,3550900,OKE_2,2010-03-15 to None
2022-04-08 00:00:00+00:00,63.15500259399414,72.16000366210938,72.52999877929688,71.37000274658203,71.69999694824219,2816600,OKE_2,2010-03-15 to None
2022-04-11 00:00:00+00:00,62.594844818115234,71.5199966430664,72.30000305175781,71.3499984741211,72.12999725341797,2342100,OKE_2,2010-03-15 to None
2022-04-12 00:00:00+00:00,62.6298713684082,71.55999755859375,71.86000061035156,71.13999938964844,71.5,2302300,OKE_2,2010-03-15 to None
2022-04-13 00:00:00+00:00,63.18124008178711,72.19000244140625,72.22000122070312,71.66999816894531,71.73999786376953,2546700,OKE_2,2010-03-15 to None
2022-04-14 00:00:00+00:00,63.54884338378906,72.61000061035156,73.08000183105469,72.31999969482422,72.48999786376953,2625300,OKE_2,2010-03-15 to None
2022-04-18 00:00:00+00:00,64.10897064208984,73.25,73.37999725341797,72.5199966430664,72.61000061035156,2544600,OKE_2,2010-03-15 to None
2022-04-19 00:00:00+00:00,64.87040710449219,74.12000274658203,74.2699966430664,73.3499984741211,73.37999725341797,3406000,OKE_2,2010-03-15 to None
2022-04-20 00:00:00+00:00,65.57933807373047,74.93000030517578,75.31999969482422,74.02999877929688,74.12000274658203,2807700,OKE_2,2010-03-15 to None
2022-04-21 00:00:00+00:00,65.25550079345703,74.55999755859375,75.4000015258789,74.5199966430664,75.16999816894531,2734200,OKE_2,2010-03-15 to None
2022-04-22 00:00:00+00:00,64.36277770996094,73.54000091552734,74.75,73.4800033569336,74.41999816894531,3112400,OKE_2,2010-03-15 to None
2022-04-25 00:00:00+00:00,63.67136001586914,72.75,73.66000366210938,71.86000061035156,73.5,4179100,OKE_2,2010-03-15 to None
2022-04-26 00:00:00+00:00,62.95368194580078,71.93000030517578,73.5,71.91000366210938,72.97000122070312,3676200,OKE_2,2010-03-15 to None
2022-04-27 00:00:00+00:00,62.71738815307617,71.66000366210938,72.55999755859375,71.61000061035156,72.16999816894531,2955000,OKE_2,2010-03-15 to None
2022-04-28 00:00:00+00:00,63.63636779785156,72.70999908447266,72.83000183105469,71.20999908447266,71.66000366210938,3130100,OKE_2,2010-03-15 to None
2022-04-29 00:00:00+00:00,60.911338806152344,69.36000061035156,72.08000183105469,69.2300033569336,72.01000213623047,6374100,OKE_2,2010-03-15 to None
2022-05-02 00:00:00+00:00,59.17251205444336,67.37999725341797,69.87000274658203,66.11000061035156,69.58000183105469,4257100,OKE_2,2010-03-15 to None
2022-05-03 00:00:00+00:00,59.42718505859375,67.66999816894531,68.66000366210938,67.11000061035156,67.7300033569336,3143500,OKE_2,2010-03-15 to None
2022-05-04 00:00:00+00:00,60.226348876953125,68.58000183105469,68.88999938964844,67.01000213623047,67.54000091552734,3296200,OKE_2,2010-03-15 to None
2022-05-05 00:00:00+00:00,58.926597595214844,67.0999984741211,69.37000274658203,66.6500015258789,69.05999755859375,3206300,OKE_2,2010-03-15 to None
2022-05-06 00:00:00+00:00,58.06599807739258,66.12000274658203,66.86000061035156,65.37000274658203,66.5199966430664,3568400,OKE_2,2010-03-15 to None
2022-05-09 00:00:00+00:00,56.69600296020508,64.55999755859375,65.63999938964844,64.30000305175781,65.5,4524500,OKE_2,2010-03-15 to None
2022-05-10 00:00:00+00:00,55.765140533447266,63.5,65.51000213623047,62.7400016784668,65.16000366210938,5762800,OKE_2,2010-03-15 to None
2022-05-11 00:00:00+00:00,56.02858352661133,63.79999923706055,64.62000274658203,63.150001525878906,63.5,4444100,OKE_2,2010-03-15 to None
2022-05-12 00:00:00+00:00,57.42491912841797,65.38999938964844,65.4000015258789,63.38999938964844,63.58000183105469,5584800,OKE_2,2010-03-15 to None
2022-05-13 00:00:00+00:00,59.19886016845703,67.41000366210938,67.47000122070312,65.4000015258789,65.80000305175781,5225300,OKE_2,2010-03-15 to None
2022-05-16 00:00:00+00:00,59.76968002319336,68.05999755859375,68.37000274658203,67.12999725341797,67.58999633789062,3543200,OKE_2,2010-03-15 to None
2022-05-17 00:00:00+00:00,60.252681732177734,68.61000061035156,68.81999969482422,67.77999877929688,68.43000030517578,4711800,OKE_2,2010-03-15 to None
2022-05-18 00:00:00+00:00,59.330589294433594,67.55999755859375,68.5,67.37000274658203,68.33999633789062,5187300,OKE_2,2010-03-15 to None
2022-05-19 00:00:00+00:00,58.97052764892578,67.1500015258789,67.80999755859375,66.18000030517578,67.12999725341797,4499300,OKE_2,2010-03-15 to None
2022-05-20 00:00:00+00:00,59.708213806152344,67.98999786376953,68.12000274658203,66.9000015258789,67.79000091552734,4085500,OKE_2,2010-03-15 to None
2022-05-23 00:00:00+00:00,59.032005310058594,67.22000122070312,68.48999786376953,67.0199966430664,67.9000015258789,6075200,OKE_2,2010-03-15 to None
2022-05-24 00:00:00+00:00,60.103397369384766,68.44000244140625,68.5199966430664,66.29000091552734,67.25,4053100,OKE_2,2010-03-15 to None
2022-05-25 00:00:00+00:00,60.753257751464844,69.18000030517578,69.44999694824219,68.02999877929688,68.11000061035156,4227300,OKE_2,2010-03-15 to None
2022-05-26 00:00:00+00:00,59.77845764160156,68.06999969482422,69.31999969482422,68.0199966430664,69.08000183105469,4491900,OKE_2,2010-03-15 to None
2022-05-27 00:00:00+00:00,60.90254211425781,69.3499984741211,69.37000274658203,68.43000030517578,68.5,3369600,OKE_2,2010-03-15 to None
2022-05-31 00:00:00+00:00,60.12432861328125,68.22000122070312,68.58000183105469,67.30000305175781,68.18000030517578,6709300,OKE_2,2010-03-15 to None
2022-06-01 00:00:00+00:00,60.000938415527344,68.08000183105469,68.41000366210938,67.58999633789062,68.2300033569336,2879800,OKE_2,2010-03-15 to None
2022-06-02 00:00:00+00:00,60.31821060180664,68.44000244140625,68.4800033569336,66.97000122070312,67.86000061035156,2701500,OKE_2,2010-03-15 to None
2022-06-03 00:00:00+00:00,59.36638259887695,67.36000061035156,68.18000030517578,67.25,68.16999816894531,2821700,OKE_2,2010-03-15 to None
2022-06-06 00:00:00+00:00,59.03147888183594,66.9800033569336,67.79000091552734,66.44000244140625,67.79000091552734,4764100,OKE_2,2010-03-15 to None
2022-06-07 00:00:00+00:00,59.98332595825195,68.05999755859375,68.11000061035156,66.62000274658203,66.75,3832200,OKE_2,2010-03-15 to None
2022-06-08 00:00:00+00:00,59.14605712890625,67.11000061035156,67.76000213623047,66.87999725341797,67.68000030517578,2979100,OKE_2,2010-03-15 to None
2022-06-09 00:00:00+00:00,58.414546966552734,66.27999877929688,67.55999755859375,66.26000213623047,66.95999908447266,4325300,OKE_2,2010-03-15 to None
2022-06-10 00:00:00+00:00,58.13253402709961,65.95999908447266,66.72000122070312,65.2699966430664,65.7300033569336,4513600,OKE_2,2010-03-15 to None
2022-06-13 00:00:00+00:00,55.7088623046875,63.209999084472656,65.11000061035156,62.939998626708984,64.87000274658203,5406100,OKE_2,2010-03-15 to None
2022-06-14 00:00:00+00:00,55.338722229003906,62.790000915527344,63.66999816894531,62.290000915527344,63.310001373291016,4541300,OKE_2,2010-03-15 to None
2022-06-15 00:00:00+00:00,57.11017608642578,64.80000305175781,65.79000091552734,63.2400016784668,63.380001068115234,4884500,OKE_2,2010-03-15 to None
2022-06-16 00:00:00+00:00,56.60782241821289,64.2300033569336,64.91000366210938,63.29999923706055,63.47999954223633,4708400,OKE_2,2010-03-15 to None
2022-06-17 00:00:00+00:00,57.171878814697266,64.87000274658203,65.69000244140625,64.20999908447266,64.20999908447266,15381100,OKE_2,2010-03-15 to None
2022-06-21 00:00:00+00:00,57.70067596435547,65.47000122070312,66.23999786376953,65.01000213623047,65.01000213623047,3592900,OKE_2,2010-03-15 to None
2022-06-22 00:00:00+00:00,58.511505126953125,66.38999938964844,67.06999969482422,64.76000213623047,64.76000213623047,3427300,OKE_2,2010-03-15 to None
2022-06-23 00:00:00+00:00,59.921634674072266,67.98999786376953,68.05000305175781,66.9000015258789,67.05000305175781,4081700,OKE_2,2010-03-15 to None
2022-06-24 00:00:00+00:00,60.97924041748047,69.19000244140625,69.37999725341797,67.91000366210938,68.05999755859375,5933800,OKE_2,2010-03-15 to None
2022-06-27 00:00:00+00:00,61.199562072753906,69.44000244140625,69.66999816894531,68.55999755859375,69.05999755859375,3798400,OKE_2,2010-03-15 to None
2022-06-28 00:00:00+00:00,60.92634201049805,69.12999725341797,70.68000030517578,69.02999877929688,69.9000015258789,2858800,OKE_2,2010-03-15 to None
2022-06-29 00:00:00+00:00,61.12903594970703,69.36000061035156,69.47000122070312,68.87999725341797,68.9800033569336,3085800,OKE_2,2010-03-15 to None
2022-06-30 00:00:00+00:00,60.3754768371582,68.26000213623047,68.97000122070312,67.95999908447266,68.61000061035156,3766600,OKE_2,2010-03-15 to None
2022-07-01 00:00:00+00:00,62.04716491699219,70.1500015258789,70.20999908447266,68.13999938964844,68.18000030517578,2950200,OKE_2,2010-03-15 to None
2022-07-05 00:00:00+00:00,61.2864990234375,69.29000091552734,69.86000061035156,68.08000183105469,69.61000061035156,2979500,OKE_2,2010-03-15 to None
2022-07-06 00:00:00+00:00,61.47222900390625,69.5,69.9800033569336,69.02999877929688,69.5,3031300,OKE_2,2010-03-15 to None
2022-07-07 00:00:00+00:00,60.844242095947266,68.79000091552734,69.69000244140625,68.6500015258789,69.62000274658203,3871800,OKE_2,2010-03-15 to None
2022-07-08 00:00:00+00:00,61.01229476928711,68.9800033569336,69.30000305175781,68.5199966430664,68.80000305175781,2885900,OKE_2,2010-03-15 to None
2022-07-11 00:00:00+00:00,61.525306701660156,69.55999755859375,69.58000183105469,68.62999725341797,68.91999816894531,2836000,OKE_2,2010-03-15 to None
2022-07-12 00:00:00+00:00,61.348392486572266,69.36000061035156,69.88999938964844,68.79000091552734,69.08999633789062,2587200,OKE_2,2010-03-15 to None
2022-07-13 00:00:00+00:00,60.18972396850586,68.05000305175781,69.23999786376953,68.02999877929688,68.62999725341797,3343100,OKE_2,2010-03-15 to None
2022-07-14 00:00:00+00:00,60.543514251708984,68.44999694824219,68.66000366210938,66.86000061035156,67.02999877929688,3969800,OKE_2,2010-03-15 to None
2022-07-15 00:00:00+00:00,62.18865966796875,70.30999755859375,70.41999816894531,68.83999633789062,69.36000061035156,3803500,OKE_2,2010-03-15 to None
2022-07-18 00:00:00+00:00,61.445701599121094,69.47000122070312,70.63999938964844,69.16999816894531,70.5,2913500,OKE_2,2010-03-15 to None
2022-07-19 00:00:00+00:00,61.98524475097656,70.08000183105469,70.12999725341797,69.29000091552734,69.93000030517578,2528700,OKE_2,2010-03-15 to None
2022-07-20 00:00:00+00:00,62.1356086730957,70.25,70.55000305175781,69.38999938964844,69.94000244140625,1861400,OKE_2,2010-03-15 to None
2022-07-21 00:00:00+00:00,62.4274787902832,70.58000183105469,70.5999984741211,69.75,70.0,1843200,OKE_2,2010-03-15 to None
2022-07-22 00:00:00+00:00,63.10856246948242,71.3499984741211,71.47000122070312,70.69000244140625,71.0,2224600,OKE_2,2010-03-15 to None
2022-07-25 00:00:00+00:00,63.33854293823242,71.61000061035156,71.88999938964844,71.26000213623047,71.5,2051000,OKE_2,2010-03-15 to None
2022-07-26 00:00:00+00:00,64.06381225585938,72.43000030517578,72.61000061035156,71.62000274658203,71.62000274658203,2374700,OKE_2,2010-03-15 to None
2022-07-27 00:00:00+00:00,63.568485260009766,71.87000274658203,72.5199966430664,71.20999908447266,72.0,2529500,OKE_2,2010-03-15 to None
2022-07-28 00:00:00+00:00,65.04558563232422,73.54000091552734,73.61000061035156,72.04000091552734,72.2300033569336,2739000,OKE_2,2010-03-15 to None
2022-07-29 00:00:00+00:00,65.66504669189453,73.98999786376953,74.18000030517578,73.04000091552734,73.0999984741211,4414900,OKE_2,2010-03-15 to None
2022-08-01 00:00:00+00:00,65.38105010986328,73.66999816894531,74.16000366210938,73.4000015258789,73.62000274658203,2613300,OKE_2,2010-03-15 to None
2022-08-02 00:00:00+00:00,64.60894012451172,72.80000305175781,74.05999755859375,72.7699966430664,73.5999984741211,2684800,OKE_2,2010-03-15 to None
2022-08-03 00:00:00+00:00,63.898956298828125,72.0,73.5199966430664,71.94999694824219,73.0,3723800,OKE_2,2010-03-15 to None
2022-08-04 00:00:00+00:00,64.31607055664062,72.47000122070312,73.16999816894531,72.02999877929688,73.05000305175781,3074600,OKE_2,2010-03-15 to None
2022-08-05 00:00:00+00:00,64.5734634399414,72.76000213623047,72.79000091552734,71.55999755859375,72.0999984741211,2509400,OKE_2,2010-03-15 to None
2022-08-08 00:00:00+00:00,65.01718139648438,73.26000213623047,73.83000183105469,72.93000030517578,73.0,2033200,OKE_2,2010-03-15 to None
2022-08-09 00:00:00+00:00,65.27455139160156,73.55000305175781,73.69999694824219,73.30000305175781,73.45999908447266,2577200,OKE_2,2010-03-15 to None
2022-08-10 00:00:00+00:00,65.789306640625,74.12999725341797,74.3499984741211,73.43000030517578,74.25,3214300,OKE_2,2010-03-15 to None
2022-08-11 00:00:00+00:00,65.54967498779297,73.86000061035156,74.55999755859375,73.62000274658203,74.16000366210938,2899800,OKE_2,2010-03-15 to None
2022-08-12 00:00:00+00:00,66.26854705810547,74.66999816894531,74.7699966430664,73.95999908447266,74.2300033569336,3283900,OKE_2,2010-03-15 to None
2022-08-15 00:00:00+00:00,66.33953857421875,74.75,75.11000061035156,74.37999725341797,74.5999984741211,3073400,OKE_2,2010-03-15 to None
2022-08-16 00:00:00+00:00,65.40767669677734,73.69999694824219,74.81999969482422,73.5,74.33999633789062,4727900,OKE_2,2010-03-15 to None
2022-08-17 00:00:00+00:00,65.30118560791016,73.58000183105469,73.94999694824219,73.04000091552734,73.44000244140625,3280200,OKE_2,2010-03-15 to None
2022-08-18 00:00:00+00:00,64.7775650024414,72.98999786376953,73.83000183105469,72.73999786376953,73.68000030517578,2830300,OKE_2,2010-03-15 to None
2022-08-19 00:00:00+00:00,64.7065658569336,72.91000366210938,73.25,72.62999725341797,72.87000274658203,4178100,OKE_2,2010-03-15 to None
2022-08-22 00:00:00+00:00,63.71255874633789,71.79000091552734,72.70999908447266,71.72000122070312,72.5,3956300,OKE_2,2010-03-15 to None
2022-08-23 00:00:00+00:00,62.66535186767578,70.61000061035156,71.79000091552734,70.12000274658203,71.69999694824219,4441200,OKE_2,2010-03-15 to None
2022-08-24 00:00:00+00:00,62.69198226928711,70.63999938964844,70.97000122070312,70.54000091552734,70.61000061035156,3051600,OKE_2,2010-03-15 to None
2022-08-25 00:00:00+00:00,63.02922439575195,71.0199966430664,71.12999725341797,70.52999877929688,70.91999816894531,2575400,OKE_2,2010-03-15 to None
2022-08-26 00:00:00+00:00,62.044105529785156,69.91000366210938,71.18000030517578,69.88999938964844,71.01000213623047,3309700,OKE_2,2010-03-15 to None
2022-08-29 00:00:00+00:00,62.1151123046875,69.98999786376953,70.69000244140625,69.5,69.5999984741211,3709700,OKE_2,2010-03-15 to None
2022-08-30 00:00:00+00:00,61.20985794067383,68.97000122070312,70.33999633789062,68.81999969482422,70.05000305175781,3989400,OKE_2,2010-03-15 to None
2022-08-31 00:00:00+00:00,60.81618118286133,68.27999877929688,69.31999969482422,68.05999755859375,69.0,5103900,OKE_2,2010-03-15 to None
2022-09-01 00:00:00+00:00,60.96760559082031,68.44999694824219,68.48999786376953,67.52999877929688,67.97000122070312,3476400,OKE_2,2010-03-15 to None
2022-09-02 00:00:00+00:00,60.29069900512695,67.69000244140625,68.9000015258789,67.55999755859375,68.75,2563100,OKE_2,2010-03-15 to None
2022-09-06 00:00:00+00:00,60.344139099121094,67.75,68.44999694824219,67.36000061035156,68.0,3910500,OKE_2,2010-03-15 to None
2022-09-07 00:00:00+00:00,60.80729293823242,68.2699966430664,68.45999908447266,67.58000183105469,67.69000244140625,2662100,OKE_2,2010-03-15 to None
2022-09-08 00:00:00+00:00,59.1060676574707,66.36000061035156,68.16000366210938,66.18000030517578,67.69999694824219,8201300,OKE_2,2010-03-15 to None
2022-09-09 00:00:00+00:00,59.48904800415039,66.79000091552734,67.0,66.01000213623047,66.4000015258789,4143300,OKE_2,2010-03-15 to None
2022-09-12 00:00:00+00:00,60.21052551269531,67.5999984741211,67.83000183105469,66.9000015258789,67.23999786376953,3794600,OKE_2,2010-03-15 to None
2022-09-13 00:00:00+00:00,58.705265045166016,65.91000366210938,66.97000122070312,65.76000213623047,66.61000061035156,4210200,OKE_2,2010-03-15 to None
2022-09-14 00:00:00+00:00,58.25991439819336,65.41000366210938,66.25,65.01000213623047,66.0,4994900,OKE_2,2010-03-15 to None
2022-09-15 00:00:00+00:00,56.49634552001953,63.43000030517578,65.94000244140625,63.380001068115234,65.56999969482422,7543300,OKE_2,2010-03-15 to None
2022-09-16 00:00:00+00:00,57.28015899658203,64.30999755859375,64.51000213623047,63.11000061035156,63.34000015258789,12575400,OKE_2,2010-03-15 to None
2022-09-19 00:00:00+00:00,56.97732162475586,63.970001220703125,64.12000274658203,63.34000015258789,63.93000030517578,4448700,OKE_2,2010-03-15 to None
2022-09-20 00:00:00+00:00,56.193519592285156,63.09000015258789,63.5099983215332,62.599998474121094,63.45000076293945,4382400,OKE_2,2010-03-15 to None
2022-09-21 00:00:00+00:00,55.70362854003906,62.540000915527344,63.84000015258789,62.52000045776367,63.29999923706055,4966400,OKE_2,2010-03-15 to None
2022-09-22 00:00:00+00:00,55.66800308227539,62.5,62.86000061035156,62.119998931884766,62.5,4300400,OKE_2,2010-03-15 to None
2022-09-23 00:00:00+00:00,55.053436279296875,61.810001373291016,62.40999984741211,61.029998779296875,61.9900016784668,4557500,OKE_2,2010-03-15 to None
2022-09-26 00:00:00+00:00,54.242923736572266,60.900001525878906,61.70000076293945,60.349998474121094,61.5,5015900,OKE_2,2010-03-15 to None
2022-09-27 00:00:00+00:00,52.98704147338867,59.4900016784668,61.439998626708984,59.41999816894531,61.13999938964844,6882500,OKE_2,2010-03-15 to None
2022-09-28 00:00:00+00:00,53.77083206176758,60.369998931884766,60.66999816894531,59.11000061035156,59.95000076293945,8458700,OKE_2,2010-03-15 to None
2022-09-29 00:00:00+00:00,51.61538314819336,57.95000076293945,59.91999816894531,57.61000061035156,59.86000061035156,4837900,OKE_2,2010-03-15 to None
2022-09-30 00:00:00+00:00,52.06084060668945,58.20000076293945,58.59000015258789,57.68000030517578,58.36000061035156,5621400,OKE_2,2010-03-15 to None
2022-10-03 00:00:00+00:00,52.97325897216797,59.220001220703125,59.619998931884766,57.709999084472656,58.849998474121094,4283300,OKE_2,2010-03-15 to None
2022-10-04 00:00:00+00:00,53.91249084472656,60.27000045776367,61.08000183105469,59.529998779296875,59.79999923706055,3868000,OKE_2,2010-03-15 to None
2022-10-05 00:00:00+00:00,53.241615295410156,59.52000045776367,59.84000015258789,58.40999984741211,59.619998931884766,3357800,OKE_2,2010-03-15 to None
2022-10-06 00:00:00+00:00,52.34709548950195,58.52000045776367,59.88999938964844,58.220001220703125,59.560001373291016,3871700,OKE_2,2010-03-15 to None
2022-10-07 00:00:00+00:00,51.908775329589844,58.029998779296875,58.709999084472656,57.68000030517578,58.20000076293945,3287300,OKE_2,2010-03-15 to None
2022-10-10 00:00:00+00:00,51.30051040649414,57.349998474121094,58.81999969482422,57.31999969482422,58.310001373291016,3157200,OKE_2,2010-03-15 to None
2022-10-11 00:00:00+00:00,51.935611724853516,58.060001373291016,58.34000015258789,57.099998474121094,57.400001525878906,3625200,OKE_2,2010-03-15 to None
2022-10-12 00:00:00+00:00,51.46152114868164,57.529998779296875,58.150001525878906,57.52000045776367,57.869998931884766,2931400,OKE_2,2010-03-15 to None
2022-10-13 00:00:00+00:00,51.47941207885742,57.54999923706055,57.779998779296875,55.869998931884766,56.52000045776367,4441300,OKE_2,2010-03-15 to None
2022-10-14 00:00:00+00:00,49.68143844604492,55.540000915527344,58.43000030517578,55.5,58.25,4153100,OKE_2,2010-03-15 to None
2022-10-17 00:00:00+00:00,51.425750732421875,57.4900016784668,57.709999084472656,56.13999938964844,56.369998931884766,5014200,OKE_2,2010-03-15 to None
2022-10-18 00:00:00+00:00,52.445491790771484,58.630001068115234,58.90999984741211,58.02000045776367,58.29999923706055,4069500,OKE_2,2010-03-15 to None
2022-10-19 00:00:00+00:00,51.72987747192383,57.83000183105469,58.75,57.40999984741211,58.130001068115234,3660400,OKE_2,2010-03-15 to None
2022-10-20 00:00:00+00:00,51.40784454345703,57.470001220703125,58.33000183105469,57.45000076293945,57.90999984741211,3185100,OKE_2,2010-03-15 to None
2022-10-21 00:00:00+00:00,51.55097961425781,57.630001068115234,57.790000915527344,56.68000030517578,57.38999938964844,3781500,OKE_2,2010-03-15 to None
2022-10-24 00:00:00+00:00,52.785396575927734,59.0099983215332,59.130001068115234,58.15999984741211,58.279998779296875,4207300,OKE_2,2010-03-15 to None
2022-10-25 00:00:00+00:00,54.10929489135742,60.4900016784668,60.54999923706055,59.0,59.08000183105469,6585800,OKE_2,2010-03-15 to None
2022-10-26 00:00:00+00:00,54.20769119262695,60.599998474121094,60.95000076293945,60.209999084472656,60.4900016784668,3814300,OKE_2,2010-03-15 to None
2022-10-27 00:00:00+00:00,54.69072723388672,61.13999938964844,61.7400016784668,60.88999938964844,61.0,3401700,OKE_2,2010-03-15 to None
2022-10-28 00:00:00+00:00,55.737300872802734,62.310001373291016,62.40999984741211,60.90999984741211,60.9900016784668,2980500,OKE_2,2010-03-15 to None
2022-10-31 00:00:00+00:00,55.92411804199219,62.27000045776367,62.459999084472656,61.5099983215332,61.540000915527344,6662200,OKE_2,2010-03-15 to None
2022-11-01 00:00:00+00:00,55.87022399902344,62.209999084472656,62.939998626708984,62.02000045776367,62.5,3586600,OKE_2,2010-03-15 to None
2022-11-02 00:00:00+00:00,54.846397399902344,61.06999969482422,62.459999084472656,60.61000061035156,61.790000915527344,4138300,OKE_2,2010-03-15 to None
2022-11-03 00:00:00+00:00,55.34933853149414,61.630001068115234,61.9900016784668,59.95000076293945,60.380001068115234,2826600,OKE_2,2010-03-15 to None
2022-11-04 00:00:00+00:00,56.58869934082031,63.0099983215332,63.459999084472656,61.70000076293945,61.90999984741211,3706200,OKE_2,2010-03-15 to None
2022-11-07 00:00:00+00:00,56.69647979736328,63.130001068115234,63.310001373291016,62.59000015258789,63.119998931884766,3316300,OKE_2,2010-03-15 to None
2022-11-08 00:00:00+00:00,56.88506317138672,63.34000015258789,63.91999816894531,62.849998474121094,63.18000030517578,2999300,OKE_2,2010-03-15 to None
2022-11-09 00:00:00+00:00,56.80423355102539,63.25,64.27999877929688,63.099998474121094,63.279998779296875,2979900,OKE_2,2010-03-15 to None
2022-11-10 00:00:00+00:00,58.70819854736328,65.37000274658203,65.87999725341797,64.12000274658203,64.75,4617900,OKE_2,2010-03-15 to None
2022-11-11 00:00:00+00:00,58.35794448852539,64.9800033569336,65.83000183105469,64.66000366210938,65.5999984741211,3558000,OKE_2,2010-03-15 to None
2022-11-14 00:00:00+00:00,57.54966354370117,64.08000183105469,65.22000122070312,64.05999755859375,64.81999969482422,3993600,OKE_2,2010-03-15 to None
2022-11-15 00:00:00+00:00,58.14239501953125,64.73999786376953,65.38999938964844,63.959999084472656,64.9000015258789,4436700,OKE_2,2010-03-15 to None
2022-11-16 00:00:00+00:00,57.33411407470703,63.84000015258789,64.72000122070312,63.689998626708984,64.54000091552734,3569100,OKE_2,2010-03-15 to None
2022-11-17 00:00:00+00:00,57.846031188964844,64.41000366210938,64.43000030517578,63.130001068115234,63.220001220703125,3087800,OKE_2,2010-03-15 to None
2022-11-18 00:00:00+00:00,58.10646057128906,64.69999694824219,65.19999694824219,64.30999755859375,65.0,2991800,OKE_2,2010-03-15 to None
2022-11-21 00:00:00+00:00,58.64533615112305,65.30000305175781,65.37000274658203,64.61000061035156,64.6500015258789,2831100,OKE_2,2010-03-15 to None
2022-11-22 00:00:00+00:00,58.64533615112305,65.30000305175781,65.68000030517578,65.08999633789062,65.37000274658203,3128700,OKE_2,2010-03-15 to None
2022-11-23 00:00:00+00:00,57.9448127746582,64.5199966430664,65.38999938964844,64.19000244140625,65.12999725341797,3283300,OKE_2,2010-03-15 to None
2022-11-25 00:00:00+00:00,58.24119567871094,64.8499984741211,64.95999908447266,64.52999877929688,64.80999755859375,1691200,OKE_2,2010-03-15 to None
2022-11-28 00:00:00+00:00,55.44812774658203,61.7400016784668,64.69000244140625,61.52000045776367,64.55999755859375,7739200,OKE_2,2010-03-15 to None
2022-11-29 00:00:00+00:00,55.95105743408203,62.29999923706055,62.54999923706055,61.439998626708984,61.90999984741211,5291900,OKE_2,2010-03-15 to None
2022-11-30 00:00:00+00:00,56.86896514892578,63.06999969482422,63.15999984741211,61.099998474121094,61.5099983215332,7034600,OKE_2,2010-03-15 to None
2022-12-01 00:00:00+00:00,56.63452911376953,62.810001373291016,63.91999816894531,62.58000183105469,63.40999984741211,3923000,OKE_2,2010-03-15 to None
2022-12-02 00:00:00+00:00,56.71569061279297,62.900001525878906,63.22999954223633,62.130001068115234,62.33000183105469,3357300,OKE_2,2010-03-15 to None
2022-12-05 00:00:00+00:00,56.12057876586914,62.2400016784668,62.900001525878906,61.75,62.310001373291016,5078700,OKE_2,2010-03-15 to None
2022-12-06 00:00:00+00:00,56.54436492919922,62.709999084472656,62.939998626708984,62.27000045776367,62.349998474121094,5584400,OKE_2,2010-03-15 to None
2022-12-07 00:00:00+00:00,57.3198127746582,63.56999969482422,63.81999969482422,62.709999084472656,62.709999084472656,5196200,OKE_2,2010-03-15 to None
2022-12-08 00:00:00+00:00,57.76162338256836,64.05999755859375,64.41999816894531,63.59000015258789,63.599998474121094,3862500,OKE_2,2010-03-15 to None
2022-12-09 00:00:00+00:00,58.11329650878906,64.44999694824219,64.9000015258789,64.0,64.12999725341797,4418000,OKE_2,2010-03-15 to None
2022-12-12 00:00:00+00:00,58.311668395996094,64.66999816894531,64.91000366210938,64.0999984741211,64.55999755859375,4943900,OKE_2,2010-03-15 to None
2022-12-13 00:00:00+00:00,58.57313537597656,64.95999908447266,66.44000244140625,64.4000015258789,66.0,4250200,OKE_2,2010-03-15 to None
2022-12-14 00:00:00+00:00,58.302642822265625,64.66000366210938,65.63999938964844,64.4000015258789,65.05999755859375,4750200,OKE_2,2010-03-15 to None
2022-12-15 00:00:00+00:00,58.284610748291016,64.63999938964844,65.0199966430664,64.06999969482422,64.23999786376953,4543800,OKE_2,2010-03-15 to None
2022-12-16 00:00:00+00:00,57.2386589050293,63.47999954223633,64.12999725341797,62.38999938964844,63.7599983215332,10962300,OKE_2,2010-03-15 to None
2022-12-19 00:00:00+00:00,57.29275894165039,63.540000915527344,64.08999633789062,63.0,63.47999954223633,3610900,OKE_2,2010-03-15 to None
2022-12-20 00:00:00+00:00,56.90503692626953,63.11000061035156,63.61000061035156,62.59000015258789,63.310001373291016,4438400,OKE_2,2010-03-15 to None
2022-12-21 00:00:00+00:00,57.92393112182617,64.23999786376953,64.80000305175781,63.93000030517578,63.97999954223633,3845700,OKE_2,2010-03-15 to None
2022-12-22 00:00:00+00:00,57.21160888671875,63.45000076293945,64.19999694824219,62.52000045776367,63.959999084472656,3204100,OKE_2,2010-03-15 to None
2022-12-23 00:00:00+00:00,58.07722473144531,64.41000366210938,64.41000366210938,63.2400016784668,63.31999969482422,1848300,OKE_2,2010-03-15 to None
2022-12-27 00:00:00+00:00,57.80671691894531,64.11000061035156,64.41999816894531,63.630001068115234,64.41000366210938,4073900,OKE_2,2010-03-15 to None
2022-12-28 00:00:00+00:00,57.013240814208984,63.22999954223633,64.44999694824219,63.150001525878906,64.02999877929688,3155200,OKE_2,2010-03-15 to None
2022-12-29 00:00:00+00:00,57.73458480834961,64.02999877929688,64.19999694824219,63.43000030517578,63.5,2462900,OKE_2,2010-03-15 to None
2022-12-30 00:00:00+00:00,57.4168586730957,63.43000030517578,63.779998779296875,62.7400016784668,63.61000061035156,2374100,OKE_2,2010-03-15 to None
2023-01-03 00:00:00+00:00,57.75177001953125,63.79999923706055,64.02999877929688,62.849998474121094,63.86000061035156,4483600,OKE_2,2010-03-15 to None
2023-01-04 00:00:00+00:00,58.48499298095703,64.61000061035156,65.22000122070312,63.849998474121094,64.0,3887200,OKE_2,2010-03-15 to None
2023-01-05 00:00:00+00:00,57.38064956665039,63.38999938964844,64.27999877929688,63.119998931884766,64.26000213623047,3783000,OKE_2,2010-03-15 to None
2023-01-06 00:00:00+00:00,58.00523376464844,64.08000183105469,64.44999694824219,63.68000030517578,63.75,4261600,OKE_2,2010-03-15 to None
2023-01-09 00:00:00+00:00,58.56645202636719,64.69999694824219,64.86000061035156,63.68000030517578,64.0199966430664,3885800,OKE_2,2010-03-15 to None
2023-01-10 00:00:00+00:00,58.059547424316406,64.13999938964844,64.51000213623047,63.810001373291016,64.37000274658203,3121500,OKE_2,2010-03-15 to None
2023-01-11 00:00:00+00:00,59.74321365356445,66.0,66.08000183105469,64.0999984741211,64.66000366210938,5024500,OKE_2,2010-03-15 to None
2023-01-12 00:00:00+00:00,60.2410774230957,66.55000305175781,66.83000183105469,65.58000183105469,66.12000274658203,3525800,OKE_2,2010-03-15 to None
2023-01-13 00:00:00+00:00,59.915199279785156,66.19000244140625,66.54000091552734,65.80999755859375,66.16000366210938,2148700,OKE_2,2010-03-15 to None
2023-01-17 00:00:00+00:00,60.54884338378906,66.88999938964844,67.25,66.2300033569336,66.25,3192800,OKE_2,2010-03-15 to None
2023-01-18 00:00:00+00:00,59.77943420410156,66.04000091552734,67.0999984741211,65.70999908447266,66.98999786376953,2505400,OKE_2,2010-03-15 to None
2023-01-19 00:00:00+00:00,59.11863327026367,65.30999755859375,66.56999969482422,65.27999877929688,65.86000061035156,2709300,OKE_2,2010-03-15 to None
2023-01-20 00:00:00+00:00,60.08719253540039,66.37999725341797,66.44000244140625,64.83999633789062,65.44000244140625,3038300,OKE_2,2010-03-15 to None
2023-01-23 00:00:00+00:00,60.58505630493164,66.93000030517578,67.30000305175781,66.12000274658203,66.38999938964844,2676500,OKE_2,2010-03-15 to None
2023-01-24 00:00:00+00:00,60.73893356323242,67.0999984741211,67.44999694824219,66.5999984741211,66.87000274658203,1904100,OKE_2,2010-03-15 to None
2023-01-25 00:00:00+00:00,60.929012298583984,67.30999755859375,67.33999633789062,66.69999694824219,67.33999633789062,4140100,OKE_2,2010-03-15 to None
2023-01-26 00:00:00+00:00,61.526466369628906,67.97000122070312,68.0,67.12999725341797,67.68000030517578,2294800,OKE_2,2010-03-15 to None
2023-01-27 00:00:00+00:00,61.8251838684082,68.30000305175781,68.68000030517578,67.83999633789062,67.8499984741211,3979800,OKE_2,2010-03-15 to None
2023-01-30 00:00:00+00:00,61.345420837402344,67.7699966430664,68.44999694824219,67.70999908447266,68.06999969482422,2652000,OKE_2,2010-03-15 to None
2023-01-31 00:00:00+00:00,61.62616729736328,67.83000183105469,68.1500015258789,67.0999984741211,67.52999877929688,5001200,OKE_2,2010-03-15 to None
2023-02-01 00:00:00+00:00,61.689754486083984,67.9000015258789,68.12999725341797,66.7699966430664,67.62000274658203,3303200,OKE_2,2010-03-15 to None
2023-02-02 00:00:00+00:00,61.65341567993164,67.86000061035156,68.8499984741211,67.5,68.20999908447266,3235300,OKE_2,2010-03-15 to None
2023-02-03 00:00:00+00:00,61.408111572265625,67.58999633789062,67.63999938964844,66.37999725341797,67.33000183105469,3637600,OKE_2,2010-03-15 to None
2023-02-06 00:00:00+00:00,61.53532028198242,67.7300033569336,67.80999755859375,66.72000122070312,67.0,2489100,OKE_2,2010-03-15 to None
2023-02-07 00:00:00+00:00,61.20823669433594,67.37000274658203,67.88999938964844,66.80999755859375,67.29000091552734,3609200,OKE_2,2010-03-15 to None
2023-02-08 00:00:00+00:00,61.07195281982422,67.22000122070312,67.69999694824219,66.94000244140625,67.26000213623047,2520800,OKE_2,2010-03-15 to None
2023-02-09 00:00:00+00:00,60.17250061035156,66.2300033569336,67.73999786376953,66.18000030517578,67.43000030517578,2395300,OKE_2,2010-03-15 to None
2023-02-10 00:00:00+00:00,60.73579788208008,66.8499984741211,67.0,66.02999877929688,66.08000183105469,2123500,OKE_2,2010-03-15 to None
2023-02-13 00:00:00+00:00,61.00836181640625,67.1500015258789,67.3499984741211,66.97000122070312,67.0,2237800,OKE_2,2010-03-15 to None
2023-02-14 00:00:00+00:00,59.7000617980957,65.70999908447266,67.12999725341797,65.68000030517578,67.02999877929688,3228300,OKE_2,2010-03-15 to None
2023-02-15 00:00:00+00:00,60.326961517333984,66.4000015258789,66.44000244140625,65.5199966430664,65.72000122070312,2425900,OKE_2,2010-03-15 to None
2023-02-16 00:00:00+00:00,60.24517822265625,66.30999755859375,66.63999938964844,65.5199966430664,65.83000183105469,2447500,OKE_2,2010-03-15 to None
2023-02-17 00:00:00+00:00,60.072566986083984,66.12000274658203,66.4000015258789,65.63999938964844,66.30000305175781,2891900,OKE_2,2010-03-15 to None
2023-02-21 00:00:00+00:00,59.254878997802734,65.22000122070312,66.05000305175781,65.0,65.75,2603800,OKE_2,2010-03-15 to None
2023-02-22 00:00:00+00:00,59.52744674682617,65.5199966430664,67.05000305175781,65.41999816894531,65.83000183105469,3501900,OKE_2,2010-03-15 to None
2023-02-23 00:00:00+00:00,60.036231994628906,66.08000183105469,66.5199966430664,65.68000030517578,66.05000305175781,3560100,OKE_2,2010-03-15 to None
2023-02-24 00:00:00+00:00,59.03683090209961,64.9800033569336,65.8499984741211,64.66000366210938,65.72000122070312,3220400,OKE_2,2010-03-15 to None
2023-02-27 00:00:00+00:00,58.836952209472656,64.76000213623047,65.7300033569336,64.45999908447266,65.6500015258789,3981100,OKE_2,2010-03-15 to None
2023-02-28 00:00:00+00:00,58.33072280883789,63.95000076293945,64.80000305175781,63.90999984741211,64.48999786376953,5975000,OKE_2,2010-03-15 to None
2023-03-01 00:00:00+00:00,57.93850326538086,63.52000045776367,63.84000015258789,62.77000045776367,63.84000015258789,3625700,OKE_2,2010-03-15 to None
2023-03-02 00:00:00+00:00,58.45840835571289,64.08999633789062,64.25,63.15999984741211,63.380001068115234,3244700,OKE_2,2010-03-15 to None
2023-03-03 00:00:00+00:00,58.823265075683594,64.48999786376953,64.79000091552734,64.1500015258789,64.38999938964844,3574000,OKE_2,2010-03-15 to None
2023-03-06 00:00:00+00:00,58.64997100830078,64.30000305175781,64.88999938964844,64.20999908447266,64.73999786376953,3483800,OKE_2,2010-03-15 to None
2023-03-07 00:00:00+00:00,58.28511428833008,63.900001525878906,64.51000213623047,63.65999984741211,64.41000366210938,3548000,OKE_2,2010-03-15 to None
2023-03-08 00:00:00+00:00,58.868873596191406,64.54000091552734,64.58999633789062,63.7599983215332,63.81999969482422,2807300,OKE_2,2010-03-15 to None
2023-03-09 00:00:00+00:00,57.86552047729492,63.439998626708984,64.69999694824219,63.400001525878906,64.54000091552734,3414300,OKE_2,2010-03-15 to None
2023-03-10 00:00:00+00:00,55.98654556274414,61.380001068115234,63.4900016784668,61.220001220703125,63.43000030517578,5725400,OKE_2,2010-03-15 to None
2023-03-13 00:00:00+00:00,57.27264404296875,62.790000915527344,63.66999816894531,61.349998474121094,61.380001068115234,6428000,OKE_2,2010-03-15 to None
2023-03-14 00:00:00+00:00,57.664859771728516,63.220001220703125,64.02999877929688,62.7400016784668,63.38999938964844,5061000,OKE_2,2010-03-15 to None
2023-03-15 00:00:00+00:00,57.5189208984375,63.060001373291016,63.75,62.11000061035156,62.84000015258789,5503300,OKE_2,2010-03-15 to None
2023-03-16 00:00:00+00:00,56.944278717041016,62.43000030517578,62.900001525878906,61.7400016784668,62.63999938964844,4573500,OKE_2,2010-03-15 to None
2023-03-17 00:00:00+00:00,55.98654556274414,61.380001068115234,62.38999938964844,61.349998474121094,62.38999938964844,7068400,OKE_2,2010-03-15 to None
2023-03-20 00:00:00+00:00,56.524696350097656,61.970001220703125,62.290000915527344,61.400001525878906,61.65999984741211,3943500,OKE_2,2010-03-15 to None
2023-03-21 00:00:00+00:00,55.88620376586914,61.27000045776367,62.40999984741211,61.02000045776367,62.279998779296875,4396700,OKE_2,2010-03-15 to None
2023-03-22 00:00:00+00:00,54.1805305480957,59.400001525878906,61.310001373291016,59.36000061035156,61.0,4155200,OKE_2,2010-03-15 to None
2023-03-23 00:00:00+00:00,54.061946868896484,59.27000045776367,60.38999938964844,59.09000015258789,59.900001525878906,3559300,OKE_2,2010-03-15 to None
2023-03-24 00:00:00+00:00,55.676414489746094,61.040000915527344,61.09000015258789,59.06999969482422,59.15999984741211,3675100,OKE_2,2010-03-15 to None
2023-03-27 00:00:00+00:00,55.37541961669922,60.709999084472656,61.470001220703125,60.619998931884766,61.380001068115234,3778500,OKE_2,2010-03-15 to None
2023-03-28 00:00:00+00:00,55.694664001464844,61.060001373291016,61.06999969482422,60.25,60.36000061035156,2410300,OKE_2,2010-03-15 to None
2023-03-29 00:00:00+00:00,56.58855056762695,62.040000915527344,62.13999938964844,61.54999923706055,61.61000061035156,3023300,OKE_2,2010-03-15 to None
2023-03-30 00:00:00+00:00,57.108463287353516,62.61000061035156,62.86000061035156,62.349998474121094,62.43000030517578,3008000,OKE_2,2010-03-15 to None
2023-03-31 00:00:00+00:00,57.99225997924805,63.31999969482422,63.36000061035156,62.470001220703125,62.52000045776367,4142600,OKE_2,2010-03-15 to None
2023-04-03 00:00:00+00:00,57.580135345458984,62.869998931884766,63.400001525878906,62.38999938964844,62.95000076293945,5758400,OKE_2,2010-03-15 to None
2023-04-04 00:00:00+00:00,57.55265426635742,62.84000015258789,62.9900016784668,62.38999938964844,62.83000183105469,2832400,OKE_2,2010-03-15 to None
2023-04-05 00:00:00+00:00,57.43360137939453,62.709999084472656,63.11000061035156,62.470001220703125,62.959999084472656,4001900,OKE_2,2010-03-15 to None
2023-04-06 00:00:00+00:00,57.30537033081055,62.56999969482422,62.97999954223633,62.11000061035156,62.970001220703125,3177600,OKE_2,2010-03-15 to None
2023-04-10 00:00:00+00:00,57.37864685058594,62.650001525878906,62.65999984741211,61.709999084472656,62.25,3083000,OKE_2,2010-03-15 to None
2023-04-11 00:00:00+00:00,56.87492370605469,62.099998474121094,62.5,61.709999084472656,62.5,7405700,OKE_2,2010-03-15 to None
2023-04-12 00:00:00+00:00,56.710060119628906,61.91999816894531,63.220001220703125,61.869998931884766,62.9900016784668,4749400,OKE_2,2010-03-15 to None
2023-04-13 00:00:00+00:00,56.35288619995117,61.529998779296875,61.7599983215332,60.970001220703125,61.7599983215332,5126000,OKE_2,2010-03-15 to None
2023-04-14 00:00:00+00:00,55.65682601928711,60.77000045776367,61.88999938964844,60.4900016784668,61.66999816894531,3728700,OKE_2,2010-03-15 to None
2023-04-17 00:00:00+00:00,56.3803596496582,61.560001373291016,61.56999969482422,60.790000915527344,61.02000045776367,2960500,OKE_2,2010-03-15 to None
2023-04-18 00:00:00+00:00,55.96821975708008,61.11000061035156,61.75,60.869998931884766,61.40999984741211,2197000,OKE_2,2010-03-15 to None
2023-04-19 00:00:00+00:00,56.453617095947266,61.63999938964844,61.650001525878906,60.630001068115234,60.66999816894531,2290700,OKE_2,2010-03-15 to None
2023-04-20 00:00:00+00:00,56.7192268371582,61.93000030517578,61.97999954223633,61.290000915527344,61.439998626708984,3031000,OKE_2,2010-03-15 to None
2023-04-21 00:00:00+00:00,57.0855712890625,62.33000183105469,62.619998931884766,61.790000915527344,61.970001220703125,4020800,OKE_2,2010-03-15 to None
2023-04-24 00:00:00+00:00,56.865760803222656,62.09000015258789,62.4900016784668,61.630001068115234,62.380001068115234,2647300,OKE_2,2010-03-15 to None
2023-04-25 00:00:00+00:00,56.81996154785156,62.040000915527344,62.279998779296875,61.779998779296875,61.88999938964844,3493600,OKE_2,2010-03-15 to None
2023-04-26 00:00:00+00:00,56.15138626098633,61.310001373291016,62.220001220703125,61.150001525878906,61.9900016784668,2788900,OKE_2,2010-03-15 to None
2023-04-27 00:00:00+00:00,57.048927307128906,62.290000915527344,62.63999938964844,61.27000045776367,61.310001373291016,3183400,OKE_2,2010-03-15 to None
2023-04-28 00:00:00+00:00,57.78923034667969,62.84000015258789,62.939998626708984,62.189998626708984,62.189998626708984,3463900,OKE_2,2010-03-15 to None
2023-05-01 00:00:00+00:00,57.23746109008789,62.2400016784668,62.88999938964844,62.18000030517578,62.599998474121094,2194100,OKE_2,2010-03-15 to None
2023-05-02 00:00:00+00:00,56.455772399902344,61.38999938964844,62.20000076293945,61.15999984741211,62.130001068115234,2620200,OKE_2,2010-03-15 to None
2023-05-03 00:00:00+00:00,56.06953811645508,60.970001220703125,61.81999969482422,60.86000061035156,61.529998779296875,3099100,OKE_2,2010-03-15 to None
2023-05-04 00:00:00+00:00,56.943172454833984,61.91999816894531,62.18000030517578,60.529998779296875,61.15999984741211,3254900,OKE_2,2010-03-15 to None
2023-05-05 00:00:00+00:00,57.8903923034668,62.95000076293945,63.54999923706055,62.27000045776367,62.29999923706055,3226500,OKE_2,2010-03-15 to None
2023-05-08 00:00:00+00:00,57.715660095214844,62.7599983215332,62.95000076293945,62.470001220703125,62.65999984741211,2160400,OKE_2,2010-03-15 to None
2023-05-09 00:00:00+00:00,57.21906280517578,62.220001220703125,62.630001068115234,61.970001220703125,62.58000183105469,2526900,OKE_2,2010-03-15 to None
2023-05-10 00:00:00+00:00,57.35700225830078,62.369998931884766,62.83000183105469,61.90999984741211,62.72999954223633,2665300,OKE_2,2010-03-15 to None
2023-05-11 00:00:00+00:00,56.832828521728516,61.79999923706055,62.18000030517578,61.38999938964844,62.060001373291016,2319500,OKE_2,2010-03-15 to None
2023-05-12 00:00:00+00:00,57.044334411621094,62.029998779296875,62.099998474121094,61.59000015258789,61.95000076293945,2349600,OKE_2,2010-03-15 to None
2023-05-15 00:00:00+00:00,56.961570739746094,61.939998626708984,62.22999954223633,61.61000061035156,62.02000045776367,2449700,OKE_2,2010-03-15 to None
2023-05-16 00:00:00+00:00,55.444190979003906,60.290000915527344,61.84000015258789,60.279998779296875,61.79999923706055,3311800,OKE_2,2010-03-15 to None
2023-05-17 00:00:00+00:00,55.775264739990234,60.650001525878906,60.7400016784668,59.939998626708984,60.38999938964844,3722300,OKE_2,2010-03-15 to None
2023-05-18 00:00:00+00:00,55.24186325073242,60.06999969482422,60.7400016784668,59.880001068115234,60.41999816894531,4197100,OKE_2,2010-03-15 to None
2023-05-19 00:00:00+00:00,55.149906158447266,59.970001220703125,60.7400016784668,59.83000183105469,60.310001373291016,3424700,OKE_2,2010-03-15 to None
2023-05-22 00:00:00+00:00,55.490169525146484,60.34000015258789,60.59000015258789,59.90999984741211,60.130001068115234,2844500,OKE_2,2010-03-15 to None
2023-05-23 00:00:00+00:00,55.26945877075195,60.099998474121094,60.79999923706055,59.97999954223633,60.369998931884766,2700000,OKE_2,2010-03-15 to None
2023-05-24 00:00:00+00:00,54.340633392333984,59.09000015258789,59.9900016784668,59.060001373291016,59.900001525878906,3159100,OKE_2,2010-03-15 to None
2023-05-25 00:00:00+00:00,53.74287033081055,58.439998626708984,59.38999938964844,58.130001068115234,59.38999938964844,3615000,OKE_2,2010-03-15 to None
2023-05-26 00:00:00+00:00,53.94519805908203,58.65999984741211,58.849998474121094,58.220001220703125,58.54999923706055,3448200,OKE_2,2010-03-15 to None
2023-05-30 00:00:00+00:00,54.18429946899414,58.91999816894531,59.52000045776367,58.849998474121094,59.25,4422700,OKE_2,2010-03-15 to None
2023-05-31 00:00:00+00:00,54.900108337402344,59.439998626708984,59.77000045776367,58.779998779296875,58.869998931884766,9241100,OKE_2,2010-03-15 to None
2023-06-01 00:00:00+00:00,54.71539306640625,59.2400016784668,59.689998626708984,58.880001068115234,59.459999084472656,4558800,OKE_2,2010-03-15 to None
2023-06-02 00:00:00+00:00,55.14025115966797,59.70000076293945,60.099998474121094,59.33000183105469,59.59000015258789,4780400,OKE_2,2010-03-15 to None
2023-06-05 00:00:00+00:00,55.40810012817383,59.9900016784668,60.59000015258789,59.68000030517578,59.790000915527344,3849900,OKE_2,2010-03-15 to None
2023-06-06 00:00:00+00:00,55.42657470703125,60.0099983215332,60.25,59.52000045776367,60.119998931884766,3669300,OKE_2,2010-03-15 to None
2023-06-07 00:00:00+00:00,56.34095764160156,61.0,61.18000030517578,59.970001220703125,60.189998626708984,3542800,OKE_2,2010-03-15 to None
2023-06-08 00:00:00+00:00,56.21165084838867,60.86000061035156,61.0,60.36000061035156,60.91999816894531,2554200,OKE_2,2010-03-15 to None
2023-06-09 00:00:00+00:00,56.25783920288086,60.90999984741211,61.0,60.529998779296875,60.619998931884766,2605600,OKE_2,2010-03-15 to None
2023-06-12 00:00:00+00:00,56.313255310058594,60.970001220703125,61.130001068115234,60.619998931884766,60.88999938964844,4422200,OKE_2,2010-03-15 to None
2023-06-13 00:00:00+00:00,56.51645278930664,61.189998626708984,61.529998779296875,60.97999954223633,61.09000015258789,4279900,OKE_2,2010-03-15 to None
2023-06-14 00:00:00+00:00,56.5072021484375,61.18000030517578,62.119998931884766,60.93000030517578,61.380001068115234,5399900,OKE_2,2010-03-15 to None
2023-06-15 00:00:00+00:00,56.55339431762695,61.22999954223633,61.34000015258789,60.81999969482422,61.04999923706055,4542500,OKE_2,2010-03-15 to None
2023-06-16 00:00:00+00:00,56.701175689697266,61.38999938964844,61.650001525878906,61.11000061035156,61.22999954223633,18479300,OKE_2,2010-03-15 to None
2023-06-20 00:00:00+00:00,55.722137451171875,60.33000183105469,61.2400016784668,60.16999816894531,61.16999816894531,5309100,OKE_2,2010-03-15 to None
2023-06-21 00:00:00+00:00,55.057125091552734,59.61000061035156,60.2599983215332,59.45000076293945,60.2599983215332,5495800,OKE_2,2010-03-15 to None
2023-06-22 00:00:00+00:00,54.927818298339844,59.470001220703125,60.040000915527344,59.04999923706055,59.869998931884766,3217500,OKE_2,2010-03-15 to None
2023-06-23 00:00:00+00:00,54.27204132080078,58.7599983215332,59.41999816894531,58.75,59.130001068115234,6096400,OKE_2,2010-03-15 to None
2023-06-26 00:00:00+00:00,55.37115478515625,59.95000076293945,59.97999954223633,58.880001068115234,58.970001220703125,3160800,OKE_2,2010-03-15 to None
2023-06-27 00:00:00+00:00,55.59282684326172,60.189998626708984,60.33000183105469,59.72999954223633,60.06999969482422,4823300,OKE_2,2010-03-15 to None
2023-06-28 00:00:00+00:00,55.555877685546875,60.150001525878906,60.2599983215332,59.779998779296875,60.22999954223633,3648700,OKE_2,2010-03-15 to None
2023-06-29 00:00:00+00:00,55.62053298950195,60.220001220703125,60.2400016784668,59.61000061035156,59.880001068115234,3702900,OKE_2,2010-03-15 to None
2023-06-30 00:00:00+00:00,55.45913314819336,59.790000915527344,60.4900016784668,59.189998626708984,60.29999923706055,7159600,OKE_2,2010-03-15 to None
2023-07-03 00:00:00+00:00,55.83943557739258,60.20000076293945,60.56999969482422,59.560001373291016,59.75,2347700,OKE_2,2010-03-15 to None
2023-07-05 00:00:00+00:00,56.2382926940918,60.630001068115234,60.880001068115234,59.79999923706055,59.9900016784668,4649000,OKE_2,2010-03-15 to None
2023-07-06 00:00:00+00:00,55.56116485595703,59.900001525878906,59.939998626708984,59.189998626708984,59.779998779296875,4102900,OKE_2,2010-03-15 to None
2023-07-07 00:00:00+00:00,55.255069732666016,59.56999969482422,59.959999084472656,59.34000015258789,59.56999969482422,4709100,OKE_2,2010-03-15 to None
2023-07-10 00:00:00+00:00,55.02317428588867,59.31999969482422,59.65999984741211,59.18000030517578,59.47999954223633,4837300,OKE_2,2010-03-15 to None
2023-07-11 00:00:00+00:00,56.117713928222656,60.5,60.529998779296875,59.25,59.540000915527344,5435700,OKE_2,2010-03-15 to None
2023-07-12 00:00:00+00:00,55.94146728515625,60.310001373291016,61.15999984741211,60.290000915527344,60.79999923706055,4271000,OKE_2,2010-03-15 to None
2023-07-13 00:00:00+00:00,56.53510665893555,60.95000076293945,60.9900016784668,60.119998931884766,60.400001525878906,4705200,OKE_2,2010-03-15 to None
2023-07-14 00:00:00+00:00,56.41453170776367,60.81999969482422,60.880001068115234,60.47999954223633,60.81999969482422,4979800,OKE_2,2010-03-15 to None
2023-07-17 00:00:00+00:00,56.85048294067383,61.290000915527344,61.349998474121094,60.5,60.689998626708984,3229500,OKE_2,2010-03-15 to None
2023-07-18 00:00:00+00:00,56.57221984863281,60.9900016784668,61.45000076293945,60.7599983215332,61.40999984741211,4083400,OKE_2,2010-03-15 to None
2023-07-19 00:00:00+00:00,57.258609771728516,61.72999954223633,62.130001068115234,61.2400016784668,61.2400016784668,4362500,OKE_2,2010-03-15 to None
2023-07-20 00:00:00+00:00,58.084144592285156,62.619998931884766,62.63999938964844,61.470001220703125,62.0,3250600,OKE_2,2010-03-15 to None
2023-07-21 00:00:00+00:00,58.204734802246094,62.75,63.15999984741211,62.529998779296875,62.689998626708984,3116300,OKE_2,2010-03-15 to None
2023-07-24 00:00:00+00:00,58.779823303222656,63.369998931884766,63.45000076293945,62.7599983215332,62.880001068115234,4913400,OKE_2,2010-03-15 to None
2023-07-25 00:00:00+00:00,58.520103454589844,63.09000015258789,63.560001373291016,63.04999923706055,63.2400016784668,3284600,OKE_2,2010-03-15 to None
2023-07-26 00:00:00+00:00,59.132293701171875,63.75,63.84000015258789,63.09000015258789,63.09000015258789,3440300,OKE_2,2010-03-15 to None
2023-07-27 00:00:00+00:00,57.68528747558594,62.189998626708984,64.18000030517578,62.13999938964844,64.0,4957900,OKE_2,2010-03-15 to None
2023-07-28 00:00:00+00:00,57.017452239990234,61.470001220703125,62.709999084472656,61.130001068115234,62.439998626708984,5075900,OKE_2,2010-03-15 to None
2023-07-31 00:00:00+00:00,56.79018020629883,60.970001220703125,61.529998779296875,60.59000015258789,61.369998931884766,9894200,OKE_2,2010-03-15 to None
2023-08-01 00:00:00+00:00,56.613197326660156,60.779998779296875,61.29999923706055,60.61000061035156,61.0099983215332,3206500,OKE_2,2010-03-15 to None
2023-08-02 00:00:00+00:00,56.23130798339844,60.369998931884766,60.689998626708984,60.15999984741211,60.5,3554800,OKE_2,2010-03-15 to None
2023-08-03 00:00:00+00:00,54.80619812011719,58.84000015258789,60.150001525878906,58.630001068115234,60.09000015258789,6619800,OKE_2,2010-03-15 to None
2023-08-04 00:00:00+00:00,55.16014862060547,59.220001220703125,60.25,59.0099983215332,59.22999954223633,4505600,OKE_2,2010-03-15 to None
2023-08-07 00:00:00+00:00,55.989131927490234,60.11000061035156,60.189998626708984,59.22999954223633,59.31999969482422,4059400,OKE_2,2010-03-15 to None
2023-08-08 00:00:00+00:00,54.955230712890625,59.0,59.81999969482422,58.880001068115234,59.709999084472656,4465600,OKE_2,2010-03-15 to None
2023-08-09 00:00:00+00:00,55.43027114868164,59.5099983215332,59.810001373291016,58.65999984741211,58.880001068115234,3896100,OKE_2,2010-03-15 to None
2023-08-10 00:00:00+00:00,54.7596321105957,58.790000915527344,59.61000061035156,58.54999923706055,59.54999923706055,6938500,OKE_2,2010-03-15 to None
2023-08-11 00:00:00+00:00,54.601280212402344,58.619998931884766,58.779998779296875,58.33000183105469,58.650001525878906,5068200,OKE_2,2010-03-15 to None
2023-08-14 00:00:00+00:00,53.9678955078125,57.939998626708984,58.619998931884766,57.81999969482422,58.470001220703125,6150100,OKE_2,2010-03-15 to None
2023-08-15 00:00:00+00:00,53.49287033081055,57.43000030517578,57.720001220703125,56.84000015258789,57.720001220703125,6157700,OKE_2,2010-03-15 to None
2023-08-16 00:00:00+00:00,52.971248626708984,56.869998931884766,57.599998474121094,56.81999969482422,57.4900016784668,5102000,OKE_2,2010-03-15 to None
2023-08-17 00:00:00+00:00,52.98057174682617,56.880001068115234,57.619998931884766,56.849998474121094,57.0099983215332,5229500,OKE_2,2010-03-15 to None
2023-08-18 00:00:00+00:00,52.99919128417969,56.900001525878906,57.220001220703125,56.529998779296875,56.560001373291016,4840300,OKE_2,2010-03-15 to None
2023-08-21 00:00:00+00:00,52.37512969970703,56.22999954223633,56.90999984741211,55.959999084472656,56.81999969482422,4748900,OKE_2,2010-03-15 to None
2023-08-22 00:00:00+00:00,52.45895767211914,56.31999969482422,56.619998931884766,56.150001525878906,56.4900016784668,3451100,OKE_2,2010-03-15 to None
2023-08-23 00:00:00+00:00,53.194801330566406,57.11000061035156,57.220001220703125,56.5,56.540000915527344,5834900,OKE_2,2010-03-15 to None
2023-08-24 00:00:00+00:00,52.4962158203125,56.36000061035156,57.54999923706055,56.36000061035156,57.13999938964844,5722400,OKE_2,2010-03-15 to None
2023-08-25 00:00:00+00:00,52.16089630126953,56.0,56.459999084472656,55.810001373291016,56.400001525878906,8429000,OKE_2,2010-03-15 to None
2023-08-28 00:00:00+00:00,52.59867477416992,56.470001220703125,56.650001525878906,55.91999816894531,56.20000076293945,8568900,OKE_2,2010-03-15 to None
2023-08-29 00:00:00+00:00,52.59867477416992,56.470001220703125,56.5099983215332,56.04999923706055,56.5,4698800,OKE_2,2010-03-15 to None
2023-08-30 00:00:00+00:00,52.682498931884766,56.560001373291016,56.599998474121094,56.06999969482422,56.349998474121094,9020900,OKE_2,2010-03-15 to None
2023-08-31 00:00:00+00:00,52.435482025146484,56.040000915527344,56.36000061035156,55.9900016784668,56.31999969482422,6971200,OKE_2,2010-03-15 to None
2023-09-01 00:00:00+00:00,52.58519744873047,56.20000076293945,56.59000015258789,56.0099983215332,56.29999923706055,3863200,OKE_2,2010-03-15 to None
2023-09-05 00:00:00+00:00,51.69630813598633,55.25,56.18000030517578,55.22999954223633,56.16999816894531,5264600,OKE_2,2010-03-15 to None
2023-09-06 00:00:00+00:00,51.45301818847656,54.9900016784668,55.47999954223633,54.7599983215332,55.43000030517578,4915100,OKE_2,2010-03-15 to None
2023-09-07 00:00:00+00:00,51.537235260009766,55.08000183105469,55.439998626708984,54.970001220703125,54.97999954223633,5821300,OKE_2,2010-03-15 to None
2023-09-08 00:00:00+00:00,51.76179885864258,55.31999969482422,55.7400016784668,55.209999084472656,55.349998474121094,4243300,OKE_2,2010-03-15 to None
2023-09-11 00:00:00+00:00,51.62143325805664,55.16999816894531,55.529998779296875,55.04999923706055,55.47999954223633,3698600,OKE_2,2010-03-15 to None
2023-09-12 00:00:00+00:00,51.602725982666016,55.150001525878906,55.349998474121094,54.91999816894531,55.150001525878906,3704500,OKE_2,2010-03-15 to None
2023-09-13 00:00:00+00:00,51.51852035522461,55.060001373291016,55.540000915527344,55.0,55.41999816894531,4928400,OKE_2,2010-03-15 to None
2023-09-14 00:00:00+00:00,51.57465362548828,55.119998931884766,55.43000030517578,55.04999923706055,55.27000045776367,5902100,OKE_2,2010-03-15 to None
2023-09-15 00:00:00+00:00,50.62025833129883,54.099998474121094,54.9900016784668,53.97999954223633,54.95000076293945,18328200,OKE_2,2010-03-15 to None
2023-09-18 00:00:00+00:00,50.2740592956543,53.72999954223633,54.38999938964844,53.650001525878906,54.36000061035156,5925300,OKE_2,2010-03-15 to None
2023-09-19 00:00:00+00:00,50.526695251464844,54.0,54.25,53.68000030517578,53.70000076293945,4394700,OKE_2,2010-03-15 to None
2023-09-20 00:00:00+00:00,50.33956527709961,53.79999923706055,54.61000061035156,53.72999954223633,54.25,3731900,OKE_2,2010-03-15 to None
2023-09-21 00:00:00+00:00,48.71147537231445,52.060001373291016,53.54999923706055,52.040000915527344,53.43000030517578,8675400,OKE_2,2010-03-15 to None
2023-09-22 00:00:00+00:00,48.24363708496094,51.560001373291016,52.400001525878906,51.52000045776367,52.06999969482422,6976500,OKE_2,2010-03-15 to None
2023-09-25 00:00:00+00:00,47.897438049316406,51.189998626708984,51.52000045776367,50.849998474121094,51.5,5307200,OKE_2,2010-03-15 to None
2023-09-26 00:00:00+00:00,47.02725601196289,50.2599983215332,51.20000076293945,49.95000076293945,51.0,5231400,OKE_2,2010-03-15 to None
2023-09-27 00:00:00+00:00,46.46584701538086,49.65999984741211,50.939998626708984,49.380001068115234,50.58000183105469,5416500,OKE_2,2010-03-15 to None
2023-09-28 00:00:00+00:00,46.42841339111328,49.619998931884766,50.08000183105469,49.58000183105469,49.790000915527344,5850100,OKE_2,2010-03-15 to None
2023-09-29 00:00:00+00:00,46.97016525268555,49.939998626708984,50.529998779296875,49.630001068115234,49.97999954223633,5295600,OKE_2,2010-03-15 to None
2023-10-02 00:00:00+00:00,46.07666015625,48.9900016784668,49.97999954223633,48.7599983215332,49.81999969482422,6159100,OKE_2,2010-03-15 to None
2023-10-03 00:00:00+00:00,45.98260498046875,48.88999938964844,49.09000015258789,48.41999816894531,48.810001373291016,6352400,OKE_2,2010-03-15 to None
2023-10-04 00:00:00+00:00,46.62217330932617,49.56999969482422,49.59000015258789,48.66999816894531,49.119998931884766,5468700,OKE_2,2010-03-15 to None
2023-10-05 00:00:00+00:00,47.08303451538086,50.060001373291016,50.150001525878906,49.29999923706055,49.529998779296875,5067200,OKE_2,2010-03-15 to None
2023-10-06 00:00:00+00:00,47.13005065917969,50.11000061035156,50.540000915527344,49.380001068115234,49.810001373291016,4245700,OKE_2,2010-03-15 to None
2023-10-09 00:00:00+00:00,47.54388427734375,50.54999923706055,50.849998474121094,49.900001525878906,49.90999984741211,3747300,OKE_2,2010-03-15 to None
2023-10-10 00:00:00+00:00,47.21470642089844,50.20000076293945,50.41999816894531,49.18000030517578,50.189998626708984,6226300,OKE_2,2010-03-15 to None
2023-10-11 00:00:00+00:00,47.920108795166016,50.95000076293945,51.209999084472656,50.540000915527344,50.65999984741211,4027300,OKE_2,2010-03-15 to None
2023-10-12 00:00:00+00:00,47.28995132446289,50.279998779296875,50.939998626708984,50.060001373291016,50.810001373291016,4110400,OKE_2,2010-03-15 to None
2023-10-13 00:00:00+00:00,47.581504821777344,50.59000015258789,50.75,50.20000076293945,50.54999923706055,3230800,OKE_2,2010-03-15 to None
2023-10-16 00:00:00+00:00,47.722591400146484,50.7400016784668,51.02000045776367,49.939998626708984,50.599998474121094,4545500,OKE_2,2010-03-15 to None
2023-10-17 00:00:00+00:00,47.93891906738281,50.970001220703125,51.290000915527344,50.400001525878906,50.59000015258789,6089900,OKE_2,2010-03-15 to None
2023-10-18 00:00:00+00:00,46.94194793701172,49.90999984741211,50.79999923706055,49.880001068115234,50.599998474121094,3930800,OKE_2,2010-03-15 to None
2023-10-19 00:00:00+00:00,46.4810905456543,49.41999816894531,50.380001068115234,49.349998474121094,49.7400016784668,4883200,OKE_2,2010-03-15 to None
2023-10-20 00:00:00+00:00,46.41525650024414,49.349998474121094,49.81999969482422,49.34000015258789,49.41999816894531,4963300,OKE_2,2010-03-15 to None
2023-10-23 00:00:00+00:00,46.09547805786133,49.0099983215332,49.58000183105469,48.61000061035156,49.0,4859100,OKE_2,2010-03-15 to None
2023-10-24 00:00:00+00:00,46.65038299560547,49.599998474121094,49.70000076293945,49.13999938964844,49.189998626708984,4002400,OKE_2,2010-03-15 to None
2023-10-25 00:00:00+00:00,46.34941101074219,49.279998779296875,49.619998931884766,49.06999969482422,49.41999816894531,3336300,OKE_2,2010-03-15 to None
2023-10-26 00:00:00+00:00,46.829078674316406,49.790000915527344,50.220001220703125,49.43000030517578,49.43000030517578,4299200,OKE_2,2010-03-15 to None
2023-10-27 00:00:00+00:00,46.086063385009766,49.0,49.869998931884766,48.810001373291016,49.790000915527344,4107900,OKE_2,2010-03-15 to None
2023-10-30 00:00:00+00:00,43.47138595581055,46.220001220703125,48.209999084472656,45.040000915527344,47.5,36132700,OKE_2,2010-03-15 to None
2023-10-31 00:00:00+00:00,44.81059265136719,47.380001068115234,47.52000045776367,45.93000030517578,46.349998474121094,18220500,OKE_2,2010-03-15 to None
2023-11-01 00:00:00+00:00,45.387516021728516,47.9900016784668,48.13999938964844,47.220001220703125,47.65999984741211,8149300,OKE_2,2010-03-15 to None
2023-11-02 00:00:00+00:00,47.316890716552734,50.029998779296875,50.20000076293945,48.68000030517578,48.88999938964844,9626500,OKE_2,2010-03-15 to None
2023-11-03 00:00:00+00:00,48.09242248535156,50.849998474121094,51.369998931884766,50.790000915527344,50.869998931884766,6428700,OKE_2,2010-03-15 to None
2023-11-06 00:00:00+00:00,47.72357177734375,50.459999084472656,50.83000183105469,50.25,50.7599983215332,7734800,OKE_2,2010-03-15 to None
2023-11-07 00:00:00+00:00,47.9505500793457,50.70000076293945,50.9900016784668,50.040000915527344,50.849998474121094,5787000,OKE_2,2010-03-15 to None
2023-11-08 00:00:00+00:00,48.42344284057617,51.20000076293945,51.36000061035156,50.72999954223633,50.72999954223633,5455100,OKE_2,2010-03-15 to None
2023-11-09 00:00:00+00:00,47.44929122924805,50.16999816894531,51.380001068115234,49.849998474121094,51.29999923706055,5464300,OKE_2,2010-03-15 to None
2023-11-10 00:00:00+00:00,47.34526443481445,50.060001373291016,50.529998779296875,49.849998474121094,50.40999984741211,5189600,OKE_2,2010-03-15 to None
2023-11-13 00:00:00+00:00,47.193939208984375,49.900001525878906,50.0,49.52000045776367,49.95000076293945,6125100,OKE_2,2010-03-15 to None
2023-11-14 00:00:00+00:00,49.31246566772461,52.13999938964844,52.77000045776367,50.88999938964844,51.0,7029200,OKE_2,2010-03-15 to None
2023-11-15 00:00:00+00:00,49.62457275390625,52.470001220703125,52.81999969482422,52.18000030517578,52.209999084472656,5937800,OKE_2,2010-03-15 to None
2023-11-16 00:00:00+00:00,50.21094512939453,53.09000015258789,53.279998779296875,52.40999984741211,52.65999984741211,7522900,OKE_2,2010-03-15 to None
2023-11-17 00:00:00+00:00,50.04070281982422,52.90999984741211,53.4900016784668,52.7400016784668,53.43000030517578,7215100,OKE_2,2010-03-15 to None
2023-11-20 00:00:00+00:00,50.33389663696289,53.220001220703125,53.41999816894531,52.5099983215332,52.79999923706055,4947400,OKE_2,2010-03-15 to None
2023-11-21 00:00:00+00:00,50.64599609375,53.54999923706055,53.619998931884766,52.790000915527344,53.0,5302100,OKE_2,2010-03-15 to None
2023-11-22 00:00:00+00:00,50.419010162353516,53.310001373291016,54.040000915527344,53.09000015258789,53.9900016784668,3993600,OKE_2,2010-03-15 to None
2023-11-24 00:00:00+00:00,50.98647689819336,53.90999984741211,53.970001220703125,53.11000061035156,53.2599983215332,2454200,OKE_2,2010-03-15 to None
2023-11-27 00:00:00+00:00,51.194549560546875,54.130001068115234,54.34000015258789,53.650001525878906,53.970001220703125,4751900,OKE_2,2010-03-15 to None
2023-11-28 00:00:00+00:00,50.891902923583984,53.810001373291016,54.45000076293945,53.77000045776367,53.939998626708984,6855800,OKE_2,2010-03-15 to None
2023-11-29 00:00:00+00:00,50.75949478149414,53.66999816894531,54.5,53.56999969482422,54.20000076293945,5561500,OKE_2,2010-03-15 to None
2023-11-30 00:00:00+00:00,51.27835464477539,53.959999084472656,54.11000061035156,53.150001525878906,53.630001068115234,10126200,OKE_2,2010-03-15 to None
2023-12-01 00:00:00+00:00,51.88655090332031,54.599998474121094,54.75,53.75,53.849998474121094,6196400,OKE_2,2010-03-15 to None
2023-12-04 00:00:00+00:00,52.770328521728516,55.529998779296875,55.66999816894531,54.40999984741211,54.40999984741211,7323500,OKE_2,2010-03-15 to None
2023-12-05 00:00:00+00:00,52.190643310546875,54.91999816894531,55.56999969482422,54.75,55.470001220703125,7666100,OKE_2,2010-03-15 to None
2023-12-06 00:00:00+00:00,51.9910888671875,54.709999084472656,56.45000076293945,54.70000076293945,55.83000183105469,11296300,OKE_2,2010-03-15 to None
2023-12-07 00:00:00+00:00,51.97207260131836,54.689998626708984,55.18000030517578,54.31999969482422,54.599998474121094,6195400,OKE_2,2010-03-15 to None
2023-12-08 00:00:00+00:00,51.183326721191406,53.86000061035156,54.56999969482422,53.560001373291016,54.29999923706055,6647200,OKE_2,2010-03-15 to None
2023-12-11 00:00:00+00:00,51.686988830566406,54.38999938964844,54.529998779296875,53.779998779296875,54.0,6461100,OKE_2,2010-03-15 to None
2023-12-12 00:00:00+00:00,51.77251434326172,54.47999954223633,54.630001068115234,53.959999084472656,54.439998626708984,5013300,OKE_2,2010-03-15 to None
2023-12-13 00:00:00+00:00,53.8061637878418,56.619998931884766,56.88999938964844,54.560001373291016,54.77000045776367,8882400,OKE_2,2010-03-15 to None
2023-12-14 00:00:00+00:00,54.946529388427734,57.81999969482422,58.2400016784668,57.45000076293945,57.5,11549500,OKE_2,2010-03-15 to None
2023-12-15 00:00:00+00:00,54.44286346435547,57.290000915527344,57.849998474121094,56.7400016784668,57.630001068115234,20181800,OKE_2,2010-03-15 to None
2023-12-18 00:00:00+00:00,53.70162582397461,56.5099983215332,57.4900016784668,56.4900016784668,57.400001525878906,8848800,OKE_2,2010-03-15 to None
2023-12-19 00:00:00+00:00,54.281307220458984,57.119998931884766,57.36000061035156,56.630001068115234,56.709999084472656,6198200,OKE_2,2010-03-15 to None
2023-12-20 00:00:00+00:00,53.88218307495117,56.70000076293945,57.720001220703125,56.68000030517578,57.11000061035156,5402900,OKE_2,2010-03-15 to None
2023-12-21 00:00:00+00:00,54.1292610168457,56.959999084472656,57.529998779296875,56.56999969482422,57.150001525878906,5859900,OKE_2,2010-03-15 to None
2023-12-22 00:00:00+00:00,54.062740325927734,56.88999938964844,57.650001525878906,56.83000183105469,57.20000076293945,5285000,OKE_2,2010-03-15 to None
2023-12-26 00:00:00+00:00,54.83249282836914,57.70000076293945,57.7400016784668,56.869998931884766,56.91999816894531,4212000,OKE_2,2010-03-15 to None
2023-12-27 00:00:00+00:00,55.117576599121094,58.0,58.02000045776367,57.58000183105469,57.79999923706055,5619600,OKE_2,2010-03-15 to None
2023-12-28 00:00:00+00:00,55.66875457763672,58.58000183105469,58.61000061035156,57.869998931884766,57.959999084472656,5243000,OKE_2,2010-03-15 to None
2023-12-29 00:00:00+00:00,54.80685043334961,57.41999816894531,58.119998931884766,57.400001525878906,58.0,6685900,OKE_2,2010-03-15 to None
2024-01-02 00:00:00+00:00,55.904510498046875,58.56999969482422,58.58000183105469,57.0099983215332,57.11000061035156,5815300,OKE_2,2010-03-15 to None
2024-01-03 00:00:00+00:00,55.102745056152344,57.72999954223633,58.2400016784668,57.2599983215332,58.13999938964844,5312500,OKE_2,2010-03-15 to None
2024-01-04 00:00:00+00:00,55.06455993652344,57.689998626708984,58.2400016784668,57.470001220703125,57.709999084472656,5107000,OKE_2,2010-03-15 to None
2024-01-05 00:00:00+00:00,55.284095764160156,57.91999816894531,58.060001373291016,57.150001525878906,57.470001220703125,3943500,OKE_2,2010-03-15 to None
2024-01-08 00:00:00+00:00,56.77309799194336,59.47999954223633,59.54999923706055,57.81999969482422,57.91999816894531,8842900,OKE_2,2010-03-15 to None
2024-01-09 00:00:00+00:00,56.59175109863281,59.290000915527344,59.83000183105469,58.90999984741211,59.13999938964844,7605900,OKE_2,2010-03-15 to None
2024-01-10 00:00:00+00:00,56.41993713378906,59.11000061035156,59.79999923706055,58.95000076293945,59.599998474121094,6719400,OKE_2,2010-03-15 to None
2024-01-11 00:00:00+00:00,56.57265853881836,59.27000045776367,59.43000030517578,58.400001525878906,58.97999954223633,6628800,OKE_2,2010-03-15 to None
2024-01-12 00:00:00+00:00,56.21949768066406,58.900001525878906,59.68000030517578,58.52000045776367,59.529998779296875,5890000,OKE_2,2010-03-15 to None
2024-01-16 00:00:00+00:00,55.684974670410156,58.34000015258789,58.900001525878906,58.20000076293945,58.630001068115234,5809000,OKE_2,2010-03-15 to None
2024-01-17 00:00:00+00:00,54.606407165527344,57.209999084472656,58.290000915527344,56.630001068115234,57.70000076293945,6658200,OKE_2,2010-03-15 to None
2024-01-18 00:00:00+00:00,53.56601333618164,56.119998931884766,57.36000061035156,55.810001373291016,57.15999984741211,7117800,OKE_2,2010-03-15 to None
2024-01-19 00:00:00+00:00,53.947811126708984,56.52000045776367,56.650001525878906,55.43000030517578,56.29999923706055,9215900,OKE_2,2010-03-15 to None
2024-01-22 00:00:00+00:00,53.05058670043945,55.58000183105469,57.369998931884766,55.33000183105469,56.630001068115234,45785700,OKE_2,2010-03-15 to None
2024-01-23 00:00:00+00:00,53.44192886352539,55.9900016784668,56.09000015258789,55.40999984741211,55.79999923706055,12145100,OKE_2,2010-03-15 to None
2024-01-24 00:00:00+00:00,52.48744201660156,54.9900016784668,56.86000061035156,54.95000076293945,56.650001525878906,8218600,OKE_2,2010-03-15 to None
2024-01-25 00:00:00+00:00,52.89786911010742,55.41999816894531,55.72999954223633,54.88999938964844,55.599998474121094,6945800,OKE_2,2010-03-15 to None
2024-01-26 00:00:00+00:00,52.468345642089844,54.970001220703125,55.65999984741211,54.95000076293945,55.58000183105469,5696200,OKE_2,2010-03-15 to None
2024-01-29 00:00:00+00:00,52.420623779296875,54.91999816894531,55.09000015258789,54.36000061035156,55.0,6329600,OKE_2,2010-03-15 to None
2024-01-30 00:00:00+00:00,52.66879653930664,55.18000030517578,55.7400016784668,54.40999984741211,54.720001220703125,8151000,OKE_2,2010-03-15 to None
2024-01-31 00:00:00+00:00,52.15767288208008,54.38999938964844,55.29999923706055,54.11000061035156,55.189998626708984,12325100,OKE_2,2010-03-15 to None
2024-02-01 00:00:00+00:00,52.98237609863281,55.25,55.25,53.83000183105469,54.4900016784668,6320800,OKE_2,2010-03-15 to None
2024-02-02 00:00:00+00:00,51.96587371826172,54.189998626708984,55.04999923706055,53.630001068115234,55.040000915527344,7479400,OKE_2,2010-03-15 to None
2024-02-05 00:00:00+00:00,50.48908233642578,52.650001525878906,53.61000061035156,52.61000061035156,53.540000915527344,9135600,OKE_2,2010-03-15 to None
2024-02-06 00:00:00+00:00,51.5439338684082,53.75,53.93000030517578,52.599998474121094,52.75,7198800,OKE_2,2010-03-15 to None
2024-02-07 00:00:00+00:00,51.169944763183594,53.36000061035156,53.88999938964844,53.290000915527344,53.75,4686700,OKE_2,2010-03-15 to None
2024-02-08 00:00:00+00:00,50.9781494140625,53.15999984741211,53.52000045776367,53.040000915527344,53.27000045776367,4484400,OKE_2,2010-03-15 to None
2024-02-09 00:00:00+00:00,50.59457015991211,52.7599983215332,53.2599983215332,52.27000045776367,53.029998779296875,6516500,OKE_2,2010-03-15 to None
2024-02-12 00:00:00+00:00,50.50826644897461,52.66999816894531,53.040000915527344,52.540000915527344,52.84000015258789,5069600,OKE_2,2010-03-15 to None
2024-02-13 00:00:00+00:00,49.405460357666016,51.52000045776367,51.79999923706055,51.189998626708984,51.7400016784668,9692900,OKE_2,2010-03-15 to None
2024-02-14 00:00:00+00:00,49.280792236328125,51.38999938964844,51.75,51.15999984741211,51.75,5923100,OKE_2,2010-03-15 to None
2024-02-15 00:00:00+00:00,49.884944915771484,52.02000045776367,52.38999938964844,51.709999084472656,51.81999969482422,5127100,OKE_2,2010-03-15 to None
2024-02-16 00:00:00+00:00,50.182220458984375,52.33000183105469,52.540000915527344,51.2599983215332,51.5,5665500,OKE_2,2010-03-15 to None
2024-02-20 00:00:00+00:00,50.31647491455078,52.470001220703125,52.650001525878906,51.959999084472656,52.459999084472656,6095700,OKE_2,2010-03-15 to None
2024-02-21 00:00:00+00:00,50.52743911743164,52.689998626708984,53.02000045776367,51.689998626708984,52.9900016784668,6532000,OKE_2,2010-03-15 to None
2024-02-22 00:00:00+00:00,50.652095794677734,52.81999969482422,52.959999084472656,52.41999816894531,52.66999816894531,5764000,OKE_2,2010-03-15 to None
2024-02-23 00:00:00+00:00,50.76717758178711,52.939998626708984,53.41999816894531,52.72999954223633,52.91999816894531,5181800,OKE_2,2010-03-15 to None
2024-02-26 00:00:00+00:00,50.33565139770508,52.4900016784668,53.119998931884766,52.16999816894531,53.02000045776367,5120200,OKE_2,2010-03-15 to None
2024-02-27 00:00:00+00:00,50.16304397583008,52.310001373291016,52.93000030517578,52.189998626708984,52.79999923706055,5966900,OKE_2,2010-03-15 to None
2024-02-28 00:00:00+00:00,49.884944915771484,52.02000045776367,52.29999923706055,51.7400016784668,52.189998626708984,7631100,OKE_2,2010-03-15 to None
2024-02-29 00:00:00+00:00,50.2193489074707,52.11000061035156,52.63999938964844,51.880001068115234,52.18000030517578,6753300,OKE_2,2010-03-15 to None
2024-03-01 00:00:00+00:00,50.344635009765625,52.2400016784668,52.27000045776367,50.900001525878906,52.0,8950500,OKE_2,2010-03-15 to None
2024-03-04 00:00:00+00:00,50.797576904296875,52.709999084472656,52.849998474121094,51.88999938964844,52.0099983215332,5170600,OKE_2,2010-03-15 to None
2024-03-05 00:00:00+00:00,50.35426712036133,52.25,52.86000061035156,52.06999969482422,52.650001525878906,5979500,OKE_2,2010-03-15 to None
2024-03-06 00:00:00+00:00,50.26753616333008,52.15999984741211,52.650001525878906,51.86000061035156,52.599998474121094,4927400,OKE_2,2010-03-15 to None
2024-03-07 00:00:00+00:00,50.344635009765625,52.2400016784668,52.59000015258789,52.02000045776367,52.40999984741211,4875600,OKE_2,2010-03-15 to None
2024-03-08 00:00:00+00:00,50.99032211303711,52.90999984741211,52.970001220703125,52.540000915527344,52.599998474121094,4965200,OKE_2,2010-03-15 to None
2024-03-11 00:00:00+00:00,51.163795471191406,53.09000015258789,53.4900016784668,52.790000915527344,52.88999938964844,4753800,OKE_2,2010-03-15 to None
2024-03-12 00:00:00+00:00,50.96141815185547,52.880001068115234,53.040000915527344,52.540000915527344,53.0,6964600,OKE_2,2010-03-15 to None
2024-03-13 00:00:00+00:00,50.3831787109375,52.279998779296875,53.33000183105469,52.189998626708984,52.970001220703125,7512600,OKE_2,2010-03-15 to None
2024-03-14 00:00:00+00:00,49.785675048828125,51.65999984741211,52.290000915527344,51.2400016784668,52.18000030517578,9746700,OKE_2,2010-03-15 to None
2024-03-15 00:00:00+00:00,50.29644775390625,52.189998626708984,52.310001373291016,51.040000915527344,51.15999984741211,10073400,OKE_2,2010-03-15 to None
2024-03-18 00:00:00+00:00,50.31572341918945,52.209999084472656,52.470001220703125,52.0,52.04999923706055,4781200,OKE_2,2010-03-15 to None
2024-03-19 00:00:00+00:00,50.20970916748047,52.099998474121094,52.400001525878906,51.81999969482422,52.25,5448500,OKE_2,2010-03-15 to None
2024-03-20 00:00:00+00:00,50.53737258911133,52.439998626708984,52.4900016784668,51.63999938964844,51.88999938964844,4058200,OKE_2,2010-03-15 to None
2024-03-21 00:00:00+00:00,50.58556365966797,52.4900016784668,52.88999938964844,52.20000076293945,52.65999984741211,5075700,OKE_2,2010-03-15 to None
2024-03-22 00:00:00+00:00,50.19043731689453,52.08000183105469,52.849998474121094,52.0,52.77000045776367,5773200,OKE_2,2010-03-15 to None
2024-03-25 00:00:00+00:00,50.27716827392578,52.16999816894531,52.58000183105469,51.970001220703125,52.2599983215332,6775300,OKE_2,2010-03-15 to None
2024-03-26 00:00:00+00:00,50.69157028198242,52.599998474121094,52.77000045776367,52.25,52.380001068115234,6484800,OKE_2,2010-03-15 to None
2024-03-27 00:00:00+00:00,51.81912612915039,53.77000045776367,53.77000045776367,52.86000061035156,53.0,9112000,OKE_2,2010-03-15 to None
2024-03-28 00:00:00+00:00,52.387542724609375,54.099998474121094,54.20000076293945,53.619998931884766,53.619998931884766,6318200,OKE_2,2010-03-15 to None
2024-04-01 00:00:00+00:00,51.76780319213867,53.459999084472656,54.04999923706055,53.400001525878906,54.0099983215332,4855900,OKE_2,2010-03-15 to None
2024-04-02 00:00:00+00:00,51.196475982666016,52.869998931884766,53.06999969482422,52.65999984741211,52.970001220703125,5107500,OKE_2,2010-03-15 to None
2024-04-03 00:00:00+00:00,51.099639892578125,52.77000045776367,52.970001220703125,52.540000915527344,52.84000015258789,4683600,OKE_2,2010-03-15 to None
2024-04-04 00:00:00+00:00,50.954383850097656,52.619998931884766,53.45000076293945,52.45000076293945,52.90999984741211,3923300,OKE_2,2010-03-15 to None
2024-04-05 00:00:00+00:00,51.33204650878906,53.0099983215332,53.15999984741211,51.970001220703125,52.189998626708984,4716600,OKE_2,2010-03-15 to None
2024-04-08 00:00:00+00:00,51.942100524902344,53.63999938964844,53.66999816894531,52.939998626708984,53.04999923706055,4006900,OKE_2,2010-03-15 to None
2024-04-09 00:00:00+00:00,52.65868377685547,54.380001068115234,54.38999938964844,53.70000076293945,53.7599983215332,3403300,OKE_2,2010-03-15 to None
2024-04-10 00:00:00+00:00,50.48957824707031,52.13999938964844,53.36000061035156,51.70000076293945,53.0099983215332,7578800,OKE_2,2010-03-15 to None
2024-04-11 00:00:00+00:00,50.586421966552734,52.2400016784668,52.7599983215332,52.099998474121094,52.459999084472656,5724500,OKE_2,2010-03-15 to None
2024-04-12 00:00:00+00:00,50.373382568359375,52.02000045776367,52.29999923706055,51.86000061035156,52.189998626708984,6408400,OKE_2,2010-03-15 to None
2024-04-15 00:00:00+00:00,50.015098571777344,51.650001525878906,52.349998474121094,51.349998474121094,52.29999923706055,6251800,OKE_2,2010-03-15 to None
2024-04-16 00:00:00+00:00,49.19200134277344,50.79999923706055,51.56999969482422,50.779998779296875,51.52000045776367,7121500,OKE_2,2010-03-15 to None
2024-04-17 00:00:00+00:00,49.65680694580078,51.279998779296875,51.54999923706055,50.650001525878906,50.810001373291016,5120700,OKE_2,2010-03-15 to None
2024-04-18 00:00:00+00:00,50.383060455322266,52.029998779296875,52.04999923706055,51.130001068115234,51.43000030517578,4961100,OKE_2,2010-03-15 to None
2024-04-19 00:00:00+00:00,51.36109924316406,53.040000915527344,53.15999984741211,52.18000030517578,52.189998626708984,6609000,OKE_2,2010-03-15 to None
2024-04-22 00:00:00+00:00,51.64191436767578,53.33000183105469,53.380001068115234,52.54999923706055,53.0,4182400,OKE_2,2010-03-15 to None
2024-04-23 00:00:00+00:00,51.700008392333984,53.38999938964844,53.58000183105469,53.11000061035156,53.22999954223633,6650900,OKE_2,2010-03-15 to None
2024-04-24 00:00:00+00:00,51.97114562988281,53.66999816894531,53.75,52.86000061035156,53.16999816894531,5340400,OKE_2,2010-03-15 to None
2024-04-25 00:00:00+00:00,52.09703826904297,53.79999923706055,53.90999984741211,52.880001068115234,53.029998779296875,4880800,OKE_2,2010-03-15 to None
2024-04-26 00:00:00+00:00,52.009883880615234,53.709999084472656,54.20000076293945,53.5099983215332,53.88999938964844,6861600,OKE_2,2010-03-15 to None
2024-04-29 00:00:00+00:00,52.59089660644531,54.310001373291016,54.540000915527344,53.93000030517578,54.0,6558900,OKE_2,2010-03-15 to None
2024-04-30 00:00:00+00:00,52.09177017211914,53.540000915527344,54.130001068115234,53.5099983215332,53.97999954223633,8569700,OKE_2,2010-03-15 to None
2024-05-01 00:00:00+00:00,52.46148681640625,53.91999816894531,54.540000915527344,53.34000015258789,53.369998931884766,5867900,OKE_2,2010-03-15 to None
2024-05-02 00:00:00+00:00,53.42470932006836,54.90999984741211,54.939998626708984,54.02000045776367,54.43000030517578,5897000,OKE_2,2010-03-15 to None
2024-05-03 00:00:00+00:00,53.76524353027344,55.2599983215332,55.75,54.86000061035156,55.400001525878906,9076600,OKE_2,2010-03-15 to None
2024-05-06 00:00:00+00:00,53.950103759765625,55.45000076293945,55.66999816894531,55.150001525878906,55.47999954223633,6845100,OKE_2,2010-03-15 to None
2024-05-07 00:00:00+00:00,53.531734466552734,55.02000045776367,55.59000015258789,54.86000061035156,55.31999969482422,6362200,OKE_2,2010-03-15 to None
2024-05-08 00:00:00+00:00,53.30795669555664,54.790000915527344,54.9900016784668,54.529998779296875,54.779998779296875,6602400,OKE_2,2010-03-15 to None
2024-05-09 00:00:00+00:00,53.15228271484375,54.630001068115234,55.060001373291016,54.279998779296875,55.0,6113300,OKE_2,2010-03-15 to None
2024-05-10 00:00:00+00:00,53.522003173828125,55.0099983215332,55.13999938964844,54.61000061035156,54.7400016784668,3859700,OKE_2,2010-03-15 to None
2024-05-13 00:00:00+00:00,53.473358154296875,54.959999084472656,55.4900016784668,54.84000015258789,55.45000076293945,3928200,OKE_2,2010-03-15 to None
2024-05-14 00:00:00+00:00,53.38579559326172,54.869998931884766,55.400001525878906,54.68000030517578,55.150001525878906,4898900,OKE_2,2010-03-15 to None
2024-05-15 00:00:00+00:00,53.61930465698242,55.11000061035156,55.52000045776367,54.97999954223633,55.290000915527344,6024400,OKE_2,2010-03-15 to None
2024-05-16 00:00:00+00:00,53.6971321105957,55.189998626708984,55.41999816894531,54.91999816894531,55.04999923706055,4198600,OKE_2,2010-03-15 to None
2024-05-17 00:00:00+00:00,53.63875961303711,55.130001068115234,55.290000915527344,54.880001068115234,55.290000915527344,4270900,OKE_2,2010-03-15 to None
2024-05-20 00:00:00+00:00,53.492820739746094,54.97999954223633,55.5,54.880001068115234,55.13999938964844,3913100,OKE_2,2010-03-15 to None
2024-05-21 00:00:00+00:00,53.590110778808594,55.08000183105469,55.5,54.959999084472656,54.97999954223633,3783200,OKE_2,2010-03-15 to None
2024-05-22 00:00:00+00:00,52.266902923583984,53.720001220703125,55.0,53.65999984741211,54.810001373291016,5760100,OKE_2,2010-03-15 to None
2024-05-23 00:00:00+00:00,50.89504623413086,52.310001373291016,53.72999954223633,52.279998779296875,53.720001220703125,5576000,OKE_2,2010-03-15 to None
2024-05-24 00:00:00+00:00,50.768558502197266,52.18000030517578,52.7599983215332,52.11000061035156,52.70000076293945,4656100,OKE_2,2010-03-15 to None
2024-05-28 00:00:00+00:00,50.17505645751953,51.56999969482422,53.06999969482422,51.529998779296875,52.599998474121094,6564900,OKE_2,2010-03-15 to None
2024-05-29 00:00:00+00:00,49.78588104248047,51.16999816894531,51.33000183105469,50.959999084472656,51.33000183105469,5639700,OKE_2,2010-03-15 to None
2024-05-30 00:00:00+00:00,50.35019302368164,51.75,52.099998474121094,51.540000915527344,51.540000915527344,6221200,OKE_2,2010-03-15 to None
2024-05-31 00:00:00+00:00,51.624755859375,53.060001373291016,53.150001525878906,51.720001220703125,51.849998474121094,9284200,OKE_2,2010-03-15 to None
2024-06-03 00:00:00+00:00,52.126365661621094,53.310001373291016,53.33000183105469,52.66999816894531,53.16999816894531,4398700,OKE_2,2010-03-15 to None
2024-06-04 00:00:00+00:00,53.22149658203125,54.43000030517578,54.650001525878906,53.20000076293945,53.20000076293945,5815900,OKE_2,2010-03-15 to None
2024-06-05 00:00:00+00:00,52.83037567138672,54.029998779296875,54.5099983215332,53.779998779296875,54.34000015258789,4729300,OKE_2,2010-03-15 to None
2024-06-06 00:00:00+00:00,53.055274963378906,54.2599983215332,54.369998931884766,53.560001373291016,53.79999923706055,3350700,OKE_2,2010-03-15 to None
2024-06-07 00:00:00+00:00,52.136138916015625,53.31999969482422,53.97999954223633,53.130001068115234,53.349998474121094,3968800,OKE_2,2010-03-15 to None
2024-06-10 00:00:00+00:00,51.5396842956543,52.709999084472656,53.209999084472656,52.380001068115234,53.08000183105469,4341200,OKE_2,2010-03-15 to None
2024-06-11 00:00:00+00:00,51.08012390136719,52.2400016784668,52.84000015258789,52.130001068115234,52.5,5218000,OKE_2,2010-03-15 to None
2024-06-12 00:00:00+00:00,51.5201301574707,52.689998626708984,53.45000076293945,52.619998931884766,53.279998779296875,4344300,OKE_2,2010-03-15 to None
2024-06-13 00:00:00+00:00,52.03836441040039,53.220001220703125,53.5,52.650001525878906,52.7400016784668,4314100,OKE_2,2010-03-15 to None
2024-06-14 00:00:00+00:00,52.185035705566406,53.369998931884766,53.459999084472656,53.0099983215332,53.06999969482422,3374700,OKE_2,2010-03-15 to None
2024-06-17 00:00:00+00:00,51.891693115234375,53.06999969482422,53.45000076293945,52.810001373291016,53.099998474121094,3624400,OKE_2,2010-03-15 to None
2024-06-18 00:00:00+00:00,51.921024322509766,53.099998474121094,53.599998474121094,52.91999816894531,53.279998779296875,3597700,OKE_2,2010-03-15 to None
2024-06-20 00:00:00+00:00,51.83302307128906,53.0099983215332,53.220001220703125,52.68000030517578,52.90999984741211,4471000,OKE_2,2010-03-15 to None
2024-06-21 00:00:00+00:00,51.96991729736328,53.150001525878906,53.220001220703125,52.779998779296875,53.0099983215332,16277800,OKE_2,2010-03-15 to None
2024-06-24 00:00:00+00:00,52.44903564453125,53.63999938964844,54.150001525878906,53.02000045776367,53.150001525878906,4265500,OKE_2,2010-03-15 to None
2024-06-25 00:00:00+00:00,51.74502182006836,52.91999816894531,53.72999954223633,52.7400016784668,53.599998474121094,5556100,OKE_2,2010-03-15 to None
2024-06-26 00:00:00+00:00,51.51035690307617,52.68000030517578,52.90999984741211,52.43000030517578,52.65999984741211,4776800,OKE_2,2010-03-15 to None
2024-06-27 00:00:00+00:00,51.26590347290039,52.43000030517578,52.689998626708984,51.869998931884766,52.68000030517578,6201700,OKE_2,2010-03-15 to None
2024-06-28 00:00:00+00:00,51.64724349975586,52.81999969482422,52.86000061035156,52.130001068115234,52.709999084472656,8379400,OKE_2,2010-03-15 to None
2024-07-01 00:00:00+00:00,51.45365524291992,52.36000061035156,52.619998931884766,51.810001373291016,52.36000061035156,4417400,OKE_2,2010-03-15 to None
2024-07-02 00:00:00+00:00,51.52244186401367,52.43000030517578,52.68000030517578,52.290000915527344,52.349998474121094,4590200,OKE_2,2010-03-15 to None
2024-07-03 00:00:00+00:00,51.54209899902344,52.45000076293945,52.83000183105469,52.31999969482422,52.56999969482422,2125700,OKE_2,2010-03-15 to None
2024-07-05 00:00:00+00:00,52.171016693115234,53.09000015258789,53.150001525878906,52.380001068115234,52.689998626708984,3378500,OKE_2,2010-03-15 to None
2024-07-08 00:00:00+00:00,52.239810943603516,53.15999984741211,53.22999954223633,52.72999954223633,53.040000915527344,5347700,OKE_2,2010-03-15 to None
2024-07-09 00:00:00+00:00,51.84672927856445,52.7599983215332,53.150001525878906,52.61000061035156,53.099998474121094,3617300,OKE_2,2010-03-15 to None
2024-07-10 00:00:00+00:00,52.65253829956055,53.58000183105469,53.630001068115234,52.81999969482422,52.959999084472656,3279400,OKE_2,2010-03-15 to None
2024-07-11 00:00:00+00:00,54.04795837402344,55.0,55.45000076293945,54.08000183105469,54.130001068115234,5896000,OKE_2,2010-03-15 to None
2024-07-12 00:00:00+00:00,54.78497314453125,55.75,56.02000045776367,55.27000045776367,55.310001373291016,5273800,OKE_2,2010-03-15 to None
2024-07-15 00:00:00+00:00,55.010990142822266,55.97999954223633,56.18000030517578,55.63999938964844,55.93000030517578,4621500,OKE_2,2010-03-15 to None
2024-07-16 00:00:00+00:00,55.39424133300781,56.369998931884766,56.41999816894531,55.849998474121094,56.130001068115234,5127600,OKE_2,2010-03-15 to None
2024-07-17 00:00:00+00:00,56.63243103027344,57.630001068115234,57.7400016784668,56.400001525878906,56.400001525878906,5270200,OKE_2,2010-03-15 to None
2024-07-18 00:00:00+00:00,56.73069763183594,57.72999954223633,58.56999969482422,57.2599983215332,57.34000015258789,4518500,OKE_2,2010-03-15 to None
2024-07-19 00:00:00+00:00,56.58330154418945,57.58000183105469,57.779998779296875,57.189998626708984,57.66999816894531,3722300,OKE_2,2010-03-15 to None
2024-07-22 00:00:00+00:00,56.56364822387695,57.560001373291016,57.65999984741211,56.95000076293945,57.40999984741211,4000800,OKE_2,2010-03-15 to None
2024-07-23 00:00:00+00:00,56.49485397338867,57.4900016784668,57.81999969482422,57.130001068115234,57.2599983215332,3275400,OKE_2,2010-03-15 to None
2024-07-24 00:00:00+00:00,56.26883316040039,57.2599983215332,57.939998626708984,57.13999938964844,57.4900016784668,4860000,OKE_2,2010-03-15 to None
2024-07-25 00:00:00+00:00,56.36710739135742,57.36000061035156,58.18000030517578,57.119998931884766,57.459999084472656,4755000,OKE_2,2010-03-15 to None
2024-07-26 00:00:00+00:00,57.064815521240234,58.06999969482422,58.279998779296875,57.40999984741211,57.619998931884766,3138600,OKE_2,2010-03-15 to None
2024-07-29 00:00:00+00:00,57.202392578125,58.209999084472656,58.33000183105469,57.66999816894531,58.18000030517578,2744900,OKE_2,2010-03-15 to None
2024-07-30 00:00:00+00:00,57.359622955322266,58.369998931884766,58.529998779296875,58.11000061035156,58.2599983215332,4091500,OKE_2,2010-03-15 to None
2024-07-31 00:00:00+00:00,56.435890197753906,57.43000030517578,58.290000915527344,57.349998474121094,58.2599983215332,7681900,OKE_2,2010-03-15 to None
2024-08-01 00:00:00+00:00,57.26810836791992,58.0099983215332,58.060001373291016,57.4900016784668,57.63999938964844,5966600,OKE_2,2010-03-15 to None
2024-08-02 00:00:00+00:00,58.56135940551758,59.31999969482422,59.439998626708984,57.650001525878906,57.650001525878906,8459400,OKE_2,2010-03-15 to None
2024-08-05 00:00:00+00:00,58.423152923583984,59.18000030517578,59.959999084472656,56.880001068115234,56.880001068115234,12166900,OKE_2,2010-03-15 to None
2024-08-06 00:00:00+00:00,59.66703414916992,60.439998626708984,61.349998474121094,58.560001373291016,58.880001068115234,9104700,OKE_2,2010-03-15 to None
2024-08-07 00:00:00+00:00,59.50907897949219,60.279998779296875,61.599998474121094,60.27000045776367,60.45000076293945,7729800,OKE_2,2010-03-15 to None
2024-08-08 00:00:00+00:00,59.44984817504883,60.220001220703125,60.40999984741211,59.560001373291016,60.34000015258789,6671700,OKE_2,2010-03-15 to None
2024-08-09 00:00:00+00:00,59.795372009277344,60.56999969482422,60.68000030517578,59.91999816894531,60.5,3374900,OKE_2,2010-03-15 to None
2024-08-12 00:00:00+00:00,59.538700103759766,60.310001373291016,60.380001068115234,59.7400016784668,60.31999969482422,4391100,OKE_2,2010-03-15 to None
2024-08-13 00:00:00+00:00,59.538700103759766,60.310001373291016,60.97999954223633,60.11000061035156,60.83000183105469,4228400,OKE_2,2010-03-15 to None
2024-08-14 00:00:00+00:00,59.3906135559082,60.15999984741211,60.45000076293945,59.970001220703125,60.380001068115234,4208100,OKE_2,2010-03-15 to None
2024-08-15 00:00:00+00:00,58.94636535644531,59.709999084472656,59.939998626708984,59.40999984741211,59.880001068115234,5586400,OKE_2,2010-03-15 to None
2024-08-16 00:00:00+00:00,59.282020568847656,60.04999923706055,60.20000076293945,59.630001068115234,59.77000045776367,6572900,OKE_2,2010-03-15 to None
2024-08-19 00:00:00+00:00,60.0816650390625,60.86000061035156,60.900001525878906,60.029998779296875,60.040000915527344,2664600,OKE_2,2010-03-15 to None
2024-08-20 00:00:00+00:00,59.78550338745117,60.560001373291016,61.029998779296875,60.290000915527344,60.86000061035156,3163600,OKE_2,2010-03-15 to None
2024-08-21 00:00:00+00:00,60.1507682800293,60.93000030517578,60.959999084472656,60.189998626708984,60.59000015258789,3305400,OKE_2,2010-03-15 to None
2024-08-22 00:00:00+00:00,59.72626495361328,60.5,60.9900016784668,60.34000015258789,60.93000030517578,3413200,OKE_2,2010-03-15 to None
2024-08-23 00:00:00+00:00,60.30872344970703,61.09000015258789,61.290000915527344,60.619998931884766,60.709999084472656,4245700,OKE_2,2010-03-15 to None
2024-08-26 00:00:00+00:00,60.98002243041992,61.77000045776367,61.9900016784668,61.38999938964844,61.47999954223633,3406700,OKE_2,2010-03-15 to None
2024-08-27 00:00:00+00:00,61.355167388916016,62.150001525878906,62.27000045776367,61.4900016784668,61.61000061035156,3495200,OKE_2,2010-03-15 to None
2024-08-28 00:00:00+00:00,61.19721221923828,61.9900016784668,62.40999984741211,61.560001373291016,62.29999923706055,3306900,OKE_2,2010-03-15 to None
2024-08-29 00:00:00+00:00,60.61476135253906,61.400001525878906,62.08000183105469,60.97999954223633,61.970001220703125,3680100,OKE_2,2010-03-15 to None
2024-08-30 00:00:00+00:00,61.315677642822266,62.11000061035156,62.22999954223633,61.52000045776367,61.540000915527344,5700000,OKE_2,2010-03-15 to None
2024-09-03 00:00:00+00:00,61.744956970214844,62.279998779296875,62.61000061035156,61.52000045776367,61.630001068115234,4818200,OKE_2,2010-03-15 to None
2024-09-04 00:00:00+00:00,62.1712646484375,62.709999084472656,62.88999938964844,62.279998779296875,62.279998779296875,4034600,OKE_2,2010-03-15 to None
2024-09-05 00:00:00+00:00,61.79452896118164,62.33000183105469,63.38999938964844,62.130001068115234,63.20000076293945,4743300,OKE_2,2010-03-15 to None
2024-09-06 00:00:00+00:00,61.863929748535156,62.400001525878906,62.66999816894531,61.779998779296875,62.380001068115234,4567200,OKE_2,2010-03-15 to None
2024-09-09 00:00:00+00:00,62.319976806640625,62.86000061035156,62.970001220703125,62.04999923706055,62.11000061035156,4479100,OKE_2,2010-03-15 to None
2024-09-10 00:00:00+00:00,62.270408630371094,62.810001373291016,63.099998474121094,62.58000183105469,63.0099983215332,2556000,OKE_2,2010-03-15 to None
2024-09-11 00:00:00+00:00,62.07212448120117,62.61000061035156,62.70000076293945,61.900001525878906,62.349998474121094,2988400,OKE_2,2010-03-15 to None
2024-09-12 00:00:00+00:00,61.87384033203125,62.40999984741211,62.790000915527344,61.95000076293945,62.61000061035156,2789100,OKE_2,2010-03-15 to None
2024-09-13 00:00:00+00:00,62.1712646484375,62.709999084472656,62.900001525878906,62.09000015258789,62.81999969482422,3506300,OKE_2,2010-03-15 to None
2024-09-16 00:00:00+00:00,62.14152145385742,62.68000030517578,63.22999954223633,62.58000183105469,62.97999954223633,3164100,OKE_2,2010-03-15 to None
2024-09-17 00:00:00+00:00,61.953155517578125,62.4900016784668,63.13999938964844,62.47999954223633,62.7599983215332,3639700,OKE_2,2010-03-15 to None
2024-09-18 00:00:00+00:00,61.655731201171875,62.189998626708984,63.22999954223633,61.88999938964844,62.540000915527344,4640800,OKE_2,2010-03-15 to None
2024-09-19 00:00:00+00:00,60.178531646728516,60.70000076293945,62.099998474121094,60.41999816894531,61.95000076293945,7228500,OKE_2,2010-03-15 to None
2024-09-20 00:00:00+00:00,61.10054397583008,61.630001068115234,61.7599983215332,60.439998626708984,60.560001373291016,12378400,OKE_2,2010-03-15 to None
2024-09-23 00:00:00+00:00,61.78461456298828,62.31999969482422,62.4900016784668,61.849998474121094,62.0,4122900,OKE_2,2010-03-15 to None
2024-09-24 00:00:00+00:00,62.022552490234375,62.560001373291016,62.900001525878906,61.72999954223633,62.0099983215332,5128700,OKE_2,2010-03-15 to None
2024-09-25 00:00:00+00:00,62.101863861083984,62.63999938964844,62.880001068115234,62.29999923706055,62.709999084472656,5233600,OKE_2,2010-03-15 to None
2024-09-26 00:00:00+00:00,61.943241119384766,62.47999954223633,63.0,62.18000030517578,62.4900016784668,4229700,OKE_2,2010-03-15 to None
2024-09-27 00:00:00+00:00,62.19109344482422,62.72999954223633,63.27000045776367,62.540000915527344,62.810001373291016,4304800,OKE_2,2010-03-15 to None
2024-09-30 00:00:00+00:00,62.87516403198242,63.41999816894531,63.4900016784668,62.5099983215332,62.900001525878906,7133400,OKE_2,2010-03-15 to None
2024-10-01 00:00:00+00:00,62.7198600769043,63.0,63.61000061035156,62.7599983215332,63.33000183105469,5380900,OKE_2,2010-03-15 to None
2024-10-02 00:00:00+00:00,62.14243698120117,62.41999816894531,62.81999969482422,62.0099983215332,62.529998779296875,4326300,OKE_2,2010-03-15 to None
2024-10-03 00:00:00+00:00,62.122528076171875,62.400001525878906,62.5099983215332,61.790000915527344,62.29999923706055,3617200,OKE_2,2010-03-15 to None
2024-10-04 00:00:00+00:00,61.73426055908203,62.0099983215332,62.56999969482422,61.16999816894531,61.619998931884766,5249000,OKE_2,2010-03-15 to None
2024-10-07 00:00:00+00:00,61.39577102661133,61.66999816894531,61.869998931884766,61.459999084472656,61.869998931884766,4015400,OKE_2,2010-03-15 to None
2024-10-08 00:00:00+00:00,61.23648452758789,61.5099983215332,61.95000076293945,61.099998474121094,61.779998779296875,4442500,OKE_2,2010-03-15 to None
2024-10-09 00:00:00+00:00,61.535152435302734,61.810001373291016,61.91999816894531,61.310001373291016,61.47999954223633,3132800,OKE_2,2010-03-15 to None
2024-10-10 00:00:00+00:00,61.19666290283203,61.470001220703125,62.27000045776367,61.16999816894531,61.79999923706055,3184800,OKE_2,2010-03-15 to None
2024-10-11 00:00:00+00:00,61.47541809082031,61.75,62.02000045776367,61.5,61.72999954223633,2913800,OKE_2,2010-03-15 to None
2024-10-14 00:00:00+00:00,61.83381652832031,62.11000061035156,62.33000183105469,61.529998779296875,61.72999954223633,3132300,OKE_2,2010-03-15 to None
2024-10-15 00:00:00+00:00,63.0782585144043,63.36000061035156,63.7400016784668,62.36000061035156,62.4900016784668,3863200,OKE_2,2010-03-15 to None
2024-10-16 00:00:00+00:00,63.944393157958984,64.2300033569336,64.30000305175781,63.38999938964844,63.41999816894531,3616900,OKE_2,2010-03-15 to None
2024-10-17 00:00:00+00:00,63.67559051513672,63.959999084472656,64.0999984741211,63.43000030517578,63.84000015258789,3450800,OKE_2,2010-03-15 to None
2024-10-18 00:00:00+00:00,64.42225646972656,64.70999908447266,64.7699966430664,63.619998931884766,64.0,3406700,OKE_2,2010-03-15 to None
2024-10-21 00:00:00+00:00,63.50634765625,63.790000915527344,64.87999725341797,63.75,64.54000091552734,3301000,OKE_2,2010-03-15 to None
2024-10-22 00:00:00+00:00,63.40678787231445,63.689998626708984,63.95000076293945,63.439998626708984,63.58000183105469,2840000,OKE_2,2010-03-15 to None
2024-10-23 00:00:00+00:00,63.954341888427734,64.23999786376953,64.41999816894531,63.599998474121094,63.599998474121094,4232900,OKE_2,2010-03-15 to None
2024-10-24 00:00:00+00:00,63.028480529785156,63.310001373291016,64.68000030517578,63.290000915527344,64.1500015258789,3841100,OKE_2,2010-03-15 to None
2024-10-25 00:00:00+00:00,61.037376403808594,61.310001373291016,63.290000915527344,61.209999084472656,63.209999084472656,5994200,OKE_2,2010-03-15 to None
2024-10-28 00:00:00+00:00,61.01746368408203,61.290000915527344,62.11000061035156,61.18000030517578,61.810001373291016,4605000,OKE_2,2010-03-15 to None
2024-10-29 00:00:00+00:00,60.14137649536133,60.40999984741211,61.34000015258789,60.400001525878906,61.11000061035156,5174300,OKE_2,2010-03-15 to None
2024-10-30 00:00:00+00:00,60.211063385009766,60.47999954223633,61.0,60.29999923706055,60.52000045776367,4564700,OKE_2,2010-03-15 to None
2024-10-31 00:00:00+00:00,59.10599899291992,59.369998931884766,60.400001525878906,59.31999969482422,60.25,9170600,OKE_2,2010-03-15 to None
2024-11-01 00:00:00+00:00,58.880001068115234,58.880001068115234,59.83000183105469,58.81999969482422,59.40999984741211,4615700,OKE_2,2010-03-15 to None
2024-11-04 00:00:00+00:00,59.290000915527344,59.290000915527344,60.04999923706055,58.90999984741211,58.9900016784668,4691600,OKE_2,2010-03-15 to None
2024-11-05 00:00:00+00:00,58.81999969482422,58.81999969482422,59.0099983215332,57.91999816894531,59.0,5515400,OKE_2,2010-03-15 to None
2024-11-06 00:00:00+00:00,57.0,57.0,58.2400016784668,56.0,58.2400016784668,11418200,OKE_2,2010-03-15 to None
2024-11-07 00:00:00+00:00,56.380001068115234,56.380001068115234,57.33000183105469,56.2599983215332,57.27000045776367,7303100,OKE_2,2010-03-15 to None
2024-11-08 00:00:00+00:00,57.5099983215332,57.5099983215332,57.709999084472656,56.70000076293945,56.79999923706055,5576600,OKE_2,2010-03-15 to None
2024-11-11 00:00:00+00:00,57.650001525878906,57.650001525878906,58.650001525878906,57.47999954223633,57.52000045776367,5228100,OKE_2,2010-03-15 to None
2024-11-12 00:00:00+00:00,57.02000045776367,57.02000045776367,57.650001525878906,56.97999954223633,57.400001525878906,3675500,OKE_2,2010-03-15 to None
2024-11-13 00:00:00+00:00,56.900001525878906,56.900001525878906,57.59000015258789,56.619998931884766,57.45000076293945,3792000,OKE_2,2010-03-15 to None
2024-11-14 00:00:00+00:00,56.06999969482422,56.06999969482422,56.84000015258789,55.880001068115234,56.84000015258789,5115100,OKE_2,2010-03-15 to None
2024-11-15 00:00:00+00:00,56.540000915527344,56.540000915527344,56.619998931884766,55.95000076293945,56.08000183105469,7983200,OKE_2,2010-03-15 to None
